<TICKER>,<PER>,<DATE>,<TIME>,<OPEN>,<HIGH>,<LOW>,<CLOSE>,<VOL>,<OPENINT>
AIA.US,5,20230522,153000,59.62,59.78,59.62,59.78,2541,0
AIA.US,5,20230522,153500,59.81,59.86,59.81,59.86,800,0
AIA.US,5,20230522,154000,59.89,59.92,59.89,59.92,1100,0
AIA.US,5,20230522,154500,59.93,59.94,59.93,59.94,500,0
AIA.US,5,20230522,155000,59.94,59.94,59.94,59.94,300,0
AIA.US,5,20230522,162500,59.77,59.78,59.77,59.78,200,0
AIA.US,5,20230522,163000,59.81,59.81,59.81,59.81,200,0
AIA.US,5,20230522,163500,59.8,59.81,59.8,59.81,400,0
AIA.US,5,20230522,164000,59.79,59.82,59.79,59.81,1500,0
AIA.US,5,20230522,164500,59.81,59.84,59.81,59.84,1100,0
AIA.US,5,20230522,165000,59.845,59.845,59.845,59.845,254,0
AIA.US,5,20230522,170000,59.83,59.87,59.83,59.87,1100,0
AIA.US,5,20230522,170500,59.8699,59.8699,59.8699,59.8699,420,0
AIA.US,5,20230522,171000,59.79,59.79,59.79,59.79,113,0
AIA.US,5,20230522,174500,59.64,59.64,59.64,59.64,100,0
AIA.US,5,20230522,175000,59.66,59.66,59.66,59.66,200,0
AIA.US,5,20230522,180500,59.7,59.7,59.7,59.7,100,0
AIA.US,5,20230522,182500,59.725,59.725,59.725,59.725,563,0
AIA.US,5,20230522,183000,59.7156,59.72,59.7156,59.72,899,0
AIA.US,5,20230522,184000,59.74,59.74,59.74,59.74,100,0
AIA.US,5,20230522,184500,59.7,59.7,59.7,59.7,418,0
AIA.US,5,20230522,185000,59.74,59.7642,59.74,59.7642,767,0
AIA.US,5,20230522,185500,59.74,59.76,59.74,59.76,400,0
AIA.US,5,20230522,190000,59.7104,59.7104,59.7104,59.7104,142,0
AIA.US,5,20230522,191500,59.76,59.76,59.76,59.76,500,0
AIA.US,5,20230522,193500,59.776,59.776,59.7545,59.7545,200,0
AIA.US,5,20230522,194500,59.75,59.75,59.75,59.75,100,0
AIA.US,5,20230522,195000,59.72,59.72,59.72,59.72,126,0
AIA.US,5,20230522,195500,59.78,59.78,59.78,59.78,100,0
AIA.US,5,20230522,200500,59.775,59.79,59.775,59.775,400,0
AIA.US,5,20230522,201000,59.775,59.79,59.77,59.78,1613,0
AIA.US,5,20230522,202500,59.77,59.77,59.77,59.77,100,0
AIA.US,5,20230522,203500,59.77,59.77,59.77,59.77,799,0
AIA.US,5,20230522,204000,59.8,59.8,59.7999,59.7999,1029,0
AIA.US,5,20230522,205000,59.869,59.869,59.78,59.86,370,0
AIA.US,5,20230522,213000,59.83,59.83,59.83,59.83,100,0
AIA.US,5,20230522,215000,59.7,59.7232,59.7,59.7232,400,0
AIA.US,5,20230522,215500,59.779,59.78,59.68,59.68,3602,0
AIA.US,5,20230523,153000,58.96,58.96,58.95,58.95,683,0
AIA.US,5,20230523,153500,58.99,58.99,58.99,58.99,495,0
AIA.US,5,20230523,154500,58.93,58.93,58.92,58.92,600,0
AIA.US,5,20230523,155500,59,59,59,59,1200,0
AIA.US,5,20230523,162500,59.09,59.09,59.09,59.09,100,0
AIA.US,5,20230523,163500,59.1015,59.1015,59.1015,59.1015,108,0
AIA.US,5,20230523,170500,59.04,59.04,59.03,59.03,800,0
AIA.US,5,20230523,171000,59.045,59.07,59.045,59.07,684,0
AIA.US,5,20230523,172000,59.0101,59.02,59.0101,59.02,850,0
AIA.US,5,20230523,172500,59.05,59.06,59.05,59.06,771,0
AIA.US,5,20230523,173500,58.9869,58.9869,58.9869,58.9869,187,0
AIA.US,5,20230523,175500,59.04,59.04,59.04,59.04,235,0
AIA.US,5,20230523,184500,58.85,58.85,58.825,58.825,434,0
AIA.US,5,20230523,185500,58.82,58.82,58.82,58.82,100,0
AIA.US,5,20230523,191500,58.8651,58.8651,58.8651,58.8651,353,0
AIA.US,5,20230523,192500,58.8468,58.8468,58.835,58.835,1067,0
AIA.US,5,20230523,200000,58.7899,58.7899,58.7696,58.7696,2019,0
AIA.US,5,20230523,203000,58.63,58.65,58.63,58.65,200,0
AIA.US,5,20230523,203500,58.6,58.6,58.59,58.59,300,0
AIA.US,5,20230523,204000,58.59,58.59,58.59,58.59,200,0
AIA.US,5,20230523,204500,58.59,58.62,58.57,58.58,600,0
AIA.US,5,20230523,205000,58.56,58.645,58.56,58.645,1300,0
AIA.US,5,20230523,205500,58.59,58.59,58.59,58.59,100,0
AIA.US,5,20230523,210000,58.6,58.6,58.56,58.56,500,0
AIA.US,5,20230523,210500,58.56,58.6,58.55,58.55,600,0
AIA.US,5,20230523,211500,58.5251,58.5794,58.5251,58.5794,203,0
AIA.US,5,20230523,212500,58.56,58.56,58.52,58.52,226,0
AIA.US,5,20230523,213000,58.54,58.54,58.54,58.54,100,0
AIA.US,5,20230523,213500,58.54,58.545,58.54,58.545,400,0
AIA.US,5,20230523,214000,58.5299,58.5299,58.5067,58.5067,257,0
AIA.US,5,20230523,214500,58.4815,58.4815,58.4815,58.4815,203,0
AIA.US,5,20230523,215000,58.4901,58.4901,58.4901,58.4901,105,0
AIA.US,5,20230523,215500,58.46,58.48,58.38,58.38,4105,0
AIA.US,5,20230524,153000,58.23,58.23,58.23,58.23,190,0
AIA.US,5,20230524,153500,58.24,58.24,58.24,58.24,100,0
AIA.US,5,20230524,154000,58.29,58.29,58.29,58.29,500,0
AIA.US,5,20230524,160500,58.03,58.03,58.03,58.03,100,0
AIA.US,5,20230524,162500,57.954,57.954,57.954,57.954,100,0
AIA.US,5,20230524,164000,57.92,57.92,57.92,57.92,100,0
AIA.US,5,20230524,165000,57.91,57.91,57.88,57.88,200,0
AIA.US,5,20230524,171000,57.92,57.92,57.92,57.92,700,0
AIA.US,5,20230524,172000,57.94,57.96,57.94,57.96,386,0
AIA.US,5,20230524,172500,58.0004,58.0004,58.0004,58.0004,106,0
AIA.US,5,20230524,173000,57.9789,57.9789,57.9789,57.9789,139,0
AIA.US,5,20230524,173500,58.01,58.01,58.01,58.01,100,0
AIA.US,5,20230524,180500,57.96,57.96,57.96,57.96,100,0
AIA.US,5,20230524,182000,57.93,57.93,57.93,57.93,200,0
AIA.US,5,20230524,183000,57.9,57.9,57.9,57.9,100,0
AIA.US,5,20230524,184500,57.9499,57.9499,57.9499,57.9499,125,0
AIA.US,5,20230524,185500,57.92,57.92,57.92,57.92,100,0
AIA.US,5,20230524,190500,57.95,57.95,57.95,57.95,152,0
AIA.US,5,20230524,191000,57.95,57.95,57.95,57.95,101,0
AIA.US,5,20230524,192000,57.93,57.93,57.93,57.93,500,0
AIA.US,5,20230524,200000,57.925,57.925,57.925,57.925,431,0
AIA.US,5,20230524,201000,57.882,57.882,57.882,57.882,1300,0
AIA.US,5,20230524,201500,57.94,57.94,57.94,57.94,500,0
AIA.US,5,20230524,203000,57.895,57.91,57.86,57.86,800,0
AIA.US,5,20230524,203500,57.895,57.895,57.8501,57.886,540,0
AIA.US,5,20230524,204000,57.9,57.9,57.9,57.9,209,0
AIA.US,5,20230524,204500,57.9,57.905,57.9,57.905,524,0
AIA.US,5,20230524,205000,57.9348,57.9348,57.9348,57.9348,190,0
AIA.US,5,20230524,211000,57.87,57.87,57.87,57.87,100,0
AIA.US,5,20230524,211500,57.93,57.93,57.93,57.93,100,0
AIA.US,5,20230524,212000,57.96,57.96,57.96,57.96,200,0
AIA.US,5,20230524,213500,57.98,57.98,57.98,57.98,100,0
AIA.US,5,20230524,215000,57.94,57.94,57.94,57.94,200,0
AIA.US,5,20230524,215500,57.88,57.88,57.88,57.88,361,0
AIA.US,5,20230525,153000,58.18,58.3,58.08,58.08,3182,0
AIA.US,5,20230525,154500,58.15,58.15,58.15,58.15,200,0
AIA.US,5,20230525,155000,58.19,58.19,58.1,58.135,1616,0
AIA.US,5,20230525,155500,58.27,58.27,58.27,58.27,100,0
AIA.US,5,20230525,160000,58.21,58.21,58.17,58.17,405,0
AIA.US,5,20230525,160500,58.1,58.1,58,58.07,2260,0
AIA.US,5,20230525,161000,58.1322,58.1322,58.1322,58.1322,167,0
AIA.US,5,20230525,163500,58.1,58.1,58.1,58.1,800,0
AIA.US,5,20230525,165500,58.19,58.19,58.19,58.19,700,0
AIA.US,5,20230525,170500,58.16,58.16,58.16,58.16,400,0
AIA.US,5,20230525,172500,58.12,58.12,58.11,58.11,300,0
AIA.US,5,20230525,173000,58.03,58.0357,58.03,58.0357,1000,0
AIA.US,5,20230525,173500,57.96,57.96,57.92,57.92,700,0
AIA.US,5,20230525,174000,57.88,57.88,57.86,57.87,400,0
AIA.US,5,20230525,174500,57.83,57.91,57.82,57.91,700,0
AIA.US,5,20230525,175500,57.9,57.9,57.9,57.9,100,0
AIA.US,5,20230525,180000,57.9,57.9189,57.9,57.9189,509,0
AIA.US,5,20230525,180500,57.92,57.92,57.92,57.92,100,0
AIA.US,5,20230525,181500,57.98,57.98,57.98,57.98,600,0
AIA.US,5,20230525,182000,57.96,57.96,57.96,57.96,100,0
AIA.US,5,20230525,183000,57.98,57.98,57.98,57.98,100,0
AIA.US,5,20230525,183500,57.99,57.99,57.99,57.99,500,0
AIA.US,5,20230525,185500,57.99,57.99,57.99,57.99,400,0
AIA.US,5,20230525,190000,57.91,57.91,57.9,57.9,500,0
AIA.US,5,20230525,190500,57.9,57.9,57.9,57.9,100,0
AIA.US,5,20230525,191000,57.906,57.906,57.906,57.906,680,0
AIA.US,5,20230525,191500,57.96,57.96,57.96,57.96,100,0
AIA.US,5,20230525,193000,58.08,58.08,58.08,58.08,700,0
AIA.US,5,20230525,195000,58.005,58.005,57.99,57.99,300,0
AIA.US,5,20230525,200000,58.11,58.11,58.11,58.11,400,0
AIA.US,5,20230525,200500,58.04,58.05,58,58,300,0
AIA.US,5,20230525,201000,58.0131,58.0131,58.0131,58.0131,455,0
AIA.US,5,20230525,201500,58.05,58.06,58.05,58.06,200,0
AIA.US,5,20230525,202500,58.08,58.08,58.08,58.08,400,0
AIA.US,5,20230525,203000,58.02,58.02,57.98,57.98,500,0
AIA.US,5,20230525,203500,57.97,57.97,57.97,57.97,923,0
AIA.US,5,20230525,204000,57.9882,57.9882,57.93,57.93,1279,0
AIA.US,5,20230525,204500,57.93,57.93,57.9,57.9,2300,0
AIA.US,5,20230525,205000,57.93,57.93,57.93,57.93,200,0
AIA.US,5,20230525,205500,57.93,57.93,57.93,57.93,500,0
AIA.US,5,20230525,210000,57.97,57.97,57.97,57.97,300,0
AIA.US,5,20230525,210500,58,58.02,58,58.02,200,0
AIA.US,5,20230525,211000,58.05,58.05,58.05,58.05,300,0
AIA.US,5,20230525,211500,58.06,58.06,57.9866,58.03,562,0
AIA.US,5,20230525,212000,58.03,58.04,58.03,58.04,200,0
AIA.US,5,20230525,212500,58.04,58.07,58.04,58.07,600,0
AIA.US,5,20230525,213000,58.08,58.08,58.06,58.06,200,0
AIA.US,5,20230525,213500,58.06,58.06,58.06,58.06,300,0
AIA.US,5,20230525,214000,58.06,58.07,58.06,58.07,500,0
AIA.US,5,20230525,214500,58.06,58.06,58.05,58.05,500,0
AIA.US,5,20230525,215000,58.06,58.06,58.06,58.06,700,0
AIA.US,5,20230525,215500,58.05,58.05,57.94,57.94,9956,0
AIA.US,5,20230526,153000,58.69,58.69,58.69,58.69,1193,0
AIA.US,5,20230526,153500,58.68,58.7,58.68,58.7,1600,0
AIA.US,5,20230526,160000,58.87,58.885,58.87,58.885,399,0
AIA.US,5,20230526,160500,58.94,58.94,58.94,58.94,100,0
AIA.US,5,20230526,161500,59.028,59.028,59.0071,59.0071,637,0
AIA.US,5,20230526,162500,59.22,59.22,59.22,59.22,243,0
AIA.US,5,20230526,163500,59.14,59.225,59.14,59.225,308,0
AIA.US,5,20230526,165000,59.28,59.29,59.28,59.29,200,0
AIA.US,5,20230526,170500,59.29,59.29,59.29,59.29,900,0
AIA.US,5,20230526,171500,59.25,59.3,59.18,59.18,3269,0
AIA.US,5,20230526,172500,59.25,59.25,59.25,59.25,100,0
AIA.US,5,20230526,173500,59.23,59.23,59.21,59.21,13316,0
AIA.US,5,20230526,174000,59.24,59.24,59.24,59.24,200,0
AIA.US,5,20230526,174500,59.2405,59.27,59.2405,59.27,967,0
AIA.US,5,20230526,175000,59.24,59.2658,59.22,59.22,820,0
AIA.US,5,20230526,175500,59.2725,59.31,59.27,59.2822,1860,0
AIA.US,5,20230526,181000,59.28,59.28,59.28,59.28,100,0
AIA.US,5,20230526,183500,59.3441,59.3446,59.3441,59.3446,1300,0
AIA.US,5,20230526,184000,59.34,59.34,59.34,59.34,834,0
AIA.US,5,20230526,185000,59.301,59.301,59.27,59.2889,1858,0
AIA.US,5,20230526,192500,59.31,59.35,59.31,59.35,200,0
AIA.US,5,20230526,200500,59.32,59.32,59.3,59.3,318,0
AIA.US,5,20230526,203500,59.36,59.36,59.36,59.36,824,0
AIA.US,5,20230526,204500,59.3733,59.3733,59.36,59.36,413,0
AIA.US,5,20230526,205000,59.375,59.375,59.375,59.375,341,0
AIA.US,5,20230526,205500,59.37,59.4,59.37,59.3799,1484,0
AIA.US,5,20230526,211000,59.34,59.34,59.34,59.34,713,0
AIA.US,5,20230526,212000,59.44,59.44,59.44,59.44,420,0
AIA.US,5,20230526,212500,59.36,59.3619,59.36,59.3619,642,0
AIA.US,5,20230526,213000,59.34,59.3513,59.34,59.3513,520,0
AIA.US,5,20230526,213500,59.34,59.34,59.34,59.34,100,0
AIA.US,5,20230526,214000,59.37,59.37,59.37,59.37,238,0
AIA.US,5,20230526,215000,59.34,59.34,59.29,59.29,400,0
AIA.US,5,20230526,215500,59.32,59.37,59.32,59.37,300,0
AIA.US,5,20230530,153000,59.12,59.12,59.09,59.1,3915,0
AIA.US,5,20230530,155000,59.06,59.06,58.94,58.97,1400,0
AIA.US,5,20230530,160000,58.74,58.74,58.7,58.7,500,0
AIA.US,5,20230530,160500,58.75,58.75,58.75,58.75,100,0
AIA.US,5,20230530,164000,58.6106,58.6106,58.6106,58.6106,166,0
AIA.US,5,20230530,165000,58.665,58.7021,58.6431,58.6431,912,0
AIA.US,5,20230530,165500,58.62,58.68,58.62,58.654,430,0
AIA.US,5,20230530,170000,58.6,58.6,58.6,58.6,100,0
AIA.US,5,20230530,170500,58.5935,58.5935,58.5935,58.5935,445,0
AIA.US,5,20230530,171500,58.518,58.518,58.518,58.518,146,0
AIA.US,5,20230530,172500,58.5,58.5,58.5,58.5,1680,0
AIA.US,5,20230530,173500,58.5062,58.5062,58.5062,58.5062,215,0
AIA.US,5,20230530,175500,58.48,58.48,58.435,58.435,235,0
AIA.US,5,20230530,180500,58.425,58.425,58.425,58.425,100,0
AIA.US,5,20230530,181500,58.47,58.51,58.47,58.51,300,0
AIA.US,5,20230530,182000,58.46,58.46,58.46,58.46,100,0
AIA.US,5,20230530,182500,58.45,58.45,58.45,58.45,100,0
AIA.US,5,20230530,184000,58.42,58.42,58.42,58.42,100,0
AIA.US,5,20230530,184500,58.41,58.41,58.41,58.41,530,0
AIA.US,5,20230530,185000,58.4699,58.4699,58.43,58.4475,3630,0
AIA.US,5,20230530,185500,58.39,58.43,58.39,58.43,337,0
AIA.US,5,20230530,191000,58.3884,58.3884,58.32,58.32,347,0
AIA.US,5,20230530,191500,58.3729,58.3729,58.3729,58.3729,1012,0
AIA.US,5,20230530,192500,58.26,58.26,58.26,58.26,100,0
AIA.US,5,20230530,193000,58.255,58.255,58.255,58.255,100,0
AIA.US,5,20230530,193500,58.2663,58.2663,58.2663,58.2663,175,0
AIA.US,5,20230530,194500,58.25,58.25,58.25,58.25,100,0
AIA.US,5,20230530,195000,58.26,58.26,58.26,58.26,100,0
AIA.US,5,20230530,200000,58.245,58.245,58.245,58.245,100,0
AIA.US,5,20230530,201000,58.22,58.26,58.22,58.26,1293,0
AIA.US,5,20230530,201500,58.24,58.27,58.24,58.27,305,0
AIA.US,5,20230530,202000,58.3,58.3,58.3,58.3,399,0
AIA.US,5,20230530,202500,58.33,58.33,58.33,58.33,194,0
AIA.US,5,20230530,204500,58.3624,58.3624,58.3624,58.3624,271,0
AIA.US,5,20230530,205000,58.35,58.35,58.35,58.35,100,0
AIA.US,5,20230530,205500,58.34,58.358,58.34,58.358,201,0
AIA.US,5,20230530,210500,58.36,58.36,58.36,58.36,200,0
AIA.US,5,20230530,211000,58.36,58.36,58.36,58.36,100,0
AIA.US,5,20230530,211500,58.36,58.4,58.36,58.4,500,0
AIA.US,5,20230530,213000,58.39,58.39,58.39,58.39,243,0
AIA.US,5,20230530,214000,58.41,58.41,58.41,58.41,100,0
AIA.US,5,20230530,214500,58.45,58.45,58.45,58.45,100,0
AIA.US,5,20230530,215000,58.46,58.46,58.44,58.44,308,0
AIA.US,5,20230530,215500,58.4,58.49,58.4,58.41,484,0
AIA.US,5,20230531,153000,57.93,57.93,57.73,57.73,886,0
AIA.US,5,20230531,153500,57.69,57.72,57.69,57.72,500,0
AIA.US,5,20230531,154000,57.77,57.77,57.77,57.77,300,0
AIA.US,5,20230531,154500,57.85,57.85,57.85,57.85,150,0
AIA.US,5,20230531,155000,57.83,57.83,57.83,57.83,145,0
AIA.US,5,20230531,155500,57.77,57.77,57.75,57.76,400,0
AIA.US,5,20230531,160000,57.7,57.7,57.66,57.66,500,0
AIA.US,5,20230531,160500,57.64,57.64,57.54,57.54,1200,0
AIA.US,5,20230531,161000,57.55,57.55,57.51,57.51,3300,0
AIA.US,5,20230531,162000,57.48,57.48,57.48,57.48,100,0
AIA.US,5,20230531,162500,57.46,57.46,57.46,57.46,379,0
AIA.US,5,20230531,163500,57.481,57.481,57.481,57.481,293,0
AIA.US,5,20230531,164000,57.48,57.51,57.48,57.48,6733,0
AIA.US,5,20230531,164500,57.52,57.52,57.49,57.49,300,0
AIA.US,5,20230531,165000,57.525,57.525,57.525,57.525,860,0
AIA.US,5,20230531,165500,57.46,57.46,57.44,57.44,535,0
AIA.US,5,20230531,170500,57.43,57.43,57.32,57.4,1143,0
AIA.US,5,20230531,172500,57.4202,57.4202,57.32,57.32,647,0
AIA.US,5,20230531,173500,57.335,57.335,57.3,57.31,1400,0
AIA.US,5,20230531,175000,57.3499,57.3499,57.3499,57.3499,200,0
AIA.US,5,20230531,181500,57.38,57.38,57.38,57.38,125,0
AIA.US,5,20230531,182000,57.43,57.43,57.4013,57.4013,518,0
AIA.US,5,20230531,183000,57.43,57.43,57.43,57.43,178,0
AIA.US,5,20230531,183500,57.43,57.43,57.43,57.43,200,0
AIA.US,5,20230531,184000,57.45,57.475,57.45,57.45,1000,0
AIA.US,5,20230531,190500,57.4501,57.4501,57.4501,57.4501,750,0
AIA.US,5,20230531,191000,57.5899,57.5899,57.54,57.54,500,0
AIA.US,5,20230531,191500,57.6009,57.61,57.6009,57.61,1700,0
AIA.US,5,20230531,192000,57.5,57.5271,57.5,57.505,675,0
AIA.US,5,20230531,193000,57.54,57.54,57.54,57.54,100,0
AIA.US,5,20230531,193500,57.63,57.63,57.63,57.63,100,0
AIA.US,5,20230531,194000,57.7399,57.7399,57.7399,57.7399,167,0
AIA.US,5,20230531,202000,57.8999,57.8999,57.8999,57.8999,128,0
AIA.US,5,20230531,202500,57.8712,57.8712,57.8712,57.8712,104,0
AIA.US,5,20230531,204000,57.9217,57.9217,57.9217,57.9217,132,0
AIA.US,5,20230531,204500,57.8828,57.8828,57.86,57.87,3586,0
AIA.US,5,20230531,205000,57.84,57.84,57.84,57.84,400,0
AIA.US,5,20230531,205500,57.86,57.87,57.86,57.87,400,0
AIA.US,5,20230531,210000,57.86,57.86,57.86,57.86,600,0
AIA.US,5,20230531,211500,57.831,57.831,57.831,57.831,500,0
AIA.US,5,20230531,212000,57.7797,57.7797,57.7797,57.7797,350,0
AIA.US,5,20230531,212500,57.8213,57.86,57.8213,57.86,214,0
AIA.US,5,20230531,214500,57.85,57.85,57.85,57.85,100,0
AIA.US,5,20230531,215000,57.88,57.88,57.87,57.88,1226,0
AIA.US,5,20230531,215500,57.88,57.88,57.87,57.87,6329,0
AIA.US,5,20230601,153000,57.87,58.16,57.79,58.16,2724,0
AIA.US,5,20230601,153500,58.23,58.23,58.23,58.23,1500,0
AIA.US,5,20230601,154000,58.2495,58.2495,58.2208,58.2208,243,0
AIA.US,5,20230601,154500,58.16,58.16,58.15,58.15,1400,0
AIA.US,5,20230601,155000,58.21,58.24,58.17,58.24,1200,0
AIA.US,5,20230601,160500,58.36,58.36,58.35,58.35,900,0
AIA.US,5,20230601,161500,58.35,58.35,58.35,58.35,100,0
AIA.US,5,20230601,162000,58.33,58.33,58.33,58.33,200,0
AIA.US,5,20230601,163500,58.4,58.4999,58.4,58.44,2910,0
AIA.US,5,20230601,164000,58.46,58.5,58.46,58.5,308,0
AIA.US,5,20230601,165000,58.645,58.645,58.645,58.645,100,0
AIA.US,5,20230601,170000,58.8414,58.8414,58.8414,58.8414,118,0
AIA.US,5,20230601,170500,58.72,58.7656,58.72,58.7656,487,0
AIA.US,5,20230601,171500,58.74,58.74,58.74,58.74,100,0
AIA.US,5,20230601,172000,58.72,58.72,58.72,58.72,100,0
AIA.US,5,20230601,173000,58.73,58.795,58.73,58.795,320,0
AIA.US,5,20230601,174000,58.88,58.88,58.88,58.88,200,0
AIA.US,5,20230601,174500,58.87,58.87,58.87,58.87,100,0
AIA.US,5,20230601,180500,58.92,58.92,58.91,58.91,700,0
AIA.US,5,20230601,181500,58.9,58.9,58.9,58.9,100,0
AIA.US,5,20230601,182000,58.94,58.94,58.94,58.94,200,0
AIA.US,5,20230601,183500,58.93,58.93,58.93,58.93,100,0
AIA.US,5,20230601,184000,58.93,58.93,58.93,58.93,100,0
AIA.US,5,20230601,184500,58.92,58.93,58.92,58.93,300,0
AIA.US,5,20230601,185500,58.97,58.97,58.97,58.97,100,0
AIA.US,5,20230601,191500,59,59.04,59,59.02,400,0
AIA.US,5,20230601,192000,59.02,59.02,59.02,59.02,100,0
AIA.US,5,20230601,193000,58.97,58.97,58.97,58.97,100,0
AIA.US,5,20230601,194500,59,59,59,59,200,0
AIA.US,5,20230601,195000,59.0996,59.0996,59.0996,59.0996,400,0
AIA.US,5,20230601,200000,59.01,59.01,59.01,59.01,200,0
AIA.US,5,20230601,200500,59.04,59.04,59.04,59.04,100,0
AIA.US,5,20230601,203000,59.04,59.04,59.04,59.04,100,0
AIA.US,5,20230601,203500,59.09,59.09,59.03,59.03,201,0
AIA.US,5,20230601,204000,59.03,59.03,59.03,59.03,444,0
AIA.US,5,20230601,204500,58.97,58.97,58.97,58.97,100,0
AIA.US,5,20230601,205000,58.94,58.94,58.94,58.94,200,0
AIA.US,5,20230601,210500,58.99,58.99,58.99,58.99,100,0
AIA.US,5,20230601,211000,59.0302,59.0302,59.0302,59.0302,277,0
AIA.US,5,20230601,211500,59.01,59.01,59.01,59.01,100,0
AIA.US,5,20230601,212000,59,59,59,59,100,0
AIA.US,5,20230601,213000,58.99,58.99,58.99,58.99,500,0
AIA.US,5,20230601,213500,58.92,58.92,58.92,58.92,100,0
AIA.US,5,20230601,214500,58.97,59.01,58.97,59.01,600,0
AIA.US,5,20230601,215000,59.02,59.02,59.02,59.02,600,0
AIA.US,5,20230601,215500,59.03,59.06,59,59.06,1226,0
AIA.US,5,20230602,153000,60.13,60.47,60.13,60.47,3303,0
AIA.US,5,20230602,153500,60.51,60.54,60.46,60.46,3200,0
AIA.US,5,20230602,154000,60.44,60.5,60.43,60.44,7229,0
AIA.US,5,20230602,154500,60.3846,60.3846,60.255,60.275,2376,0
AIA.US,5,20230602,155000,60.32,60.44,60.32,60.44,2600,0
AIA.US,5,20230602,155500,60.42,60.47,60.42,60.46,3600,0
AIA.US,5,20230602,160000,60.36,60.42,60.36,60.42,1298,0
AIA.US,5,20230602,160500,60.46,60.46,60.32,60.32,800,0
AIA.US,5,20230602,161000,60.35,60.36,60.35,60.36,600,0
AIA.US,5,20230602,162000,60.39,60.39,60.39,60.39,600,0
AIA.US,5,20230602,163000,60.44,60.45,60.44,60.45,775,0
AIA.US,5,20230602,163500,60.44,60.5,60.44,60.5,3070,0
AIA.US,5,20230602,164000,60.5,60.53,60.5,60.53,2503,0
AIA.US,5,20230602,165000,60.53,60.53,60.49,60.49,200,0
AIA.US,5,20230602,170000,60.53,60.53,60.53,60.53,755,0
AIA.US,5,20230602,171000,60.43,60.47,60.42,60.47,608,0
AIA.US,5,20230602,173000,60.44,60.44,60.44,60.44,743,0
AIA.US,5,20230602,180000,60.44,60.46,60.44,60.46,668,0
AIA.US,5,20230602,180500,60.49,60.49,60.47,60.47,400,0
AIA.US,5,20230602,181500,60.4511,60.4511,60.4511,60.4511,616,0
AIA.US,5,20230602,183000,60.38,60.38,60.38,60.38,400,0
AIA.US,5,20230602,183500,60.44,60.44,60.44,60.44,100,0
AIA.US,5,20230602,184500,60.46,60.46,60.445,60.46,400,0
AIA.US,5,20230602,185500,60.46,60.49,60.4499,60.4499,1546,0
AIA.US,5,20230602,191000,60.49,60.49,60.49,60.49,100,0
AIA.US,5,20230602,192500,60.48,60.48,60.48,60.48,300,0
AIA.US,5,20230602,193000,60.51,60.51,60.51,60.51,300,0
AIA.US,5,20230602,193500,60.49,60.49,60.48,60.48,300,0
AIA.US,5,20230602,195000,60.4471,60.4471,60.4471,60.4471,100,0
AIA.US,5,20230602,195500,60.38,60.38,60.38,60.38,603,0
AIA.US,5,20230602,200000,60.425,60.425,60.425,60.425,900,0
AIA.US,5,20230602,201000,60.4799,60.48,60.4398,60.4398,1078,0
AIA.US,5,20230602,202500,60.47,60.479,60.43,60.4465,3129,0
AIA.US,5,20230602,203000,60.48,60.48,60.3893,60.4113,1441,0
AIA.US,5,20230602,203500,60.48,60.48,60.4,60.4,510,0
AIA.US,5,20230602,204500,60.48,60.48,60.48,60.48,100,0
AIA.US,5,20230602,211000,60.41,60.41,60.41,60.41,200,0
AIA.US,5,20230602,213000,60.37,60.37,60.3101,60.3101,1030,0
AIA.US,5,20230602,213500,60.4,60.4,60.4,60.4,100,0
AIA.US,5,20230602,214000,60.4,60.41,60.4,60.41,200,0
AIA.US,5,20230602,215500,60.34,60.34,60.34,60.34,200,0
AIA.US,5,20230605,153000,60.06,60.06,60,60,566,0
AIA.US,5,20230605,153500,60.01,60.01,60.01,60.01,400,0
AIA.US,5,20230605,154000,60,60.03,60,60.02,1500,0
AIA.US,5,20230605,154500,60.03,60.03,60.02,60.02,415,0
AIA.US,5,20230605,155000,59.9801,59.9801,59.9801,59.9801,100,0
AIA.US,5,20230605,155500,59.99,59.99,59.99,59.99,200,0
AIA.US,5,20230605,160000,59.96,60.07,59.96,60.07,500,0
AIA.US,5,20230605,160500,60.1,60.13,60.1,60.13,200,0
AIA.US,5,20230605,161000,60.11,60.11,59.96,59.96,1467,0
AIA.US,5,20230605,161500,59.92,59.93,59.92,59.93,400,0
AIA.US,5,20230605,162000,59.93,59.94,59.92,59.94,500,0
AIA.US,5,20230605,162500,59.9,59.92,59.9,59.92,800,0
AIA.US,5,20230605,163000,59.93,59.93,59.87,59.87,1100,0
AIA.US,5,20230605,163500,59.92,59.96,59.92,59.95,1400,0
AIA.US,5,20230605,164000,59.96,59.99,59.96,59.99,500,0
AIA.US,5,20230605,164500,60.07,60.07,60.07,60.07,400,0
AIA.US,5,20230605,165000,60.065,60.065,60.025,60.025,300,0
AIA.US,5,20230605,165500,59.98,59.98,59.98,59.98,100,0
AIA.US,5,20230605,170500,59.99,59.99,59.99,59.99,200,0
AIA.US,5,20230605,175000,60.059,60.059,60.059,60.059,153,0
AIA.US,5,20230605,175500,60.02,60.02,60.02,60.02,18993,0
AIA.US,5,20230605,184000,60.1457,60.2,60.1457,60.2,1928,0
AIA.US,5,20230605,184500,60.11,60.11,60.05,60.05,16225,0
AIA.US,5,20230605,190000,60.09,60.09,60.09,60.09,100,0
AIA.US,5,20230605,190500,60.1067,60.1067,60.1067,60.1067,215,0
AIA.US,5,20230605,191000,60.09,60.09,60.09,60.09,100,0
AIA.US,5,20230605,191500,60.09,60.09,60.08,60.08,400,0
AIA.US,5,20230605,192500,60.05,60.05,60.05,60.05,200,0
AIA.US,5,20230605,193500,60,60,60,60,100,0
AIA.US,5,20230605,195000,60.0793,60.0793,60.0793,60.0793,416,0
AIA.US,5,20230605,200000,60.07,60.07,60.07,60.07,100,0
AIA.US,5,20230605,200500,60.06,60.0632,59.99,60.0632,665,0
AIA.US,5,20230605,202000,60.03,60.04,60.03,60.04,1500,0
AIA.US,5,20230605,202500,60.04,60.04,60,60,200,0
AIA.US,5,20230605,203000,60.01,60.01,59.96,59.96,400,0
AIA.US,5,20230605,203500,59.96,59.96,59.96,59.96,100,0
AIA.US,5,20230605,205000,60.01,60.03,60.01,60.03,200,0
AIA.US,5,20230605,205500,60.15,60.15,60.15,60.15,168,0
AIA.US,5,20230605,210000,60.1,60.1,60.1,60.1,300,0
AIA.US,5,20230605,210500,60.0611,60.0701,60.04,60.04,804,0
AIA.US,5,20230605,211500,60.09,60.09,60.09,60.09,100,0
AIA.US,5,20230605,212000,60.12,60.12,60.11,60.12,300,0
AIA.US,5,20230605,213500,60.14,60.14,60.14,60.14,300,0
AIA.US,5,20230605,214000,60.14,60.18,60.14,60.15,400,0
AIA.US,5,20230605,214500,60.13,60.24,60.12,60.24,875,0
AIA.US,5,20230605,215000,60.1,60.1,60.1,60.1,100,0
AIA.US,5,20230605,215500,60.1,60.1,60.09,60.09,641,0
AIA.US,5,20230606,153000,59.95,60.04,59.86,59.98,3755,0
AIA.US,5,20230606,154000,59.9111,59.9111,59.9111,59.9111,220,0
AIA.US,5,20230606,154500,60.06,60.06,60.06,60.06,300,0
AIA.US,5,20230606,160000,60.03,60.03,60.03,60.03,189,0
AIA.US,5,20230606,161000,60.04,60.04,60.02,60.02,401,0
AIA.US,5,20230606,161500,59.95,59.95,59.95,59.95,233,0
AIA.US,5,20230606,164500,60.17,60.17,60.17,60.17,100,0
AIA.US,5,20230606,165000,60.1952,60.1952,60.1952,60.1952,232,0
AIA.US,5,20230606,171000,60.5008,60.5008,60.5008,60.5008,620,0
AIA.US,5,20230606,171500,60.5,60.51,60.5,60.51,500,0
AIA.US,5,20230606,175000,60.78,60.78,60.78,60.78,296,0
AIA.US,5,20230606,175500,60.81,60.81,60.81,60.81,100,0
AIA.US,5,20230606,180500,60.88,60.8991,60.88,60.88,2052,0
AIA.US,5,20230606,181000,60.82,60.82,60.82,60.82,106,0
AIA.US,5,20230606,183000,60.788,60.788,60.788,60.788,600,0
AIA.US,5,20230606,185500,60.71,60.71,60.71,60.71,100,0
AIA.US,5,20230606,190000,60.72,60.72,60.72,60.72,223,0
AIA.US,5,20230606,191500,60.74,60.81,60.74,60.81,1250,0
AIA.US,5,20230606,193000,60.8,60.8,60.775,60.8,1501,0
AIA.US,5,20230606,193500,60.7671,60.7671,60.7671,60.7671,100,0
AIA.US,5,20230606,194000,60.785,60.88,60.785,60.8523,2750,0
AIA.US,5,20230606,195000,60.815,60.815,60.815,60.815,124,0
AIA.US,5,20230606,200000,60.805,60.805,60.805,60.805,656,0
AIA.US,5,20230606,200500,60.805,60.805,60.805,60.805,1004,0
AIA.US,5,20230606,201000,60.76,60.76,60.75,60.75,625,0
AIA.US,5,20230606,202500,60.8335,60.8335,60.8335,60.8335,550,0
AIA.US,5,20230606,203000,60.84,60.84,60.84,60.84,200,0
AIA.US,5,20230606,203500,60.85,60.85,60.85,60.85,261,0
AIA.US,5,20230606,204500,60.88,60.9,60.88,60.9,350,0
AIA.US,5,20230606,210000,60.9,60.9,60.9,60.9,150,0
AIA.US,5,20230606,211500,60.9,60.9,60.9,60.9,100,0
AIA.US,5,20230606,213000,60.8751,60.8751,60.8751,60.8751,150,0
AIA.US,5,20230606,213500,60.8831,60.8831,60.795,60.81,1129,0
AIA.US,5,20230606,214500,60.8,60.91,60.8,60.91,1031,0
AIA.US,5,20230606,215000,60.9118,60.9118,60.9118,60.9118,104,0
AIA.US,5,20230606,215500,60.9001,60.9001,60.81,60.81,1877,0
AIA.US,5,20230607,153000,60.13,60.22,60.13,60.13,1204,0
AIA.US,5,20230607,153500,60.08,60.09,60.07,60.09,1477,0
AIA.US,5,20230607,154000,60.2,60.2,60.19,60.19,700,0
AIA.US,5,20230607,154500,60.2,60.35,60.2,60.35,200,0
AIA.US,5,20230607,155000,60.42,60.43,60.42,60.43,201,0
AIA.US,5,20230607,155500,60.47,60.5,60.44,60.5,863,0
AIA.US,5,20230607,160000,60.47,60.47,60.44,60.44,1100,0
AIA.US,5,20230607,161000,60.46,60.5,60.46,60.48,493,0
AIA.US,5,20230607,161500,60.47,60.47,60.43,60.43,880,0
AIA.US,5,20230607,162000,60.41,60.41,60.34,60.34,600,0
AIA.US,5,20230607,162500,60.25,60.25,60.25,60.25,100,0
AIA.US,5,20230607,163000,60.3,60.3,60.21,60.21,845,0
AIA.US,5,20230607,163500,60.16,60.16,60.16,60.16,400,0
AIA.US,5,20230607,165000,60.07,60.07,60.07,60.07,299,0
AIA.US,5,20230607,165500,60.05,60.05,60.05,60.05,576,0
AIA.US,5,20230607,171000,60.0849,60.13,60.0849,60.12,450,0
AIA.US,5,20230607,171500,60.13,60.16,60.13,60.13,415,0
AIA.US,5,20230607,172000,60.145,60.16,60.145,60.16,297,0
AIA.US,5,20230607,173000,60.23,60.23,60.23,60.23,100,0
AIA.US,5,20230607,173500,60.24,60.24,60.21,60.22,697,0
AIA.US,5,20230607,175000,60.12,60.12,60.09,60.09,363,0
AIA.US,5,20230607,180000,60.1,60.1,60.07,60.07,2089,0
AIA.US,5,20230607,180500,60.07,60.07,60.07,60.07,200,0
AIA.US,5,20230607,181000,60.08,60.08,60.08,60.08,338,0
AIA.US,5,20230607,181500,60.04,60.04,60.04,60.04,100,0
AIA.US,5,20230607,182000,59.945,59.945,59.945,59.945,100,0
AIA.US,5,20230607,182500,59.94,59.94,59.94,59.94,239,0
AIA.US,5,20230607,184000,59.94,59.94,59.94,59.94,100,0
AIA.US,5,20230607,184500,59.92,59.92,59.92,59.92,409,0
AIA.US,5,20230607,185000,59.97,59.97,59.97,59.97,160,0
AIA.US,5,20230607,185500,59.94,59.94,59.94,59.94,100,0
AIA.US,5,20230607,190000,59.9,59.9,59.89,59.89,373,0
AIA.US,5,20230607,190500,59.88,59.89,59.88,59.89,1281,0
AIA.US,5,20230607,191000,59.88,59.91,59.88,59.89,612,0
AIA.US,5,20230607,191500,59.88,59.89,59.88,59.88,306,0
AIA.US,5,20230607,192500,59.9,59.9,59.9,59.9,300,0
AIA.US,5,20230607,193000,59.89,59.89,59.88,59.88,222,0
AIA.US,5,20230607,194000,59.85,59.85,59.85,59.85,200,0
AIA.US,5,20230607,194500,59.84,59.84,59.84,59.84,200,0
AIA.US,5,20230607,195500,59.86,59.86,59.86,59.86,106,0
AIA.US,5,20230607,202000,59.9,59.9,59.9,59.9,250,0
AIA.US,5,20230607,202500,59.9,59.91,59.895,59.91,560,0
AIA.US,5,20230607,203000,59.9,59.91,59.87,59.87,575,0
AIA.US,5,20230607,203500,59.87,59.87,59.87,59.87,382,0
AIA.US,5,20230607,204000,59.84,59.84,59.84,59.84,208,0
AIA.US,5,20230607,210000,59.91,59.91,59.89,59.91,554,0
AIA.US,5,20230607,210500,59.89,60.07,59.88,59.96,262536,0
AIA.US,5,20230607,213500,59.94,59.94,59.94,59.94,100,0
AIA.US,5,20230607,214000,59.94,59.94,59.91,59.94,300,0
AIA.US,5,20230607,214500,59.91,59.94,59.91,59.94,400,0
AIA.US,5,20230607,215000,59.94,59.94,59.9,59.9,600,0
AIA.US,5,20230607,215500,59.91,59.99,59.9,59.9,800,0
AIA.US,5,20230608,153000,59.96,60,59.96,60,964,0
AIA.US,5,20230608,154000,60.21,60.21,60.21,60.21,100,0
AIA.US,5,20230608,155000,60.11,60.11,60.11,60.11,400,0
AIA.US,5,20230608,155500,60.17,60.17,60.17,60.17,392,0
AIA.US,5,20230608,160000,60.1515,60.1515,60.1515,60.1515,645,0
AIA.US,5,20230608,160500,60.2,60.2,60.2,60.2,600,0
AIA.US,5,20230608,161500,60.278,60.28,60.27,60.28,400,0
AIA.US,5,20230608,162000,60.22,60.22,60.22,60.22,100,0
AIA.US,5,20230608,163000,60.27,60.27,60.27,60.27,200,0
AIA.US,5,20230608,165000,60.2787,60.2787,60.2787,60.2787,250,0
AIA.US,5,20230608,170000,60.29,60.29,60.28,60.29,500,0
AIA.US,5,20230608,171500,60.3599,60.3599,60.3599,60.3599,165,0
AIA.US,5,20230608,172000,60.36,60.36,60.36,60.36,100,0
AIA.US,5,20230608,173000,60.39,60.54,60.39,60.48,3100,0
AIA.US,5,20230608,173500,60.48,60.48,60.43,60.45,4248,0
AIA.US,5,20230608,174500,60.41,60.41,60.41,60.41,900,0
AIA.US,5,20230608,180000,60.35,60.45,60.35,60.45,13708,0
AIA.US,5,20230608,182000,60.45,60.45,60.45,60.45,600,0
AIA.US,5,20230608,183500,60.52,60.55,60.52,60.55,2200,0
AIA.US,5,20230608,184000,60.55,60.57,60.47,60.53,11400,0
AIA.US,5,20230608,184500,60.53,60.57,60.52,60.52,9500,0
AIA.US,5,20230608,185000,60.52,60.57,60.52,60.57,7500,0
AIA.US,5,20230608,185500,60.545,60.6,60.545,60.6,8216,0
AIA.US,5,20230608,190000,60.58,60.6,60.58,60.6,8700,0
AIA.US,5,20230608,190500,60.59,60.6,60.58,60.6,9000,0
AIA.US,5,20230608,191000,60.57,60.6,60.55,60.6,8900,0
AIA.US,5,20230608,191500,60.56,60.61,60.56,60.56,8818,0
AIA.US,5,20230608,192000,60.59,60.62,60.55,60.62,10100,0
AIA.US,5,20230608,192500,60.605,60.63,60.56,60.63,8958,0
AIA.US,5,20230608,193000,60.59,60.63,60.53,60.57,9154,0
AIA.US,5,20230608,193500,60.6,60.61,60.53,60.57,9100,0
AIA.US,5,20230608,194000,60.6,60.62,60.52,60.59,10700,0
AIA.US,5,20230608,194500,60.59,60.6,60.51,60.55,8559,0
AIA.US,5,20230608,195000,60.52,60.57,60.52,60.555,8200,0
AIA.US,5,20230608,195500,60.53,60.57,60.52,60.54,9715,0
AIA.US,5,20230608,200000,60.54,60.58,60.54,60.55,9154,0
AIA.US,5,20230608,200500,60.55,60.6,60.53,60.595,13300,0
AIA.US,5,20230608,201000,60.54,60.59,60.53,60.58,10693,0
AIA.US,5,20230608,201500,60.575,60.62,60.575,60.62,8188,0
AIA.US,5,20230608,202000,60.61,60.63,60.61,60.62,9465,0
AIA.US,5,20230608,202500,60.62,60.7,60.6,60.6775,13000,0
AIA.US,5,20230608,203000,60.66,60.71,60.65,60.68,15000,0
AIA.US,5,20230608,203500,60.685,60.71,60.66,60.67,11100,0
AIA.US,5,20230608,204000,60.665,60.72,60.66,60.69,14400,0
AIA.US,5,20230608,204500,60.69,60.71,60.68,60.68,14600,0
AIA.US,5,20230608,205000,60.68,60.71,60.64,60.68,16285,0
AIA.US,5,20230608,205500,60.68,60.71,60.62,60.67,13185,0
AIA.US,5,20230608,210000,60.7,60.7,60.64,60.67,14497,0
AIA.US,5,20230608,210500,60.67,60.7099,60.67,60.7099,12446,0
AIA.US,5,20230608,211000,60.6574,60.7,60.6574,60.69,8456,0
AIA.US,5,20230608,211500,60.68,60.69,60.665,60.665,7999,0
AIA.US,5,20230608,212000,60.665,60.69,60.66,60.68,8000,0
AIA.US,5,20230608,212500,60.66,60.67,60.61,60.61,8600,0
AIA.US,5,20230608,213000,60.63,60.63,60.61,60.61,9100,0
AIA.US,5,20230608,213500,60.61,60.63,60.59,60.59,3296,0
AIA.US,5,20230608,215000,60.6259,60.6259,60.6259,60.6259,594,0
AIA.US,5,20230608,215500,60.58,60.59,60.56,60.59,948,0
AIA.US,5,20230609,153000,61.09,61.13,60.91,61.03,5341,0
AIA.US,5,20230609,153500,61.03,61.03,60.99,60.99,2600,0
AIA.US,5,20230609,154000,60.95,60.99,60.95,60.99,3106,0
AIA.US,5,20230609,154500,61.03,61.03,61.0219,61.0219,593,0
AIA.US,5,20230609,155000,61.03,61.03,60.99,61.03,2000,0
AIA.US,5,20230609,155500,61.03,61.1,61.03,61.1,500,0
AIA.US,5,20230609,160000,61.11,61.16,61.11,61.16,1227,0
AIA.US,5,20230609,160500,61.2,61.21,61.14,61.14,900,0
AIA.US,5,20230609,161000,61.18,61.18,61.18,61.18,300,0
AIA.US,5,20230609,161500,61.22,61.23,61.22,61.23,353,0
AIA.US,5,20230609,162000,61.23,61.23,61.23,61.23,200,0
AIA.US,5,20230609,162500,61.24,61.24,61.24,61.24,100,0
AIA.US,5,20230609,163000,61.205,61.205,61.18,61.18,3506,0
AIA.US,5,20230609,164000,61.065,61.065,60.97,60.99,800,0
AIA.US,5,20230609,164500,61,61.03,60.995,60.995,588,0
AIA.US,5,20230609,165000,60.96,60.96,60.96,60.96,500,0
AIA.US,5,20230609,165500,60.94,60.945,60.94,60.94,1392,0
AIA.US,5,20230609,170000,60.94,60.985,60.94,60.95,800,0
AIA.US,5,20230609,170500,60.97,61.02,60.97,61.016,606,0
AIA.US,5,20230609,171000,61,61,61,61,308,0
AIA.US,5,20230609,171500,60.99,61.005,60.99,61,500,0
AIA.US,5,20230609,172500,60.99,61,60.9746,60.9746,1460,0
AIA.US,5,20230609,173500,60.98,60.98,60.97,60.97,1660,0
AIA.US,5,20230609,174500,61.01,61.01,61.01,61.01,1300,0
AIA.US,5,20230609,175000,61.01,61.01,60.99,60.99,600,0
AIA.US,5,20230609,175500,61,61,60.99,61,1300,0
AIA.US,5,20230609,180000,60.99,60.99,60.99,60.99,296,0
AIA.US,5,20230609,180500,60.9,60.9,60.89,60.89,400,0
AIA.US,5,20230609,181000,60.88,60.905,60.88,60.88,300,0
AIA.US,5,20230609,181500,60.9,60.93,60.9,60.92,1000,0
AIA.US,5,20230609,182000,60.93,60.93,60.9,60.9,200,0
AIA.US,5,20230609,182500,60.885,60.885,60.885,60.885,100,0
AIA.US,5,20230609,183500,60.87,60.87,60.82,60.82,1600,0
AIA.US,5,20230609,184500,60.865,60.865,60.86,60.86,600,0
AIA.US,5,20230609,185000,60.88,60.88,60.88,60.88,460,0
AIA.US,5,20230609,185500,60.895,60.895,60.88,60.88,2300,0
AIA.US,5,20230609,190500,60.91,60.93,60.91,60.93,900,0
AIA.US,5,20230609,191500,60.93,60.93,60.93,60.93,100,0
AIA.US,5,20230609,192000,60.93,60.93,60.92,60.93,982,0
AIA.US,5,20230609,192500,60.98,60.98,60.97,60.97,400,0
AIA.US,5,20230609,193000,60.96,60.96,60.96,60.96,198,0
AIA.US,5,20230609,193500,60.96,60.96,60.96,60.96,200,0
AIA.US,5,20230609,194000,60.98,60.98,60.98,60.98,482,0
AIA.US,5,20230609,194500,60.99,61.02,60.99,61.02,400,0
AIA.US,5,20230609,195000,60.99,61.01,60.99,61.01,2100,0
AIA.US,5,20230609,195500,61.01,61.01,60.99,61.005,700,0
AIA.US,5,20230609,200000,61.005,61.005,61,61,200,0
AIA.US,5,20230609,200500,60.99,60.99,60.99,60.99,100,0
AIA.US,5,20230609,201500,61,61.005,60.99,61,800,0
AIA.US,5,20230609,202000,61.005,61.02,61.005,61.02,264,0
AIA.US,5,20230609,202500,61,61.03,60.99,60.99,3200,0
AIA.US,5,20230609,203500,60.98,60.98,60.94,60.94,400,0
AIA.US,5,20230609,204000,60.92,60.93,60.92,60.93,400,0
AIA.US,5,20230609,204500,60.93,60.93,60.89,60.89,400,0
AIA.US,5,20230609,205000,60.91,60.91,60.89,60.89,900,0
AIA.US,5,20230609,205500,60.89,60.92,60.89,60.92,200,0
AIA.US,5,20230609,210000,60.91,60.91,60.91,60.91,100,0
AIA.US,5,20230609,210500,60.91,60.91,60.8501,60.8501,793,0
AIA.US,5,20230609,211000,60.89,60.89,60.89,60.89,100,0
AIA.US,5,20230609,211500,60.91,60.91,60.91,60.91,200,0
AIA.US,5,20230609,212000,60.91,60.91,60.91,60.91,100,0
AIA.US,5,20230609,212500,60.89,60.91,60.89,60.89,1422,0
AIA.US,5,20230609,213000,60.89,60.905,60.89,60.89,400,0
AIA.US,5,20230609,213500,60.89,60.905,60.89,60.905,400,0
AIA.US,5,20230609,214000,60.92,60.92,60.91,60.91,581,0
AIA.US,5,20230609,214500,60.92,60.92,60.91,60.91,889,0
AIA.US,5,20230609,215000,60.91,60.92,60.91,60.91,1942,0
AIA.US,5,20230609,215500,60.91,60.92,60.84,60.84,8925,0
AIA.US,5,20230612,153000,61.01,61.09,61.01,61.09,597,0
AIA.US,5,20230612,153500,60.99,60.99,60.99,60.99,100,0
AIA.US,5,20230612,154500,61.05,61.05,61.05,61.05,100,0
AIA.US,5,20230612,160000,61.04,61.04,61.04,61.04,100,0
AIA.US,5,20230612,161500,61.01,61.05,61.01,61.05,200,0
AIA.US,5,20230612,162000,61.06,61.1,61.06,61.09,500,0
AIA.US,5,20230612,162500,61.1,61.1,61.1,61.1,100,0
AIA.US,5,20230612,163000,61.11,61.11,61.11,61.11,100,0
AIA.US,5,20230612,163500,61.07,61.07,61.0641,61.0641,600,0
AIA.US,5,20230612,164500,61.18,61.2599,61.18,61.2599,1014,0
AIA.US,5,20230612,171500,61.13,61.13,61.12,61.12,200,0
AIA.US,5,20230612,172000,61.15,61.15,61.15,61.15,100,0
AIA.US,5,20230612,172500,61.17,61.17,61.17,61.17,100,0
AIA.US,5,20230612,183000,61.1837,61.1837,61.1837,61.1837,392,0
AIA.US,5,20230612,184000,61.13,61.13,61.13,61.13,568,0
AIA.US,5,20230612,184500,61.1613,61.1613,61.1613,61.1613,253,0
AIA.US,5,20230612,194500,61.24,61.26,61.21,61.225,800,0
AIA.US,5,20230612,201500,61.2812,61.2812,61.2812,61.2812,123,0
AIA.US,5,20230612,202000,61.21,61.21,61.21,61.21,100,0
AIA.US,5,20230612,202500,61.245,61.245,61.245,61.245,300,0
AIA.US,5,20230612,203500,61.22,61.24,61.21,61.225,400,0
AIA.US,5,20230612,204500,61.215,61.22,61.2,61.2,1200,0
AIA.US,5,20230612,205000,61.24,61.25,61.23,61.24,500,0
AIA.US,5,20230612,210000,61.25,61.26,61.25,61.26,300,0
AIA.US,5,20230612,211000,61.27,61.27,61.27,61.27,200,0
AIA.US,5,20230612,215000,61.29,61.29,61.28,61.29,300,0
AIA.US,5,20230612,215500,61.3,61.3,61.3,61.3,200,0
AIA.US,5,20230613,153000,62.07,62.26,62.07,62.26,8264,0
AIA.US,5,20230613,153500,62.27,62.4,62.27,62.4,4352,0
AIA.US,5,20230613,154000,62.4,62.4,62.34,62.34,500,0
AIA.US,5,20230613,154500,62.34,62.39,62.2469,62.35,10125,0
AIA.US,5,20230613,160000,62.0901,62.0901,62.0901,62.0901,132,0
AIA.US,5,20230613,161000,62.06,62.06,62,62,400,0
AIA.US,5,20230613,161500,62.04,62.04,62.04,62.04,331,0
AIA.US,5,20230613,162000,62.1,62.1,62.1,62.1,257,0
AIA.US,5,20230613,162500,62.1,62.14,62.1,62.14,2700,0
AIA.US,5,20230613,163000,62.1819,62.1819,62.1819,62.1819,148,0
AIA.US,5,20230613,164000,62.2406,62.2406,62.2406,62.2406,100,0
AIA.US,5,20230613,171500,62.2,62.2,62.1301,62.1301,1611,0
AIA.US,5,20230613,175000,62.13,62.13,62.12,62.12,213,0
AIA.US,5,20230613,180000,62.1858,62.1858,62.1858,62.1858,175,0
AIA.US,5,20230613,181500,62.1658,62.1658,62.1658,62.1658,145,0
AIA.US,5,20230613,182500,62.22,62.237,62.22,62.237,200,0
AIA.US,5,20230613,184500,62.1786,62.1786,62.1786,62.1786,100,0
AIA.US,5,20230613,185000,62.2582,62.2582,62.2582,62.2582,125,0
AIA.US,5,20230613,185500,62.24,62.27,62.195,62.195,15700,0
AIA.US,5,20230613,190500,62.26,62.26,62.26,62.26,7500,0
AIA.US,5,20230613,191500,62.25,62.25,62.23,62.25,15500,0
AIA.US,5,20230613,192000,62.25,62.26,62.24,62.24,900,0
AIA.US,5,20230613,192500,62.3,62.3,62.23,62.23,7800,0
AIA.US,5,20230613,193000,62.26,62.3,62.26,62.3,7800,0
AIA.US,5,20230613,193500,62.26,62.28,62.21,62.28,15400,0
AIA.US,5,20230613,194000,62.24,62.28,62.21,62.26,27902,0
AIA.US,5,20230613,194500,62.26,62.29,62.26,62.27,22700,0
AIA.US,5,20230613,195000,62.25,62.26,62.25,62.25,1054,0
AIA.US,5,20230613,195500,62.28,62.28,62.22,62.22,7600,0
AIA.US,5,20230613,200000,62.26,62.26,62.25,62.255,7900,0
AIA.US,5,20230613,200500,62.27,62.27,62.24,62.24,400,0
AIA.US,5,20230613,201000,62.24,62.24,62.17,62.19,30300,0
AIA.US,5,20230613,201500,62.185,62.19,62.185,62.19,4200,0
AIA.US,5,20230613,202000,62.185,62.19,62.17,62.17,23971,0
AIA.US,5,20230613,202500,62.18,62.18,62.16,62.16,760,0
AIA.US,5,20230613,203000,62.11,62.11,62.06,62.07,700,0
AIA.US,5,20230613,203500,62.06,62.08,62,62,15400,0
AIA.US,5,20230613,204500,62.11,62.11,62.1,62.1,401,0
AIA.US,5,20230613,205500,62.1,62.17,62.1,62.17,12854,0
AIA.US,5,20230613,210500,62.16,62.18,62.15,62.18,15250,0
AIA.US,5,20230613,211500,62.15,62.15,62.15,62.15,15000,0
AIA.US,5,20230613,212500,62.1618,62.18,62.1618,62.18,15300,0
AIA.US,5,20230613,213000,62.16,62.18,62.16,62.18,800,0
AIA.US,5,20230613,213500,62.16,62.19,62.16,62.19,16274,0
AIA.US,5,20230613,214000,62.2,62.2,62.16,62.16,34400,0
AIA.US,5,20230613,214500,62.19,62.19,62.19,62.19,500,0
AIA.US,5,20230613,215000,62.17,62.19,62.14,62.17,1485,0
AIA.US,5,20230613,215500,62.21,62.21,62.175,62.19,732,0
AIA.US,5,20230614,153000,61.94,62.01,61.94,62.01,362,0
AIA.US,5,20230614,153500,61.94,61.94,61.93,61.93,200,0
AIA.US,5,20230614,154500,62.11,62.14,62.11,62.14,400,0
AIA.US,5,20230614,160000,62.1948,62.1948,62.1948,62.1948,767,0
AIA.US,5,20230614,160500,62.26,62.26,62.26,62.26,141,0
AIA.US,5,20230614,161500,62.34,62.37,62.34,62.34,1710,0
AIA.US,5,20230614,162000,62.2722,62.2722,62.2722,62.2722,2000,0
AIA.US,5,20230614,162500,62.31,62.34,62.31,62.34,1200,0
AIA.US,5,20230614,163000,62.34,62.39,62.34,62.39,1600,0
AIA.US,5,20230614,163500,62.41,62.42,62.41,62.42,2200,0
AIA.US,5,20230614,164500,62.42,62.42,62.4,62.4,400,0
AIA.US,5,20230614,165000,62.43,62.44,62.42,62.44,1600,0
AIA.US,5,20230614,165500,62.43,62.43,62.41,62.42,1300,0
AIA.US,5,20230614,170000,62.44,62.48,62.43,62.48,1700,0
AIA.US,5,20230614,170500,62.47,62.47,62.47,62.47,500,0
AIA.US,5,20230614,171000,62.48,62.49,62.3214,62.3214,1765,0
AIA.US,5,20230614,171500,62.48,62.49,62.48,62.49,1480,0
AIA.US,5,20230614,172000,62.49,62.49,62.49,62.49,500,0
AIA.US,5,20230614,172500,62.42,62.42,62.42,62.42,300,0
AIA.US,5,20230614,173000,62.4075,62.49,62.4075,62.49,1196,0
AIA.US,5,20230614,173500,62.45,62.45,62.45,62.45,400,0
AIA.US,5,20230614,174000,62.47,62.49,62.47,62.49,1500,0
AIA.US,5,20230614,174500,62.405,62.405,62.405,62.405,143,0
AIA.US,5,20230614,175000,62.405,62.5,62.405,62.49,2095,0
AIA.US,5,20230614,175500,62.5,62.5,62.49,62.5,1000,0
AIA.US,5,20230614,180000,62.5,62.54,62.49,62.54,1400,0
AIA.US,5,20230614,180500,62.53,62.53,62.52,62.52,1000,0
AIA.US,5,20230614,182000,62.61,62.61,62.57,62.57,400,0
AIA.US,5,20230614,185500,62.49,62.49,62.46,62.475,5815,0
AIA.US,5,20230614,190500,62.57,62.57,62.57,62.57,1100,0
AIA.US,5,20230614,193000,62.56,62.56,62.56,62.56,100,0
AIA.US,5,20230614,195000,62.56,62.56,62.52,62.52,9198,0
AIA.US,5,20230614,195500,62.52,62.52,62.52,62.52,300,0
AIA.US,5,20230614,200000,62.52,62.53,62.52,62.52,2332,0
AIA.US,5,20230614,200500,62.27,62.27,62.09,62.09,200,0
AIA.US,5,20230614,203000,62.195,62.195,62.195,62.195,500,0
AIA.US,5,20230614,204500,62.57,62.57,62.57,62.57,508,0
AIA.US,5,20230614,212000,62.4523,62.4523,62.4523,62.4523,450,0
AIA.US,5,20230614,212500,62.63,62.72,62.63,62.72,400,0
AIA.US,5,20230614,213000,62.53,62.53,62.53,62.53,100,0
AIA.US,5,20230614,214500,62.516,62.516,62.4087,62.4087,347,0
AIA.US,5,20230614,215500,62.595,62.62,62.58,62.62,748,0
AIA.US,5,20230615,153000,62.8,62.8,62.423,62.423,2430,0
AIA.US,5,20230615,153500,62.74,62.79,62.73,62.79,820,0
AIA.US,5,20230615,154500,62.8,62.8,62.8,62.8,400,0
AIA.US,5,20230615,155000,62.8,62.84,62.8,62.84,500,0
AIA.US,5,20230615,161000,62.7,62.7,62.7,62.7,115,0
AIA.US,5,20230615,161500,62.68,62.68,62.68,62.68,207,0
AIA.US,5,20230615,162500,62.775,62.775,62.775,62.775,269,0
AIA.US,5,20230615,172500,62.66,62.7749,62.66,62.7749,20470,0
AIA.US,5,20230615,174000,62.8,62.8,62.8,62.8,500,0
AIA.US,5,20230615,175500,62.79,62.79,62.79,62.79,100,0
AIA.US,5,20230615,181500,62.8687,62.8687,62.8687,62.8687,107,0
AIA.US,5,20230615,185500,62.86,62.86,62.83,62.83,862,0
AIA.US,5,20230615,191000,62.84,62.84,62.84,62.84,200,0
AIA.US,5,20230615,191500,62.83,62.83,62.83,62.83,100,0
AIA.US,5,20230615,192000,62.84,62.84,62.84,62.84,300,0
AIA.US,5,20230615,193500,62.9,62.9,62.9,62.9,300,0
AIA.US,5,20230615,194500,62.9,62.9,62.9,62.9,300,0
AIA.US,5,20230615,200000,62.93,62.96,62.925,62.94,900,0
AIA.US,5,20230615,201500,62.95,62.95,62.95,62.95,300,0
AIA.US,5,20230615,202500,62.99,62.99,62.99,62.99,300,0
AIA.US,5,20230615,204000,62.99,62.99,62.99,62.99,300,0
AIA.US,5,20230615,204500,62.99,62.99,62.99,62.99,100,0
AIA.US,5,20230615,205500,63.05,63.05,63.04,63.04,400,0
AIA.US,5,20230615,210000,63.01,63.01,63,63,200,0
AIA.US,5,20230615,211000,63.0164,63.04,63.0164,63.04,392,0
AIA.US,5,20230615,212000,63.03,63.03,63.03,63.03,300,0
AIA.US,5,20230615,213000,63.01,63.04,63.01,63.04,413,0
AIA.US,5,20230615,213500,63.01,63.04,63.01,63.03,800,0
AIA.US,5,20230615,214000,63.04,63.04,63.03,63.03,400,0
AIA.US,5,20230615,214500,63.025,63.05,63.02,63.02,1100,0
AIA.US,5,20230615,215000,63.06,63.06,63.04,63.04,600,0
AIA.US,5,20230615,215500,63.02,63.02,63.02,63.02,998,0
AIA.US,5,20230616,153000,63.21,63.21,63.06,63.06,1573,0
AIA.US,5,20230616,153500,63.03,63.03,62.93,62.93,1200,0
AIA.US,5,20230616,154000,63,63,63,63,775,0
AIA.US,5,20230616,154500,62.95,62.95,62.91,62.92,16930,0
AIA.US,5,20230616,155000,62.94,62.9648,62.905,62.905,1100,0
AIA.US,5,20230616,155500,62.92,62.92,62.92,62.92,100,0
AIA.US,5,20230616,160000,62.92,62.95,62.92,62.95,1600,0
AIA.US,5,20230616,160500,62.89,62.89,62.88,62.88,400,0
AIA.US,5,20230616,161500,62.69,62.7,62.674,62.674,500,0
AIA.US,5,20230616,163000,62.79,62.88,62.79,62.88,500,0
AIA.US,5,20230616,163500,62.82,62.82,62.78,62.78,1200,0
AIA.US,5,20230616,164000,62.76,62.76,62.75,62.75,9000,0
AIA.US,5,20230616,164500,62.67,62.67,62.66,62.66,900,0
AIA.US,5,20230616,170500,62.78,62.79,62.78,62.79,400,0
AIA.US,5,20230616,171500,62.81,62.82,62.81,62.81,700,0
AIA.US,5,20230616,172000,62.81,62.82,62.81,62.82,200,0
AIA.US,5,20230616,172500,62.76,62.76,62.76,62.76,100,0
AIA.US,5,20230616,174000,62.61,62.61,62.55,62.55,1706,0
AIA.US,5,20230616,174500,62.5501,62.5501,62.5501,62.5501,718,0
AIA.US,5,20230616,175000,62.5209,62.585,62.5209,62.585,900,0
AIA.US,5,20230616,175500,62.5715,62.5715,62.5715,62.5715,1000,0
AIA.US,5,20230616,181500,62.71,62.71,62.71,62.71,100,0
AIA.US,5,20230616,182000,62.71,62.71,62.71,62.71,300,0
AIA.US,5,20230616,185000,62.841,62.841,62.841,62.841,500,0
AIA.US,5,20230616,191500,62.81,62.81,62.81,62.81,100,0
AIA.US,5,20230616,200000,62.825,62.825,62.82,62.825,600,0
AIA.US,5,20230616,201000,62.7235,62.7235,62.7235,62.7235,250,0
AIA.US,5,20230616,205000,62.77,62.77,62.77,62.77,200,0
AIA.US,5,20230616,210000,62.73,62.73,62.73,62.73,200,0
AIA.US,5,20230616,210500,62.68,62.68,62.68,62.68,340,0
AIA.US,5,20230616,211000,62.68,62.705,62.68,62.69,4624,0
AIA.US,5,20230616,211500,62.59,62.59,62.59,62.59,100,0
AIA.US,5,20230616,212000,62.63,62.63,62.63,62.63,100,0
AIA.US,5,20230616,213000,62.77,62.77,62.77,62.77,100,0
AIA.US,5,20230616,213500,62.71,62.71,62.71,62.71,802,0
AIA.US,5,20230616,214500,62.74,62.74,62.74,62.74,100,0
AIA.US,5,20230616,215500,62.73,62.73,62.72,62.72,827,0
AIA.US,5,20230620,153000,61.58,61.58,61.35,61.48,1660,0
AIA.US,5,20230620,153500,61.515,61.515,61.4,61.4,1100,0
AIA.US,5,20230620,154000,61.33,61.34,61.25,61.34,25908,0
AIA.US,5,20230620,154500,61.3375,61.355,61.2689,61.2689,16500,0
AIA.US,5,20230620,155000,61.36,61.375,61.33,61.335,2600,0
AIA.US,5,20230620,155500,61.21,61.21,61.21,61.21,100,0
AIA.US,5,20230620,160000,61.19,61.19,61.19,61.19,100,0
AIA.US,5,20230620,160500,61.11,61.11,61.1,61.1,600,0
AIA.US,5,20230620,161000,61.16,61.16,61.16,61.16,136,0
AIA.US,5,20230620,161500,61.1109,61.1109,61.1109,61.1109,350,0
AIA.US,5,20230620,162000,61.06,61.06,61,61,725,0
AIA.US,5,20230620,162500,60.96,60.96,60.96,60.96,100,0
AIA.US,5,20230620,163000,60.93,60.94,60.93,60.94,1035,0
AIA.US,5,20230620,164500,61,61,61,61,100,0
AIA.US,5,20230620,165000,60.93,60.93,60.93,60.93,100,0
AIA.US,5,20230620,165500,60.935,60.935,60.935,60.935,200,0
AIA.US,5,20230620,170000,61.0003,61.0003,61.0003,61.0003,205,0
AIA.US,5,20230620,171000,60.995,60.995,60.995,60.995,200,0
AIA.US,5,20230620,172000,60.91,60.91,60.91,60.91,340,0
AIA.US,5,20230620,172500,60.89,60.89,60.89,60.89,100,0
AIA.US,5,20230620,174000,60.91,60.91,60.91,60.91,100,0
AIA.US,5,20230620,174500,60.9447,60.9447,60.88,60.88,1245,0
AIA.US,5,20230620,180000,60.8501,60.8501,60.85,60.85,400,0
AIA.US,5,20230620,180500,60.82,60.82,60.82,60.82,100,0
AIA.US,5,20230620,181000,60.8934,60.8934,60.85,60.85,737,0
AIA.US,5,20230620,183000,60.962,60.9632,60.907,60.9632,720,0
AIA.US,5,20230620,183500,60.9757,60.9822,60.93,60.93,865,0
AIA.US,5,20230620,184000,60.9126,60.9126,60.9126,60.9126,181,0
AIA.US,5,20230620,185500,60.9184,60.94,60.9079,60.9079,1930,0
AIA.US,5,20230620,192000,60.98,60.98,60.98,60.98,100,0
AIA.US,5,20230620,192500,61.01,61.01,61.005,61.005,386,0
AIA.US,5,20230620,195000,60.97,60.97,60.96,60.96,200,0
AIA.US,5,20230620,200000,60.935,60.935,60.935,60.935,400,0
AIA.US,5,20230620,200500,60.94,60.94,60.94,60.94,200,0
AIA.US,5,20230620,201000,60.9001,60.9001,60.9001,60.9001,100,0
AIA.US,5,20230620,203000,60.9115,60.9115,60.9115,60.9115,253,0
AIA.US,5,20230620,204000,60.91,60.91,60.9,60.9,500,0
AIA.US,5,20230620,205000,60.8986,60.8986,60.8986,60.8986,100,0
AIA.US,5,20230620,205500,60.8801,60.8801,60.8801,60.8801,100,0
AIA.US,5,20230620,210500,60.94,60.94,60.94,60.94,104,0
AIA.US,5,20230620,213500,60.93,60.93,60.93,60.93,100,0
AIA.US,5,20230620,214500,60.94,60.94,60.94,60.94,100,0
AIA.US,5,20230620,215000,61.01,61.01,60.9288,60.9288,600,0
AIA.US,5,20230620,215500,60.95,60.95,60.87,60.87,3544,0
AIA.US,5,20230621,153000,60.53,60.53,60.46,60.53,2043,0
AIA.US,5,20230621,153500,60.56,60.69,60.53,60.595,9604,0
AIA.US,5,20230621,154000,60.6,60.61,60.53,60.58,1200,0
AIA.US,5,20230621,154500,60.59,60.59,60.59,60.59,500,0
AIA.US,5,20230621,155000,60.615,60.615,60.59,60.59,300,0
AIA.US,5,20230621,155500,60.54,60.54,60.515,60.515,750,0
AIA.US,5,20230621,160000,60.51,60.51,60.475,60.475,500,0
AIA.US,5,20230621,160500,60.45,60.45,60.45,60.45,200,0
AIA.US,5,20230621,161000,60.45,60.5,60.45,60.48,3200,0
AIA.US,5,20230621,161500,60.49,60.52,60.49,60.52,1154,0
AIA.US,5,20230621,162500,60.465,60.465,60.465,60.465,2500,0
AIA.US,5,20230621,163000,60.5,60.5,60.4635,60.4635,689,0
AIA.US,5,20230621,163500,60.43,60.45,60.415,60.45,1000,0
AIA.US,5,20230621,164500,60.38,60.39,60.38,60.38,300,0
AIA.US,5,20230621,165500,60.38,60.38,60.38,60.38,200,0
AIA.US,5,20230621,170000,60.3557,60.3557,60.3557,60.3557,100,0
AIA.US,5,20230621,170500,60.34,60.34,60.3,60.3,400,0
AIA.US,5,20230621,171000,60.24,60.27,60.24,60.27,300,0
AIA.US,5,20230621,171500,60.28,60.28,60.28,60.28,200,0
AIA.US,5,20230621,172500,60.31,60.315,60.31,60.315,300,0
AIA.US,5,20230621,173500,60.3519,60.3519,60.3519,60.3519,115,0
AIA.US,5,20230621,175000,60.3601,60.37,60.3601,60.37,325,0
AIA.US,5,20230621,181000,60.42,60.42,60.381,60.381,389,0
AIA.US,5,20230621,183500,60.49,60.49,60.4832,60.4832,400,0
AIA.US,5,20230621,190000,60.4,60.4,60.37,60.37,532,0
AIA.US,5,20230621,191500,60.3699,60.3699,60.3699,60.3699,250,0
AIA.US,5,20230621,200000,60.52,60.52,60.52,60.52,595,0
AIA.US,5,20230621,210000,60.49,60.5,60.49,60.5,400,0
AIA.US,5,20230621,210500,60.48,60.48,60.4795,60.48,904,0
AIA.US,5,20230621,211000,60.47,60.47,60.47,60.47,100,0
AIA.US,5,20230621,212000,60.47,60.47,60.47,60.47,300,0
AIA.US,5,20230621,213500,60.41,60.41,60.4,60.4,402,0
AIA.US,5,20230621,215000,60.39,60.39,60.39,60.39,100,0
AIA.US,5,20230621,215500,60.4093,60.4093,60.37,60.37,4885,0
AIA.US,5,20230622,153000,60.09,60.09,60.09,60.09,2400,0
AIA.US,5,20230622,153500,60.21,60.21,60.09,60.16,886,0
AIA.US,5,20230622,154500,60.21,60.21,60.21,60.21,200,0
AIA.US,5,20230622,155000,60.27,60.3,60.27,60.28,795,0
AIA.US,5,20230622,164000,60.33,60.33,60.33,60.33,100,0
AIA.US,5,20230622,170000,60.4089,60.4089,60.4089,60.4089,4183,0
AIA.US,5,20230622,171000,60.45,60.45,60.34,60.345,11635,0
AIA.US,5,20230622,172000,60.41,60.41,60.395,60.395,300,0
AIA.US,5,20230622,172500,60.3228,60.3228,60.3228,60.3228,100,0
AIA.US,5,20230622,173500,60.48,60.53,60.48,60.53,825,0
AIA.US,5,20230622,174000,60.51,60.51,60.51,60.51,400,0
AIA.US,5,20230622,175500,60.42,60.42,60.42,60.42,100,0
AIA.US,5,20230622,180000,60.42,60.42,60.42,60.42,100,0
AIA.US,5,20230622,183000,60.39,60.39,60.39,60.39,100,0
AIA.US,5,20230622,184500,60.39,60.39,60.3793,60.39,500,0
AIA.US,5,20230622,190000,60.36,60.36,60.36,60.36,100,0
AIA.US,5,20230622,190500,60.355,60.355,60.355,60.355,263,0
AIA.US,5,20230622,192000,60.38,60.42,60.38,60.42,300,0
AIA.US,5,20230622,192500,60.42,60.42,60.42,60.42,100,0
AIA.US,5,20230622,193000,60.41,60.41,60.41,60.41,500,0
AIA.US,5,20230622,193500,60.42,60.42,60.42,60.42,200,0
AIA.US,5,20230622,194500,60.42,60.44,60.42,60.44,200,0
AIA.US,5,20230622,195000,60.45,60.45,60.45,60.45,200,0
AIA.US,5,20230622,195500,60.44,60.5,60.44,60.5,700,0
AIA.US,5,20230622,200000,60.505,60.52,60.505,60.52,800,0
AIA.US,5,20230622,200500,60.52,60.52,60.52,60.52,400,0
AIA.US,5,20230622,201000,60.52,60.52,60.52,60.52,200,0
AIA.US,5,20230622,201500,60.52,60.52,60.465,60.465,300,0
AIA.US,5,20230622,202000,60.52,60.52,60.52,60.52,200,0
AIA.US,5,20230622,202500,60.51,60.51,60.51,60.51,200,0
AIA.US,5,20230622,203000,60.55,60.55,60.55,60.55,200,0
AIA.US,5,20230622,203500,60.53,60.53,60.53,60.53,200,0
AIA.US,5,20230622,204000,60.53,60.53,60.53,60.53,200,0
AIA.US,5,20230622,204500,60.52,60.52,60.44,60.52,800,0
AIA.US,5,20230622,205000,60.52,60.52,60.52,60.52,200,0
AIA.US,5,20230622,205500,60.58,60.58,60.58,60.58,200,0
AIA.US,5,20230622,210000,60.56,60.56,60.56,60.56,200,0
AIA.US,5,20230622,210500,60.5,60.56,60.495,60.55,400,0
AIA.US,5,20230622,211000,60.54,60.54,60.54,60.54,200,0
AIA.US,5,20230622,211500,60.54,60.54,60.54,60.54,200,0
AIA.US,5,20230622,212000,60.5,60.5,60.5,60.5,136,0
AIA.US,5,20230622,212500,60.48,60.49,60.42,60.42,300,0
AIA.US,5,20230622,213000,60.42,60.43,60.42,60.43,200,0
AIA.US,5,20230622,213500,60.44,60.44,60.44,60.44,200,0
AIA.US,5,20230622,214000,60.47,60.47,60.47,60.47,400,0
AIA.US,5,20230622,214500,60.47,60.48,60.47,60.48,400,0
AIA.US,5,20230622,215000,60.48,60.48,60.42,60.48,950,0
AIA.US,5,20230622,215500,60.48,60.5,60.44,60.47,1200,0
AIA.US,5,20230623,153000,59.69,59.69,59.49,59.49,3869,0
AIA.US,5,20230623,153500,59.4803,59.4803,59.46,59.46,700,0
AIA.US,5,20230623,154000,59.43,59.43,59.39,59.4,500,0
AIA.US,5,20230623,154500,59.37,59.37,59.29,59.32,469,0
AIA.US,5,20230623,155000,59.33,59.33,59.33,59.33,100,0
AIA.US,5,20230623,155500,59.23,59.23,59.23,59.23,100,0
AIA.US,5,20230623,160000,59.3,59.31,59.3,59.31,800,0
AIA.US,5,20230623,171000,59.325,59.325,59.325,59.325,100,0
AIA.US,5,20230623,182500,59.4273,59.4273,59.4273,59.4273,463,0
AIA.US,5,20230623,184500,59.48,59.48,59.48,59.48,7327,0
AIA.US,5,20230623,190000,59.45,59.45,59.45,59.45,100,0
AIA.US,5,20230623,192500,59.465,59.465,59.465,59.465,1529,0
AIA.US,5,20230623,193000,59.465,59.465,59.465,59.465,100,0
AIA.US,5,20230623,200000,59.525,59.54,59.51,59.535,600,0
AIA.US,5,20230623,202000,59.426,59.4939,59.426,59.4939,446,0
AIA.US,5,20230623,205000,59.3,59.3001,59.3,59.3001,329,0
AIA.US,5,20230623,210500,59.335,59.3737,59.335,59.3737,400,0
AIA.US,5,20230623,211000,59.38,59.38,59.38,59.38,200,0
AIA.US,5,20230623,212000,59.3572,59.3572,59.3572,59.3572,115,0
AIA.US,5,20230623,213500,59.375,59.38,59.32,59.32,400,0
AIA.US,5,20230623,214500,59.385,59.385,59.35,59.35,200,0
AIA.US,5,20230623,215000,59.41,59.41,59.41,59.41,100,0
AIA.US,5,20230623,215500,59.41,59.41,59.38,59.38,300,0
AIA.US,5,20230626,154500,59.9401,59.9401,59.9401,59.9401,178,0
AIA.US,5,20230626,160000,59.95,59.95,59.95,59.95,700,0
AIA.US,5,20230626,160500,59.95,60.07,59.95,59.95,1096,0
AIA.US,5,20230626,161000,59.92,59.92,59.9,59.91,1200,0
AIA.US,5,20230626,161500,59.8952,59.8952,59.862,59.862,218,0
AIA.US,5,20230626,173000,59.761,59.761,59.761,59.761,311,0
AIA.US,5,20230626,174500,59.7188,59.7188,59.7188,59.7188,603,0
AIA.US,5,20230626,181500,59.6787,59.6787,59.6787,59.6787,595,0
AIA.US,5,20230626,182500,59.7,59.7,59.7,59.7,1000,0
AIA.US,5,20230626,183500,59.7243,59.7243,59.7243,59.7243,100,0
AIA.US,5,20230626,202500,59.8,59.8,59.7601,59.7601,600,0
AIA.US,5,20230626,203000,59.84,59.84,59.84,59.84,100,0
AIA.US,5,20230626,204000,59.8012,59.8778,59.8012,59.8778,346,0
AIA.US,5,20230626,210000,59.9,59.9,59.9,59.9,125,0
AIA.US,5,20230626,211500,59.8999,59.8999,59.8999,59.8999,612,0
AIA.US,5,20230626,212500,59.87,59.87,59.87,59.87,100,0
AIA.US,5,20230626,213000,59.8521,59.8521,59.8521,59.8521,149,0
AIA.US,5,20230626,213500,59.85,59.85,59.85,59.85,100,0
AIA.US,5,20230626,214000,59.84,59.84,59.84,59.84,100,0
AIA.US,5,20230626,214500,59.83,59.83,59.82,59.82,300,0
AIA.US,5,20230626,215000,59.73,59.73,59.73,59.73,100,0
AIA.US,5,20230626,215500,59.7,59.71,59.62,59.62,4897,0
AIA.US,5,20230627,153000,60.25,60.32,60.25,60.32,897,0
AIA.US,5,20230627,153500,60.39,60.39,60.39,60.39,299,0
AIA.US,5,20230627,154000,60.3997,60.45,60.3997,60.45,343,0
AIA.US,5,20230627,154500,60.46,60.46,60.37,60.39,600,0
AIA.US,5,20230627,155000,60.38,60.38,60.37,60.37,500,0
AIA.US,5,20230627,155500,60.36,60.36,60.35,60.35,500,0
AIA.US,5,20230627,160500,60.28,60.28,60.28,60.28,100,0
AIA.US,5,20230627,162000,60.3,60.31,60.3,60.31,1100,0
AIA.US,5,20230627,162500,60.32,60.32,60.32,60.32,214,0
AIA.US,5,20230627,165000,60.4,60.4,60.38,60.4,1000,0
AIA.US,5,20230627,173000,60.415,60.415,60.415,60.415,210,0
AIA.US,5,20230627,174500,60.4271,60.4271,60.4271,60.4271,2014,0
AIA.US,5,20230627,175000,60.46,60.46,60.46,60.46,100,0
AIA.US,5,20230627,181000,60.425,60.425,60.425,60.425,100,0
AIA.US,5,20230627,183000,60.47,60.47,60.47,60.47,546,0
AIA.US,5,20230627,183500,60.47,60.47,60.47,60.47,684,0
AIA.US,5,20230627,185500,60.514,60.514,60.514,60.514,358,0
AIA.US,5,20230627,192000,60.485,60.52,60.485,60.52,200,0
AIA.US,5,20230627,192500,60.52,60.52,60.52,60.52,1261,0
AIA.US,5,20230627,195000,60.55,60.55,60.55,60.55,100,0
AIA.US,5,20230627,200000,60.6,60.61,60.59,60.61,500,0
AIA.US,5,20230627,201500,60.5358,60.5365,60.5358,60.5365,1473,0
AIA.US,5,20230627,211000,60.5124,60.5124,60.5124,60.5124,251,0
AIA.US,5,20230627,215000,60.5411,60.56,60.5411,60.56,200,0
AIA.US,5,20230627,215500,60.55,60.62,60.55,60.62,400,0
AIA.US,5,20230628,153000,59.86,59.86,59.661,59.661,581,0
AIA.US,5,20230628,154000,59.78,59.8023,59.78,59.8023,465,0
AIA.US,5,20230628,154500,59.71,59.71,59.71,59.71,100,0
AIA.US,5,20230628,155000,59.66,59.78,59.66,59.78,700,0
AIA.US,5,20230628,160500,59.68,59.68,59.68,59.68,109,0
AIA.US,5,20230628,161500,59.745,59.745,59.7123,59.7123,250,0
AIA.US,5,20230628,171000,59.81,59.81,59.81,59.81,100,0
AIA.US,5,20230628,171500,59.7387,59.7387,59.7387,59.7387,216,0
AIA.US,5,20230628,172500,59.85,59.85,59.85,59.85,200,0
AIA.US,5,20230628,174500,59.8446,59.8446,59.8446,59.8446,1700,0
AIA.US,5,20230628,175000,59.87,59.87,59.87,59.87,100,0
AIA.US,5,20230628,175500,59.92,59.92,59.92,59.92,300,0
AIA.US,5,20230628,180500,59.94,59.94,59.8701,59.8701,270,0
AIA.US,5,20230628,183500,59.89,59.89,59.89,59.89,126,0
AIA.US,5,20230628,185000,59.92,59.92,59.92,59.92,170,0
AIA.US,5,20230628,193000,59.99,60,59.99,60,400,0
AIA.US,5,20230628,193500,59.97,59.97,59.97,59.97,100,0
AIA.US,5,20230628,194000,59.98,59.98,59.92,59.92,200,0
AIA.US,5,20230628,194500,59.97,59.97,59.95,59.95,200,0
AIA.US,5,20230628,195000,59.95,59.95,59.95,59.95,100,0
AIA.US,5,20230628,195500,59.95,59.95,59.95,59.95,100,0
AIA.US,5,20230628,200000,59.95,59.99,59.95,59.98,700,0
AIA.US,5,20230628,200500,59.99,59.99,59.99,59.99,100,0
AIA.US,5,20230628,201000,59.99,59.99,59.99,59.99,100,0
AIA.US,5,20230628,201500,59.97,59.99,59.97,59.99,302,0
AIA.US,5,20230628,202000,60,60,60,60,100,0
AIA.US,5,20230628,202500,59.945,59.99,59.945,59.99,265,0
AIA.US,5,20230628,203000,59.99,59.99,59.99,59.99,200,0
AIA.US,5,20230628,203500,60,60,60,60,100,0
AIA.US,5,20230628,204000,60,60,60,60,100,0
AIA.US,5,20230628,204500,60,60,60,60,100,0
AIA.US,5,20230628,205000,60,60,60,60,200,0
AIA.US,5,20230628,205500,59.975,60,59.975,60,225,0
AIA.US,5,20230628,210000,60.01,60.01,60.01,60.01,100,0
AIA.US,5,20230628,210500,59.96,59.96,59.94,59.94,200,0
AIA.US,5,20230628,211000,59.97,59.97,59.96,59.97,300,0
AIA.US,5,20230628,211500,59.97,59.97,59.96,59.96,300,0
AIA.US,5,20230628,212000,60,60,60,60,200,0
AIA.US,5,20230628,212500,59.9999,59.9999,59.9292,59.98,2122,0
AIA.US,5,20230628,213000,59.96,59.97,59.96,59.97,300,0
AIA.US,5,20230628,213500,59.97,59.97,59.9261,59.9261,1036,0
AIA.US,5,20230628,214000,59.94,59.97,59.93,59.97,4146,0
AIA.US,5,20230628,214500,59.96,59.97,59.96,59.97,400,0
AIA.US,5,20230628,215000,59.97,60.03,59.97,60.01,800,0
AIA.US,5,20230628,215500,60.01,60.01,59.97,59.97,1963,0
AIA.US,5,20230629,153000,59.35,59.37,59.34,59.37,1030,0
AIA.US,5,20230629,154000,59.4,59.4,59.4,59.4,100,0
AIA.US,5,20230629,154500,59.38,59.38,59.38,59.38,445,0
AIA.US,5,20230629,155000,59.41,59.42,59.41,59.42,400,0
AIA.US,5,20230629,155500,59.35,59.35,59.35,59.35,100,0
AIA.US,5,20230629,162000,59.4329,59.4329,59.4,59.4,200,0
AIA.US,5,20230629,163500,59.2901,59.2901,59.2901,59.2901,200,0
AIA.US,5,20230629,164000,59.34,59.3799,59.33,59.3799,600,0
AIA.US,5,20230629,164500,59.35,59.35,59.31,59.31,200,0
AIA.US,5,20230629,165000,59.37,59.37,59.305,59.305,600,0
AIA.US,5,20230629,165500,59.36,59.37,59.36,59.37,700,0
AIA.US,5,20230629,170000,59.37,59.38,59.37,59.38,300,0
AIA.US,5,20230629,170500,59.41,59.45,59.41,59.45,800,0
AIA.US,5,20230629,171000,59.41,59.41,59.41,59.41,212,0
AIA.US,5,20230629,171500,59.3661,59.3661,59.3661,59.3661,505,0
AIA.US,5,20230629,172000,59.45,59.45,59.44,59.44,300,0
AIA.US,5,20230629,174000,59.416,59.416,59.416,59.416,250,0
AIA.US,5,20230629,175000,59.44,59.44,59.44,59.44,100,0
AIA.US,5,20230629,180000,59.44,59.44,59.44,59.44,300,0
AIA.US,5,20230629,180500,59.44,59.45,59.44,59.45,200,0
AIA.US,5,20230629,182500,59.44,59.44,59.44,59.44,100,0
AIA.US,5,20230629,184000,59.43,59.44,59.43,59.44,300,0
AIA.US,5,20230629,190000,59.41,59.41,59.41,59.41,100,0
AIA.US,5,20230629,190500,59.35,59.35,59.35,59.35,200,0
AIA.US,5,20230629,191000,59.4,59.4,59.4,59.4,100,0
AIA.US,5,20230629,192000,59.43,59.43,59.43,59.43,100,0
AIA.US,5,20230629,192500,59.43,59.43,59.43,59.43,100,0
AIA.US,5,20230629,193500,59.42,59.42,59.375,59.375,212,0
AIA.US,5,20230629,194000,59.4,59.4,59.4,59.4,100,0
AIA.US,5,20230629,194500,59.42,59.42,59.42,59.42,100,0
AIA.US,5,20230629,195000,59.39,59.39,59.39,59.39,631,0
AIA.US,5,20230629,195500,59.42,59.42,59.36,59.36,251,0
AIA.US,5,20230629,200500,59.32,59.32,59.32,59.32,100,0
AIA.US,5,20230629,201000,59.355,59.36,59.355,59.355,600,0
AIA.US,5,20230629,201500,59.36,59.37,59.36,59.37,220,0
AIA.US,5,20230629,202000,59.37,59.42,59.37,59.42,200,0
AIA.US,5,20230629,203000,59.41,59.41,59.41,59.41,100,0
AIA.US,5,20230629,203500,59.41,59.41,59.41,59.41,100,0
AIA.US,5,20230629,204000,59.39,59.39,59.39,59.39,100,0
AIA.US,5,20230629,204500,59.39,59.39,59.39,59.39,100,0
AIA.US,5,20230629,205000,59.39,59.39,59.39,59.39,100,0
AIA.US,5,20230629,210000,59.41,59.42,59.3601,59.3601,920,0
AIA.US,5,20230629,210500,59.42,59.42,59.42,59.42,200,0
AIA.US,5,20230629,211000,59.42,59.42,59.42,59.42,100,0
AIA.US,5,20230629,211500,59.42,59.42,59.42,59.42,100,0
AIA.US,5,20230629,212000,59.39,59.4,59.39,59.4,308,0
AIA.US,5,20230629,212500,59.4,59.4,59.4,59.4,100,0
AIA.US,5,20230629,213000,59.42,59.42,59.42,59.42,200,0
AIA.US,5,20230629,214000,59.385,59.385,59.36,59.38,1092,0
AIA.US,5,20230629,214500,59.4,59.4,59.4,59.4,100,0
AIA.US,5,20230629,215000,59.41,59.42,59.41,59.41,400,0
AIA.US,5,20230629,215500,59.41,59.43,59.41,59.43,680,0
AIA.US,5,20230630,153000,59.59,59.655,59.59,59.655,916,0
AIA.US,5,20230630,153500,59.5082,59.56,59.4617,59.4617,1190,0
AIA.US,5,20230630,154000,59.57,59.78,59.57,59.71,2700,0
AIA.US,5,20230630,154500,59.72,59.74,59.72,59.74,400,0
AIA.US,5,20230630,155000,59.85,59.85,59.84,59.84,700,0
AIA.US,5,20230630,155500,59.8526,59.8526,59.8526,59.8526,565,0
AIA.US,5,20230630,161500,59.88,59.88,59.88,59.88,400,0
AIA.US,5,20230630,162000,59.91,59.92,59.91,59.92,834,0
AIA.US,5,20230630,163500,59.84,59.84,59.84,59.84,5794,0
AIA.US,5,20230630,164500,59.79,59.79,59.72,59.72,900,0
AIA.US,5,20230630,171000,59.71,59.72,59.71,59.72,2900,0
AIA.US,5,20230630,171500,59.74,59.76,59.74,59.76,4100,0
AIA.US,5,20230630,172500,59.69,59.69,59.69,59.69,100,0
AIA.US,5,20230630,173000,59.665,59.665,59.665,59.665,200,0
AIA.US,5,20230630,180000,59.7225,59.77,59.6521,59.6521,1505,0
AIA.US,5,20230630,180500,59.7002,59.7002,59.7002,59.7002,150,0
AIA.US,5,20230630,183500,59.73,59.73,59.73,59.73,600,0
AIA.US,5,20230630,185000,59.7564,59.7564,59.7564,59.7564,165,0
AIA.US,5,20230630,185500,59.7923,59.8,59.7923,59.8,200,0
AIA.US,5,20230630,190000,59.8,59.84,59.8,59.84,200,0
AIA.US,5,20230630,191000,59.8283,59.8283,59.8283,59.8283,306,0
AIA.US,5,20230630,200000,59.76,59.775,59.76,59.77,600,0
AIA.US,5,20230630,204500,59.6643,59.6643,59.6643,59.6643,220,0
AIA.US,5,20230630,210000,59.67,59.67,59.66,59.67,800,0
AIA.US,5,20230630,210500,59.66,59.67,59.6316,59.67,1434,0
AIA.US,5,20230630,211000,59.67,59.68,59.67,59.68,600,0
AIA.US,5,20230630,211500,59.67,59.7436,59.67,59.68,933,0
AIA.US,5,20230630,212000,59.67,59.67,59.66,59.66,600,0
AIA.US,5,20230630,212500,59.66,59.67,59.66,59.67,800,0
AIA.US,5,20230630,213000,59.67,59.69,59.67,59.69,600,0
AIA.US,5,20230630,213500,59.68,59.73,59.68,59.71,900,0
AIA.US,5,20230630,214000,59.71,59.71,59.71,59.71,600,0
AIA.US,5,20230630,214500,59.7,59.7,59.67,59.67,700,0
AIA.US,5,20230630,215000,59.7,59.76,59.67,59.71,1000,0
AIA.US,5,20230630,215500,59.74,59.74,59.63,59.64,10095,0
AIA.US,5,20230703,153000,60.63,60.73,60.63,60.69,4016,0
AIA.US,5,20230703,153500,60.77,60.81,60.745,60.8,1900,0
AIA.US,5,20230703,154000,60.81,60.82,60.81,60.81,500,0
AIA.US,5,20230703,164500,60.65,60.65,60.59,60.59,200,0
AIA.US,5,20230703,171500,60.55,60.55,60.55,60.55,450,0
AIA.US,5,20230703,172000,60.595,60.595,60.595,60.595,100,0
AIA.US,5,20230703,172500,60.63,60.63,60.63,60.63,100,0
AIA.US,5,20230703,173000,60.6,60.6,60.57,60.57,500,0
AIA.US,5,20230703,173500,60.57,60.57,60.55,60.55,500,0
AIA.US,5,20230703,174000,60.55,60.56,60.54,60.5525,1000,0
AIA.US,5,20230703,174500,60.54,60.54,60.48,60.48,400,0
AIA.US,5,20230703,175000,60.475,60.55,60.475,60.55,300,0
AIA.US,5,20230703,175500,60.55,60.56,60.515,60.55,600,0
AIA.US,5,20230703,180000,60.52,60.56,60.52,60.56,400,0
AIA.US,5,20230703,180500,60.56,60.59,60.56,60.59,1100,0
AIA.US,5,20230703,181000,60.555,60.6,60.555,60.58,905,0
AIA.US,5,20230703,181500,60.57,60.58,60.535,60.58,600,0
AIA.US,5,20230703,182000,60.59,60.59,60.59,60.59,333,0
AIA.US,5,20230703,182500,60.59,60.59,60.59,60.59,200,0
AIA.US,5,20230703,183000,60.59,60.59,60.59,60.59,200,0
AIA.US,5,20230703,183500,60.59,60.59,60.5891,60.59,704,0
AIA.US,5,20230703,184000,60.59,60.66,60.5,60.5,500,0
AIA.US,5,20230703,184500,60.66,60.66,60.66,60.66,400,0
AIA.US,5,20230703,185000,60.66,60.66,60.54,60.54,900,0
AIA.US,5,20230703,185500,60.65,60.65,60.53,60.64,1932,0
AIA.US,5,20230703,190000,60.57,60.57,60.57,60.57,1910,0
AIA.US,5,20230705,153000,59.92,59.9503,59.92,59.9503,801,0
AIA.US,5,20230705,153500,59.94,59.94,59.94,59.94,100,0
AIA.US,5,20230705,160000,59.92,59.94,59.92,59.94,300,0
AIA.US,5,20230705,160500,59.9562,60,59.9562,59.99,1632,0
AIA.US,5,20230705,161000,59.99,59.99,59.99,59.99,300,0
AIA.US,5,20230705,161500,60,60,60,60,200,0
AIA.US,5,20230705,163500,60.0528,60.0528,60.0528,60.0528,200,0
AIA.US,5,20230705,173500,59.9877,59.9877,59.9877,59.9877,124,0
AIA.US,5,20230705,180000,59.885,59.885,59.885,59.885,250,0
AIA.US,5,20230705,181000,59.87,59.87,59.87,59.87,802,0
AIA.US,5,20230705,182500,59.8386,59.8386,59.8386,59.8386,100,0
AIA.US,5,20230705,183500,59.8747,59.8747,59.8747,59.8747,233,0
AIA.US,5,20230705,184000,59.88,59.88,59.88,59.88,445,0
AIA.US,5,20230705,192000,59.91,59.91,59.91,59.91,100,0
AIA.US,5,20230705,193500,59.9,59.9,59.9,59.9,100,0
AIA.US,5,20230705,194000,59.91,59.92,59.91,59.92,400,0
AIA.US,5,20230705,195000,59.95,59.95,59.95,59.95,250,0
AIA.US,5,20230705,195500,59.98,59.98,59.98,59.98,261,0
AIA.US,5,20230705,200000,59.985,60.01,59.96,59.96,850,0
AIA.US,5,20230705,201000,59.921,59.921,59.921,59.921,100,0
AIA.US,5,20230705,201500,59.92,59.92,59.865,59.865,3280,0
AIA.US,5,20230705,202000,59.76,59.76,59.76,59.76,100,0
AIA.US,5,20230705,203500,59.82,59.82,59.82,59.82,125,0
AIA.US,5,20230705,204000,59.86,59.94,59.86,59.94,800,0
AIA.US,5,20230705,215000,59.93,59.93,59.93,59.93,100,0
AIA.US,5,20230705,215500,59.92,59.95,59.88,59.88,3113,0
AIA.US,5,20230706,153000,58.6,58.67,58.45,58.645,3534,0
AIA.US,5,20230706,153500,58.56,58.56,58.56,58.56,121,0
AIA.US,5,20230706,154000,58.57,58.57,58.56,58.57,1200,0
AIA.US,5,20230706,154500,58.5619,58.5619,58.5619,58.5619,303,0
AIA.US,5,20230706,155000,58.51,58.51,58.47,58.47,1300,0
AIA.US,5,20230706,155500,58.42,58.42,58.42,58.42,1100,0
AIA.US,5,20230706,162000,58.32,58.32,58.3,58.3,964,0
AIA.US,5,20230706,162500,58.3,58.3,58.27,58.27,1437,0
AIA.US,5,20230706,163000,58.27,58.27,58.27,58.27,500,0
AIA.US,5,20230706,163500,58.26,58.26,58.21,58.21,300,0
AIA.US,5,20230706,164500,58.21,58.21,58.21,58.21,100,0
AIA.US,5,20230706,165000,58.18,58.2108,58.18,58.2108,633,0
AIA.US,5,20230706,170000,58.2,58.2,58.2,58.2,100,0
AIA.US,5,20230706,171000,58.19,58.19,58.19,58.19,333,0
AIA.US,5,20230706,171500,58.2299,58.2299,58.2299,58.2299,254,0
AIA.US,5,20230706,172500,58.1627,58.1627,58.1627,58.1627,100,0
AIA.US,5,20230706,173000,58.18,58.21,58.18,58.2,816,0
AIA.US,5,20230706,183500,58.265,58.265,58.265,58.265,200,0
AIA.US,5,20230706,190000,58.27,58.27,58.27,58.27,100,0
AIA.US,5,20230706,191500,58.294,58.3,58.294,58.3,4200,0
AIA.US,5,20230706,192500,58.33,58.33,58.33,58.33,100,0
AIA.US,5,20230706,193000,58.325,58.325,58.325,58.325,100,0
AIA.US,5,20230706,193500,58.32,58.33,58.32,58.33,200,0
AIA.US,5,20230706,194500,58.29,58.29,58.29,58.29,100,0
AIA.US,5,20230706,195000,58.29,58.3511,58.29,58.3511,450,0
AIA.US,5,20230706,195500,58.29,58.29,58.29,58.29,100,0
AIA.US,5,20230706,200000,58.375,58.38,58.31,58.31,600,0
AIA.US,5,20230706,200500,58.31,58.31,58.31,58.31,100,0
AIA.US,5,20230706,201000,58.29,58.29,58.29,58.29,100,0
AIA.US,5,20230706,201500,58.28,58.28,58.28,58.28,100,0
AIA.US,5,20230706,202500,58.28,58.28,58.28,58.28,100,0
AIA.US,5,20230706,203000,58.27,58.27,58.27,58.27,100,0
AIA.US,5,20230706,203500,58.29,58.3591,58.29,58.3591,595,0
AIA.US,5,20230706,204000,58.28,58.3952,58.28,58.28,861,0
AIA.US,5,20230706,204500,58.32,58.32,58.32,58.32,100,0
AIA.US,5,20230706,205000,58.31,58.31,58.31,58.31,100,0
AIA.US,5,20230706,205500,58.33,58.33,58.33,58.33,100,0
AIA.US,5,20230706,210000,58.32,58.3525,58.32,58.35,300,0
AIA.US,5,20230706,210500,58.32,58.32,58.32,58.32,200,0
AIA.US,5,20230706,211000,58.346,58.346,58.31,58.31,200,0
AIA.US,5,20230706,211500,58.3,58.3,58.28,58.28,200,0
AIA.US,5,20230706,212000,58.3,58.3,58.3,58.3,100,0
AIA.US,5,20230706,212500,58.31,58.31,58.31,58.31,100,0
AIA.US,5,20230706,213500,58.36,58.388,58.36,58.388,200,0
AIA.US,5,20230706,214000,58.29,58.41,58.1,58.3,52848,0
AIA.US,5,20230706,214500,58.3077,58.3077,58.3077,58.3077,259,0
AIA.US,5,20230706,215000,58.3308,58.38,58.3267,58.3267,634,0
AIA.US,5,20230706,215500,58.38,58.43,58.28,58.28,8168,0
AIA.US,5,20230707,153000,58.7,58.75,58.66,58.75,3197,0
AIA.US,5,20230707,153500,58.75,58.75,58.73,58.73,1500,0
AIA.US,5,20230707,154000,58.85,58.85,58.85,58.85,200,0
AIA.US,5,20230707,154500,58.91,59.02,58.91,59.02,900,0
AIA.US,5,20230707,155000,59.03,59.05,58.98,58.98,300,0
AIA.US,5,20230707,160000,59.01,59.01,59.01,59.01,100,0
AIA.US,5,20230707,160500,59.038,59.038,59.038,59.038,200,0
AIA.US,5,20230707,163000,58.93,58.94,58.93,58.94,200,0
AIA.US,5,20230707,165000,59.0654,59.0654,59.0654,59.0654,100,0
AIA.US,5,20230707,175500,59.36,59.36,59.36,59.36,100,0
AIA.US,5,20230707,180000,59.28,59.28,59.28,59.28,100,0
AIA.US,5,20230707,182500,59.3114,59.42,59.3114,59.42,1584,0
AIA.US,5,20230707,183000,59.43,59.43,59.43,59.43,200,0
AIA.US,5,20230707,185000,59.569,59.569,59.569,59.569,100,0
AIA.US,5,20230707,191000,59.5155,59.5155,59.5155,59.5155,247,0
AIA.US,5,20230707,191500,59.57,59.57,59.57,59.57,100,0
AIA.US,5,20230707,192000,59.6328,59.6328,59.6328,59.6328,160,0
AIA.US,5,20230707,192500,59.64,59.64,59.63,59.63,200,0
AIA.US,5,20230707,193000,59.6399,59.64,59.6399,59.64,521,0
AIA.US,5,20230707,203000,59.619,59.619,59.619,59.619,100,0
AIA.US,5,20230707,204500,59.5,59.5,59.5,59.5,100,0
AIA.US,5,20230707,212000,59.519,59.519,59.519,59.519,100,0
AIA.US,5,20230707,214500,59.37,59.37,59.37,59.37,100,0
AIA.US,5,20230707,215500,59.3665,59.39,59.3,59.3,3581,0
