<TICKER>,<PER>,<DATE>,<TIME>,<OPEN>,<HIGH>,<LOW>,<CLOSE>,<VOL>,<OPENINT>
AIRR.US,5,20230522,153000,48.63,48.63,48.63,48.63,2414,0
AIRR.US,5,20230522,153500,48.91,48.91,48.91,48.91,300,0
AIRR.US,5,20230522,154000,48.98,48.98,48.98,48.98,100,0
AIRR.US,5,20230522,155000,48.7045,48.7045,48.7045,48.7045,250,0
AIRR.US,5,20230522,155500,48.63,48.63,48.63,48.63,1350,0
AIRR.US,5,20230522,160000,48.5955,48.6,48.57,48.5888,1996,0
AIRR.US,5,20230522,160500,48.47,48.47,48.47,48.47,307,0
AIRR.US,5,20230522,161000,48.32,48.32,48.32,48.32,130,0
AIRR.US,5,20230522,162500,48.7,48.7,48.7,48.7,237,0
AIRR.US,5,20230522,170000,48.64,48.64,48.64,48.64,122,0
AIRR.US,5,20230522,173000,48.7356,48.7356,48.73,48.73,892,0
AIRR.US,5,20230522,174000,48.73,48.73,48.73,48.73,125,0
AIRR.US,5,20230522,175000,48.7871,48.7871,48.7871,48.7871,246,0
AIRR.US,5,20230522,175500,48.92,48.92,48.92,48.92,100,0
AIRR.US,5,20230522,182500,48.8381,48.8381,48.8381,48.8381,210,0
AIRR.US,5,20230522,183000,48.86,48.86,48.86,48.86,100,0
AIRR.US,5,20230522,183500,48.9099,48.9099,48.8462,48.8462,300,0
AIRR.US,5,20230522,184000,48.79,48.79,48.79,48.79,4312,0
AIRR.US,5,20230522,185000,48.8178,48.8178,48.7726,48.7726,1522,0
AIRR.US,5,20230522,185500,48.8239,48.8239,48.8239,48.8239,330,0
AIRR.US,5,20230522,191000,48.8423,48.8423,48.81,48.81,860,0
AIRR.US,5,20230522,193500,48.8289,48.879,48.81,48.845,2784,0
AIRR.US,5,20230522,195500,48.88,48.88,48.88,48.88,100,0
AIRR.US,5,20230522,203000,48.97,48.97,48.97,48.97,100,0
AIRR.US,5,20230522,203500,48.9363,48.9363,48.9363,48.9363,250,0
AIRR.US,5,20230522,204500,48.9,48.9,48.9,48.9,500,0
AIRR.US,5,20230522,210000,49.01,49.01,49,49,1450,0
AIRR.US,5,20230522,210500,48.985,48.985,48.985,48.985,120,0
AIRR.US,5,20230522,211500,48.957,48.957,48.957,48.957,570,0
AIRR.US,5,20230522,212000,48.9325,48.9339,48.9325,48.9339,357,0
AIRR.US,5,20230522,214000,48.8571,48.8571,48.82,48.82,552,0
AIRR.US,5,20230522,215000,48.76,48.76,48.76,48.76,410,0
AIRR.US,5,20230522,215500,48.9,48.9,48.84,48.88,963,0
AIRR.US,5,20230523,153000,48.66,48.66,48.66,48.66,1029,0
AIRR.US,5,20230523,153500,48.4,48.4,48.4,48.4,400,0
AIRR.US,5,20230523,160500,48.8581,48.8581,48.8581,48.8581,695,0
AIRR.US,5,20230523,161500,48.7773,48.7773,48.7501,48.7501,767,0
AIRR.US,5,20230523,164000,49.0673,49.0673,49.015,49.015,657,0
AIRR.US,5,20230523,164500,48.9401,48.9401,48.9401,48.9401,111,0
AIRR.US,5,20230523,170500,49.0284,49.0284,49.0284,49.0284,498,0
AIRR.US,5,20230523,171500,49.1299,49.1299,49.0508,49.0508,3630,0
AIRR.US,5,20230523,173000,49.165,49.1825,49.165,49.1825,2985,0
AIRR.US,5,20230523,173500,49.1001,49.1001,49.1001,49.1001,670,0
AIRR.US,5,20230523,175500,49.24,49.24,49.24,49.24,1595,0
AIRR.US,5,20230523,180000,49.24,49.24,49.24,49.24,100,0
AIRR.US,5,20230523,181000,49.0601,49.0601,49.0601,49.0601,1750,0
AIRR.US,5,20230523,181500,49.0608,49.0608,49.0608,49.0608,160,0
AIRR.US,5,20230523,182000,49.0041,49.0041,49.0041,49.0041,125,0
AIRR.US,5,20230523,182500,48.98,48.98,48.98,48.98,500,0
AIRR.US,5,20230523,183500,48.97,48.97,48.97,48.97,306,0
AIRR.US,5,20230523,184000,48.87,48.8735,48.87,48.8735,1400,0
AIRR.US,5,20230523,185000,48.8501,48.8967,48.8501,48.8967,1919,0
AIRR.US,5,20230523,190000,48.9,48.9,48.9,48.9,185,0
AIRR.US,5,20230523,191500,48.96,48.96,48.96,48.96,327,0
AIRR.US,5,20230523,192500,48.9861,49.02,48.9861,49.02,232,0
AIRR.US,5,20230523,193000,48.79,48.79,48.75,48.75,1600,0
AIRR.US,5,20230523,193500,48.78,48.79,48.78,48.785,1100,0
AIRR.US,5,20230523,194000,48.89,48.89,48.89,48.89,500,0
AIRR.US,5,20230523,194500,48.9,48.9,48.9,48.9,425,0
AIRR.US,5,20230523,195000,48.9,48.9,48.84,48.84,550,0
AIRR.US,5,20230523,195500,48.8583,48.8583,48.8583,48.8583,450,0
AIRR.US,5,20230523,200000,48.95,48.95,48.95,48.95,100,0
AIRR.US,5,20230523,201000,48.84,48.84,48.84,48.84,225,0
AIRR.US,5,20230523,202000,48.64,48.69,48.63,48.63,520,0
AIRR.US,5,20230523,202500,48.51,48.54,48.51,48.54,625,0
AIRR.US,5,20230523,203000,48.53,48.57,48.53,48.57,420,0
AIRR.US,5,20230523,204000,48.46,48.5882,48.46,48.5882,200,0
AIRR.US,5,20230523,204500,48.5055,48.5055,48.5055,48.5055,125,0
AIRR.US,5,20230523,205000,48.55,48.59,48.55,48.59,270,0
AIRR.US,5,20230523,210000,48.68,48.68,48.68,48.68,150,0
AIRR.US,5,20230523,210500,48.5901,48.5901,48.5425,48.5425,217,0
AIRR.US,5,20230523,211000,48.61,48.61,48.61,48.61,200,0
AIRR.US,5,20230523,211500,48.65,48.65,48.5637,48.5637,650,0
AIRR.US,5,20230523,212000,48.5025,48.58,48.5025,48.57,770,0
AIRR.US,5,20230523,212500,48.62,48.63,48.5962,48.6115,1218,0
AIRR.US,5,20230523,213000,48.66,48.66,48.6467,48.65,900,0
AIRR.US,5,20230523,213500,48.6105,48.66,48.6105,48.6515,650,0
AIRR.US,5,20230523,214000,48.6,48.6,48.6,48.6,150,0
AIRR.US,5,20230523,214500,48.5901,48.61,48.5901,48.61,325,0
AIRR.US,5,20230523,215500,48.6,48.63,48.54,48.62,11343,0
AIRR.US,5,20230524,153000,48.39,48.3977,48.39,48.3977,669,0
AIRR.US,5,20230524,153500,48.3,48.3,48.2484,48.2484,200,0
AIRR.US,5,20230524,154500,48.19,48.19,48.19,48.19,100,0
AIRR.US,5,20230524,155000,48.1439,48.1439,48.1301,48.1301,343,0
AIRR.US,5,20230524,155500,48.145,48.145,48.0719,48.0719,1003,0
AIRR.US,5,20230524,161000,47.9954,47.9954,47.9799,47.9799,521,0
AIRR.US,5,20230524,161500,47.8833,47.8833,47.8833,47.8833,146,0
AIRR.US,5,20230524,162000,47.9183,47.9183,47.9183,47.9183,178,0
AIRR.US,5,20230524,164000,48.095,48.095,48.095,48.095,753,0
AIRR.US,5,20230524,175000,47.99,47.99,47.99,47.99,210,0
AIRR.US,5,20230524,175500,47.98,47.995,47.98,47.995,239,0
AIRR.US,5,20230524,180000,47.9901,47.9901,47.9901,47.9901,324,0
AIRR.US,5,20230524,181500,47.89,47.89,47.89,47.89,100,0
AIRR.US,5,20230524,182500,47.8501,47.8501,47.85,47.85,3308,0
AIRR.US,5,20230524,184500,47.8501,47.8501,47.8501,47.8501,240,0
AIRR.US,5,20230524,185000,47.84,47.84,47.84,47.84,125,0
AIRR.US,5,20230524,185500,47.7701,47.79,47.7701,47.79,1325,0
AIRR.US,5,20230524,190000,47.66,47.66,47.66,47.66,787,0
AIRR.US,5,20230524,193000,47.7,47.7,47.7,47.7,100,0
AIRR.US,5,20230524,193500,47.735,47.735,47.735,47.735,107,0
AIRR.US,5,20230524,194500,47.7501,47.7501,47.7501,47.7501,338,0
AIRR.US,5,20230524,200500,47.79,47.79,47.79,47.79,200,0
AIRR.US,5,20230524,211000,47.7671,47.7671,47.7671,47.7671,168,0
AIRR.US,5,20230524,212500,47.9001,47.9001,47.89,47.89,550,0
AIRR.US,5,20230524,214500,47.89,47.89,47.89,47.89,100,0
AIRR.US,5,20230524,215500,47.7599,47.769,47.7599,47.769,517,0
AIRR.US,5,20230525,153000,47.67,47.92,47.67,47.92,884,0
AIRR.US,5,20230525,153500,47.8,47.8,47.74,47.8,820,0
AIRR.US,5,20230525,154000,47.75,47.76,47.75,47.75,400,0
AIRR.US,5,20230525,172500,47.52,47.52,47.5,47.5,632,0
AIRR.US,5,20230525,174000,47.5305,47.5305,47.5305,47.5305,330,0
AIRR.US,5,20230525,175000,47.68,47.68,47.67,47.68,820,0
AIRR.US,5,20230525,182000,47.84,47.84,47.84,47.84,100,0
AIRR.US,5,20230525,183000,47.82,47.82,47.82,47.82,100,0
AIRR.US,5,20230525,185000,47.935,47.935,47.935,47.935,108,0
AIRR.US,5,20230525,190000,47.865,47.865,47.85,47.85,315,0
AIRR.US,5,20230525,192500,47.9645,47.98,47.9645,47.98,379,0
AIRR.US,5,20230525,201500,48.048,48.05,48.048,48.05,1266,0
AIRR.US,5,20230525,203000,48.015,48.015,48.015,48.015,225,0
AIRR.US,5,20230525,204000,47.85,47.87,47.85,47.86,600,0
AIRR.US,5,20230525,204500,47.89,47.9557,47.89,47.94,639,0
AIRR.US,5,20230525,205500,47.94,47.94,47.94,47.94,100,0
AIRR.US,5,20230525,210000,47.98,47.98,47.98,47.98,100,0
AIRR.US,5,20230525,210500,48.01,48.0101,48,48,1822,0
AIRR.US,5,20230525,211000,48.05,48.05,48.04,48.04,200,0
AIRR.US,5,20230525,211500,48.055,48.0999,48.02,48.03,4046,0
AIRR.US,5,20230525,212000,48.06,48.1187,48.06,48.07,500,0
AIRR.US,5,20230525,213000,48.17,48.1884,48.17,48.1884,400,0
AIRR.US,5,20230525,214500,48.24,48.25,48.24,48.25,2274,0
AIRR.US,5,20230525,215000,48.2573,48.26,48.15,48.26,500,0
AIRR.US,5,20230525,215500,48.151,48.29,48.151,48.29,318,0
AIRR.US,5,20230526,153000,48.2555,48.2555,48.2555,48.2555,144,0
AIRR.US,5,20230526,154000,48.35,48.35,48.35,48.35,300,0
AIRR.US,5,20230526,160000,48.19,48.19,48.19,48.19,135,0
AIRR.US,5,20230526,162000,48.5158,48.5158,48.5158,48.5158,310,0
AIRR.US,5,20230526,164000,48.67,48.67,48.67,48.67,704,0
AIRR.US,5,20230526,165000,48.57,48.57,48.57,48.57,104,0
AIRR.US,5,20230526,170500,48.4613,48.4613,48.4613,48.4613,350,0
AIRR.US,5,20230526,172500,48.279,48.279,48.279,48.279,400,0
AIRR.US,5,20230526,174500,48.3171,48.3171,48.3171,48.3171,100,0
AIRR.US,5,20230526,175000,48.3219,48.3219,48.3219,48.3219,229,0
AIRR.US,5,20230526,180000,48.2473,48.2473,48.2473,48.2473,118,0
AIRR.US,5,20230526,180500,48.3987,48.465,48.3987,48.465,900,0
AIRR.US,5,20230526,182500,48.5754,48.6101,48.5754,48.6101,350,0
AIRR.US,5,20230526,184000,48.709,48.709,48.709,48.709,715,0
AIRR.US,5,20230526,185000,48.635,48.6505,48.59,48.5901,25724,0
AIRR.US,5,20230526,185500,48.63,48.63,48.63,48.63,100,0
AIRR.US,5,20230526,191000,48.6795,48.6795,48.6795,48.6795,100,0
AIRR.US,5,20230526,191500,48.6195,48.6195,48.6195,48.6195,250,0
AIRR.US,5,20230526,192500,48.58,48.58,48.58,48.58,100,0
AIRR.US,5,20230526,195000,48.53,48.53,48.53,48.53,100,0
AIRR.US,5,20230526,201500,48.555,48.555,48.555,48.555,400,0
AIRR.US,5,20230526,202500,48.6007,48.6007,48.6007,48.6007,245,0
AIRR.US,5,20230526,205500,48.685,48.685,48.685,48.685,360,0
AIRR.US,5,20230526,212500,48.7099,48.7099,48.7099,48.7099,310,0
AIRR.US,5,20230526,214000,48.75,48.77,48.72,48.75,2100,0
AIRR.US,5,20230526,215000,48.7016,48.77,48.7,48.77,703,0
AIRR.US,5,20230526,215500,48.65,48.65,48.65,48.65,286,0
AIRR.US,5,20230530,153000,49.01,49.01,49.01,49.01,554,0
AIRR.US,5,20230530,154500,48.9899,48.9899,48.9899,48.9899,200,0
AIRR.US,5,20230530,155000,48.9236,48.97,48.92,48.92,1420,0
AIRR.US,5,20230530,155500,48.85,48.88,48.85,48.88,1515,0
AIRR.US,5,20230530,160000,48.9644,48.9644,48.8035,48.8035,1262,0
AIRR.US,5,20230530,161000,48.7679,48.7679,48.7679,48.7679,8024,0
AIRR.US,5,20230530,161500,48.8048,48.8048,48.8048,48.8048,110,0
AIRR.US,5,20230530,162500,48.765,48.765,48.765,48.765,110,0
AIRR.US,5,20230530,164000,48.728,48.728,48.728,48.728,150,0
AIRR.US,5,20230530,164500,48.6752,48.6752,48.6752,48.6752,100,0
AIRR.US,5,20230530,170000,48.69,48.69,48.69,48.69,102,0
AIRR.US,5,20230530,170500,48.66,48.67,48.63,48.63,500,0
AIRR.US,5,20230530,171000,48.58,48.58,48.58,48.58,100,0
AIRR.US,5,20230530,171500,48.555,48.555,48.555,48.555,275,0
AIRR.US,5,20230530,173500,48.6025,48.6025,48.6025,48.6025,334,0
AIRR.US,5,20230530,174000,48.605,48.605,48.59,48.59,300,0
AIRR.US,5,20230530,174500,48.5999,48.5999,48.5999,48.5999,189,0
AIRR.US,5,20230530,175000,48.6299,48.6299,48.605,48.605,343,0
AIRR.US,5,20230530,180500,48.61,48.61,48.61,48.61,100,0
AIRR.US,5,20230530,182500,48.66,48.66,48.66,48.66,100,0
AIRR.US,5,20230530,184000,48.62,48.64,48.55,48.56,8967,0
AIRR.US,5,20230530,184500,48.5899,48.5899,48.5899,48.5899,102,0
AIRR.US,5,20230530,190500,48.62,48.62,48.58,48.58,200,0
AIRR.US,5,20230530,191000,48.61,48.61,48.61,48.61,120,0
AIRR.US,5,20230530,195500,48.49,48.5,48.49,48.5,600,0
AIRR.US,5,20230530,200000,48.485,48.485,48.485,48.485,473,0
AIRR.US,5,20230530,201500,48.5301,48.5301,48.5301,48.5301,158,0
AIRR.US,5,20230530,204000,48.7999,48.7999,48.7899,48.7899,423,0
AIRR.US,5,20230530,205000,48.78,48.78,48.78,48.78,3033,0
AIRR.US,5,20230530,205500,48.75,48.75,48.72,48.73,509,0
AIRR.US,5,20230530,210500,48.7099,48.7099,48.7099,48.7099,450,0
AIRR.US,5,20230530,212000,48.72,48.72,48.7181,48.7181,851,0
AIRR.US,5,20230530,212500,48.7408,48.7408,48.7408,48.7408,100,0
AIRR.US,5,20230530,213000,48.76,48.76,48.76,48.76,350,0
AIRR.US,5,20230530,214500,48.8458,48.8458,48.8458,48.8458,500,0
AIRR.US,5,20230530,215000,48.7338,48.7338,48.7338,48.7338,143,0
AIRR.US,5,20230530,215500,48.8,48.8,48.8,48.8,288,0
AIRR.US,5,20230531,153000,48.67,48.67,48.67,48.67,108,0
AIRR.US,5,20230531,154000,48.5353,48.5353,48.5353,48.5353,250,0
AIRR.US,5,20230531,155000,48.28,48.28,48.12,48.1792,4107,0
AIRR.US,5,20230531,160000,48.166,48.166,48.166,48.166,200,0
AIRR.US,5,20230531,160500,48.12,48.12,48.12,48.12,100,0
AIRR.US,5,20230531,161000,47.9301,48,47.9301,48,879,0
AIRR.US,5,20230531,162500,47.878,47.878,47.878,47.878,225,0
AIRR.US,5,20230531,163500,47.67,47.67,47.67,47.67,200,0
AIRR.US,5,20230531,170000,47.6073,47.66,47.5801,47.5801,825,0
AIRR.US,5,20230531,170500,47.58,47.59,47.5785,47.59,2845,0
AIRR.US,5,20230531,171000,47.5504,47.5504,47.5504,47.5504,1370,0
AIRR.US,5,20230531,173000,47.456,47.456,47.456,47.456,425,0
AIRR.US,5,20230531,173500,47.46,47.46,47.38,47.38,746,0
AIRR.US,5,20230531,174000,47.43,47.43,47.4288,47.43,1400,0
AIRR.US,5,20230531,175000,47.4,47.4,47.4,47.4,19317,0
AIRR.US,5,20230531,175500,47.4713,47.4713,47.4713,47.4713,150,0
AIRR.US,5,20230531,182500,47.5805,47.5805,47.5805,47.5805,167,0
AIRR.US,5,20230531,183000,47.605,47.605,47.605,47.605,100,0
AIRR.US,5,20230531,183500,47.59,47.59,47.59,47.59,247,0
AIRR.US,5,20230531,184500,47.65,47.65,47.65,47.65,100,0
AIRR.US,5,20230531,185000,47.51,47.5101,47.5,47.5001,458,0
AIRR.US,5,20230531,193000,47.6236,47.6236,47.6236,47.6236,210,0
AIRR.US,5,20230531,193500,47.6429,47.6429,47.6429,47.6429,800,0
AIRR.US,5,20230531,194000,47.71,47.71,47.65,47.65,2018,0
AIRR.US,5,20230531,194500,47.7237,47.7294,47.6958,47.7,2205,0
AIRR.US,5,20230531,195000,47.7,47.75,47.7,47.745,19675,0
AIRR.US,5,20230531,195500,47.7775,47.7775,47.7775,47.7775,104,0
AIRR.US,5,20230531,200500,47.7387,47.7387,47.7387,47.7387,172,0
AIRR.US,5,20230531,201000,47.775,47.775,47.775,47.775,286,0
AIRR.US,5,20230531,201500,47.7195,47.7674,47.7195,47.7674,610,0
AIRR.US,5,20230531,202000,47.74,47.74,47.74,47.74,100,0
AIRR.US,5,20230531,202500,47.76,47.76,47.74,47.745,1000,0
AIRR.US,5,20230531,203500,47.7301,47.7301,47.7301,47.7301,185,0
AIRR.US,5,20230531,204000,47.7731,47.7731,47.7731,47.7731,525,0
AIRR.US,5,20230531,205000,47.7,47.7,47.7,47.7,100,0
AIRR.US,5,20230531,212000,47.605,47.625,47.605,47.625,750,0
AIRR.US,5,20230531,212500,47.6557,47.6557,47.6557,47.6557,419,0
AIRR.US,5,20230531,214000,47.71,47.71,47.71,47.71,100,0
AIRR.US,5,20230531,214500,47.71,47.71,47.7,47.71,500,0
AIRR.US,5,20230531,215500,47.71,47.78,47.71,47.71,2153,0
AIRR.US,5,20230601,153000,47.88,47.88,47.88,47.88,4984,0
AIRR.US,5,20230601,153500,47.76,47.76,47.72,47.72,2504,0
AIRR.US,5,20230601,154000,47.73,47.73,47.72,47.72,300,0
AIRR.US,5,20230601,154500,47.6739,47.6739,47.6739,47.6739,124,0
AIRR.US,5,20230601,155000,47.6386,47.6386,47.6386,47.6386,175,0
AIRR.US,5,20230601,160000,47.7219,47.7219,47.7219,47.7219,175,0
AIRR.US,5,20230601,161000,47.68,47.72,47.68,47.72,679,0
AIRR.US,5,20230601,162000,47.7355,47.7355,47.7355,47.7355,100,0
AIRR.US,5,20230601,162500,47.6348,47.6348,47.6348,47.6348,210,0
AIRR.US,5,20230601,163000,47.655,47.655,47.655,47.655,105,0
AIRR.US,5,20230601,164000,47.9174,47.9174,47.9174,47.9174,242,0
AIRR.US,5,20230601,164500,47.96,48.02,47.96,48.02,15167,0
AIRR.US,5,20230601,165500,47.9696,47.98,47.93,47.93,2419,0
AIRR.US,5,20230601,170000,47.95,47.95,47.95,47.95,7660,0
AIRR.US,5,20230601,170500,48.01,48.02,48.01,48.02,800,0
AIRR.US,5,20230601,171500,48.11,48.11,48.11,48.11,8900,0
AIRR.US,5,20230601,172000,48.1,48.1,48.1,48.1,100,0
AIRR.US,5,20230601,172500,48.15,48.15,48.14,48.15,2100,0
AIRR.US,5,20230601,173500,48.3,48.3,48.3,48.3,200,0
AIRR.US,5,20230601,174000,48.36,48.36,48.36,48.36,100,0
AIRR.US,5,20230601,175000,48.4645,48.4645,48.4645,48.4645,2000,0
AIRR.US,5,20230601,175500,48.44,48.44,48.44,48.44,100,0
AIRR.US,5,20230601,181000,48.38,48.38,48.32,48.32,342,0
AIRR.US,5,20230601,181500,48.33,48.33,48.33,48.33,100,0
AIRR.US,5,20230601,182000,48.4,48.4,48.4,48.4,100,0
AIRR.US,5,20230601,182500,48.43,48.44,48.43,48.44,17700,0
AIRR.US,5,20230601,183000,48.425,48.425,48.425,48.425,500,0
AIRR.US,5,20230601,184000,48.3492,48.3697,48.3492,48.3697,692,0
AIRR.US,5,20230601,184500,48.3425,48.3425,48.3425,48.3425,100,0
AIRR.US,5,20230601,185000,48.29,48.29,48.28,48.28,766,0
AIRR.US,5,20230601,185500,48.25,48.3199,48.25,48.3199,800,0
AIRR.US,5,20230601,190500,48.28,48.28,48.28,48.28,100,0
AIRR.US,5,20230601,191000,48.27,48.27,48.27,48.27,100,0
AIRR.US,5,20230601,192000,48.32,48.32,48.32,48.32,300,0
AIRR.US,5,20230601,192500,48.315,48.315,48.29,48.29,521,0
AIRR.US,5,20230601,193500,48.29,48.29,48.28,48.28,700,0
AIRR.US,5,20230601,194000,48.3025,48.3025,48.3025,48.3025,100,0
AIRR.US,5,20230601,194500,48.3401,48.3401,48.3401,48.3401,400,0
AIRR.US,5,20230601,200000,48.4025,48.4025,48.4025,48.4025,100,0
AIRR.US,5,20230601,202000,48.4298,48.4298,48.36,48.37,1009,0
AIRR.US,5,20230601,202500,48.3596,48.3596,48.3596,48.3596,340,0
AIRR.US,5,20230601,203500,48.35,48.35,48.34,48.34,200,0
AIRR.US,5,20230601,205000,48.34,48.34,48.34,48.34,100,0
AIRR.US,5,20230601,205500,48.35,48.35,48.335,48.335,209,0
AIRR.US,5,20230601,210000,48.33,48.33,48.29,48.29,652,0
AIRR.US,5,20230601,214000,48.235,48.25,48.235,48.25,350,0
AIRR.US,5,20230601,214500,48.2875,48.2875,48.2875,48.2875,100,0
AIRR.US,5,20230601,215500,48.19,48.19,48.19,48.19,278,0
AIRR.US,5,20230602,153000,48.92,48.92,48.92,48.92,864,0
AIRR.US,5,20230602,153500,49.17,49.17,49.17,49.17,300,0
AIRR.US,5,20230602,155500,49.13,49.1799,49.13,49.1799,449,0
AIRR.US,5,20230602,160000,49.07,49.07,49.07,49.07,365,0
AIRR.US,5,20230602,160500,49.1825,49.2262,49.1825,49.2262,200,0
AIRR.US,5,20230602,161000,49.26,49.26,49.22,49.22,607,0
AIRR.US,5,20230602,162000,49.3646,49.3646,49.3,49.3001,304,0
AIRR.US,5,20230602,163500,49.4971,49.4971,49.4971,49.4971,395,0
AIRR.US,5,20230602,165000,49.6535,49.6535,49.6535,49.6535,150,0
AIRR.US,5,20230602,171000,49.77,49.78,49.77,49.77,555,0
AIRR.US,5,20230602,172000,49.8437,49.8437,49.8437,49.8437,500,0
AIRR.US,5,20230602,173500,49.805,49.805,49.805,49.805,196,0
AIRR.US,5,20230602,174500,49.745,49.745,49.745,49.745,100,0
AIRR.US,5,20230602,175500,49.79,49.79,49.79,49.79,100,0
AIRR.US,5,20230602,180000,49.785,49.785,49.785,49.785,100,0
AIRR.US,5,20230602,180500,49.795,49.795,49.795,49.795,114,0
AIRR.US,5,20230602,181000,49.8401,49.8401,49.8401,49.8401,266,0
AIRR.US,5,20230602,181500,49.889,49.889,49.84,49.84,447,0
AIRR.US,5,20230602,182000,49.85,49.8718,49.85,49.8718,720,0
AIRR.US,5,20230602,183000,49.9836,49.9836,49.9836,49.9836,1000,0
AIRR.US,5,20230602,183500,49.95,49.95,49.95,49.95,320,0
AIRR.US,5,20230602,184000,49.97,49.999,49.97,49.999,500,0
AIRR.US,5,20230602,184500,50,50,50,50,2132,0
AIRR.US,5,20230602,190500,50,50,50,50,100,0
AIRR.US,5,20230602,191000,50.0085,50.0085,50.0085,50.0085,119,0
AIRR.US,5,20230602,191500,50.015,50.1,50.015,50.1,850,0
AIRR.US,5,20230602,193000,50.2156,50.2156,50.2156,50.2156,250,0
AIRR.US,5,20230602,193500,50.1705,50.1705,50.1705,50.1705,192,0
AIRR.US,5,20230602,200500,50.2674,50.2674,50.21,50.21,1800,0
AIRR.US,5,20230602,204000,50.3105,50.3105,50.3105,50.3105,100,0
AIRR.US,5,20230602,210000,50.3301,50.3301,50.3301,50.3301,142,0
AIRR.US,5,20230602,210500,50.48,50.48,50.48,50.48,144,0
AIRR.US,5,20230602,211500,50.45,50.45,50.45,50.45,100,0
AIRR.US,5,20230602,212500,50.4001,50.4001,50.4001,50.4001,200,0
AIRR.US,5,20230602,213000,50.49,50.49,50.49,50.49,100,0
AIRR.US,5,20230602,213500,50.465,50.465,50.46,50.46,300,0
AIRR.US,5,20230602,214000,50.47,50.48,50.46,50.46,419,0
AIRR.US,5,20230602,214500,50.42,50.42,50.42,50.42,100,0
AIRR.US,5,20230602,215000,50.43,50.43,50.43,50.43,1000,0
AIRR.US,5,20230602,215500,50.54,50.5699,50.5267,50.54,1430,0
AIRR.US,5,20230605,153000,50.28,50.28,50.28,50.28,3404,0
AIRR.US,5,20230605,153500,50.19,50.19,50.19,50.19,200,0
AIRR.US,5,20230605,154500,50.13,50.2096,50.07,50.18,5081,0
AIRR.US,5,20230605,155000,50.18,50.18,50.13,50.14,906,0
AIRR.US,5,20230605,155500,50,50,49.98,50,697,0
AIRR.US,5,20230605,160500,49.8999,49.8999,49.5042,49.5042,1517,0
AIRR.US,5,20230605,161000,49.4228,49.4228,49.3659,49.3659,255,0
AIRR.US,5,20230605,161500,49.3208,49.3208,49.3208,49.3208,224,0
AIRR.US,5,20230605,163500,49.385,49.385,49.35,49.35,200,0
AIRR.US,5,20230605,164500,49.52,49.5501,49.52,49.5501,515,0
AIRR.US,5,20230605,165000,49.61,49.6675,49.61,49.6437,1556,0
AIRR.US,5,20230605,165500,49.615,49.615,49.615,49.615,175,0
AIRR.US,5,20230605,171000,49.81,49.81,49.81,49.81,160,0
AIRR.US,5,20230605,171500,49.7701,49.7701,49.7671,49.7671,242,0
AIRR.US,5,20230605,172000,49.755,49.755,49.7101,49.7101,260,0
AIRR.US,5,20230605,173500,49.8237,49.8237,49.8237,49.8237,119,0
AIRR.US,5,20230605,180500,49.8501,49.8501,49.8501,49.8501,215,0
AIRR.US,5,20230605,181000,49.9,49.92,49.9,49.9101,1719,0
AIRR.US,5,20230605,181500,49.92,49.92,49.92,49.92,200,0
AIRR.US,5,20230605,182000,49.88,49.88,49.88,49.88,706,0
AIRR.US,5,20230605,183000,49.9848,49.9848,49.93,49.93,974,0
AIRR.US,5,20230605,184500,49.97,49.97,49.97,49.97,100,0
AIRR.US,5,20230605,185500,49.9603,49.9603,49.9603,49.9603,261,0
AIRR.US,5,20230605,190000,49.9605,49.9605,49.9605,49.9605,243,0
AIRR.US,5,20230605,190500,49.92,49.93,49.92,49.93,302,0
AIRR.US,5,20230605,191500,49.87,49.87,49.87,49.87,602,0
AIRR.US,5,20230605,192500,49.8001,49.8001,49.8001,49.8001,556,0
AIRR.US,5,20230605,193000,49.78,49.792,49.78,49.78,1200,0
AIRR.US,5,20230605,193500,49.7837,49.7837,49.7837,49.7837,323,0
AIRR.US,5,20230605,194000,49.71,49.71,49.71,49.71,5861,0
AIRR.US,5,20230605,194500,49.77,49.83,49.77,49.83,500,0
AIRR.US,5,20230605,195500,49.92,49.92,49.92,49.92,100,0
AIRR.US,5,20230605,200500,49.8537,49.8537,49.84,49.84,609,0
AIRR.US,5,20230605,201000,49.85,49.85,49.85,49.85,482,0
AIRR.US,5,20230605,201500,49.85,49.85,49.85,49.85,1257,0
AIRR.US,5,20230605,202500,49.88,49.88,49.88,49.88,246,0
AIRR.US,5,20230605,203000,49.88,49.88,49.75,49.76,1644,0
AIRR.US,5,20230605,203500,49.815,49.815,49.815,49.815,558,0
AIRR.US,5,20230605,204000,49.76,49.79,49.76,49.79,6932,0
AIRR.US,5,20230605,204500,49.7301,49.7301,49.7301,49.7301,100,0
AIRR.US,5,20230605,205000,49.695,49.695,49.695,49.695,100,0
AIRR.US,5,20230605,210000,49.805,49.805,49.71,49.71,878,0
AIRR.US,5,20230605,210500,49.75,49.75,49.75,49.75,144,0
AIRR.US,5,20230605,211000,49.77,49.77,49.77,49.77,860,0
AIRR.US,5,20230605,211500,49.81,49.81,49.81,49.81,100,0
AIRR.US,5,20230605,212500,49.76,49.775,49.76,49.775,599,0
AIRR.US,5,20230605,213000,49.829,49.829,49.829,49.829,100,0
AIRR.US,5,20230605,213500,49.8,49.86,49.8,49.86,1477,0
AIRR.US,5,20230605,214000,49.88,49.88,49.88,49.88,100,0
AIRR.US,5,20230605,214500,49.8765,49.9,49.8765,49.9,325,0
AIRR.US,5,20230605,215000,49.92,49.92,49.92,49.92,200,0
AIRR.US,5,20230605,215500,49.86,49.89,49.86,49.87,1514,0
AIRR.US,5,20230606,153000,49.61,49.72,49.61,49.66,9550,0
AIRR.US,5,20230606,153500,49.95,49.95,49.95,49.95,100,0
AIRR.US,5,20230606,155000,50.1502,50.1502,50.1502,50.1502,4427,0
AIRR.US,5,20230606,155500,50.13,50.2315,50.13,50.18,1000,0
AIRR.US,5,20230606,160000,50.3,50.5,50.27,50.42,3300,0
AIRR.US,5,20230606,160500,50.42,50.6399,50.42,50.6399,620,0
AIRR.US,5,20230606,161000,50.7144,50.723,50.6,50.723,1404,0
AIRR.US,5,20230606,161500,50.6345,50.6345,50.6327,50.6327,350,0
AIRR.US,5,20230606,164000,50.8746,50.8746,50.8746,50.8746,216,0
AIRR.US,5,20230606,170000,51.1682,51.2347,51.1682,51.2347,1130,0
AIRR.US,5,20230606,171000,51.2732,51.2732,51.2301,51.2302,1200,0
AIRR.US,5,20230606,172000,51.2917,51.3167,51.14,51.1402,3692,0
AIRR.US,5,20230606,172500,51.09,51.09,51.09,51.09,100,0
AIRR.US,5,20230606,173000,51.2,51.2,51.16,51.16,943,0
AIRR.US,5,20230606,174000,51.2665,51.2665,51.25,51.25,510,0
AIRR.US,5,20230606,175500,51.285,51.2883,51.285,51.2883,450,0
AIRR.US,5,20230606,180000,51.28,51.28,51.28,51.28,480,0
AIRR.US,5,20230606,180500,51.22,51.22,51.22,51.22,100,0
AIRR.US,5,20230606,181500,51.1921,51.1921,51.1921,51.1921,500,0
AIRR.US,5,20230606,182500,51.22,51.22,51.22,51.22,125,0
AIRR.US,5,20230606,183000,51.18,51.18,51.18,51.18,150,0
AIRR.US,5,20230606,184000,51.1942,51.1942,51.1942,51.1942,125,0
AIRR.US,5,20230606,185500,50.9992,50.9992,50.9992,50.9992,200,0
AIRR.US,5,20230606,192000,50.99,51.015,50.95,50.95,37139,0
AIRR.US,5,20230606,192500,50.92,50.92,50.92,50.92,159,0
AIRR.US,5,20230606,193000,50.9599,50.9599,50.9599,50.9599,100,0
AIRR.US,5,20230606,195500,50.9,50.9166,50.9,50.9166,358,0
AIRR.US,5,20230606,200000,50.8648,50.8937,50.8648,50.8937,314,0
AIRR.US,5,20230606,200500,50.91,50.96,50.83,50.83,13919,0
AIRR.US,5,20230606,201000,50.93,50.93,50.93,50.93,500,0
AIRR.US,5,20230606,202000,51.0132,51.0132,51.0132,51.0132,100,0
AIRR.US,5,20230606,203500,51.1,51.1,51.1,51.1,220,0
AIRR.US,5,20230606,204000,51.04,51.04,51.04,51.04,100,0
AIRR.US,5,20230606,204500,51.0751,51.0751,51.0751,51.0751,275,0
AIRR.US,5,20230606,205000,51.115,51.115,51.115,51.115,212,0
AIRR.US,5,20230606,205500,51.1392,51.1392,51.1392,51.1392,500,0
AIRR.US,5,20230606,210000,51.15,51.15,51.15,51.15,104,0
AIRR.US,5,20230606,211500,51.1158,51.1158,51.1158,51.1158,679,0
AIRR.US,5,20230606,213000,51.155,51.18,51.15,51.17,1193,0
AIRR.US,5,20230606,213500,51.14,51.1999,51.14,51.1899,2366,0
AIRR.US,5,20230606,214000,51.082,51.22,51.082,51.21,7607,0
AIRR.US,5,20230606,214500,51.2,51.2,51.1344,51.135,419,0
AIRR.US,5,20230606,215500,51.14,51.14,51.11,51.11,890,0
AIRR.US,5,20230607,153000,51.44,51.64,51.44,51.64,2336,0
AIRR.US,5,20230607,153500,51.51,51.51,51.51,51.51,200,0
AIRR.US,5,20230607,154000,51.89,52.0842,51.7514,52.0842,12841,0
AIRR.US,5,20230607,154500,51.971,51.971,51.971,51.971,100,0
AIRR.US,5,20230607,155500,52.08,52.29,52.08,52.29,260,0
AIRR.US,5,20230607,160000,52.122,52.165,52.11,52.13,7480,0
AIRR.US,5,20230607,160500,52.13,52.1582,52.13,52.1582,619,0
AIRR.US,5,20230607,161000,52.3999,52.3999,52.3999,52.3999,100,0
AIRR.US,5,20230607,161500,52.25,52.2933,52.1997,52.1997,711,0
AIRR.US,5,20230607,165000,52.0899,52.0899,51.96,51.96,450,0
AIRR.US,5,20230607,170000,52.2338,52.2338,52.2338,52.2338,239,0
AIRR.US,5,20230607,170500,52.2531,52.3,52.2531,52.2735,557,0
AIRR.US,5,20230607,171000,52.22,52.22,52.22,52.22,404,0
AIRR.US,5,20230607,172000,52.22,52.24,52.2146,52.2146,405,0
AIRR.US,5,20230607,173500,52.395,52.4,52.395,52.4,1100,0
AIRR.US,5,20230607,174500,52.3454,52.3454,52.3454,52.3454,123,0
AIRR.US,5,20230607,175000,52.2689,52.2689,52.2689,52.2689,125,0
AIRR.US,5,20230607,175500,52.24,52.24,52.1315,52.1315,1626,0
AIRR.US,5,20230607,181000,52.18,52.18,52.18,52.18,100,0
AIRR.US,5,20230607,181500,52.2373,52.2373,52.2373,52.2373,100,0
AIRR.US,5,20230607,182000,52.1899,52.1899,52.1899,52.1899,100,0
AIRR.US,5,20230607,182500,52.1617,52.1617,52.1617,52.1617,257,0
AIRR.US,5,20230607,183500,52.2342,52.2342,52.2342,52.2342,4132,0
AIRR.US,5,20230607,184000,52.32,52.3697,52.3162,52.3697,682,0
AIRR.US,5,20230607,185000,52.2588,52.2588,52.2588,52.2588,100,0
AIRR.US,5,20230607,185500,52.28,52.28,52.26,52.2795,4614,0
AIRR.US,5,20230607,190500,52.2899,52.2899,52.2899,52.2899,191,0
AIRR.US,5,20230607,191000,52.2666,52.2666,52.2666,52.2666,500,0
AIRR.US,5,20230607,192500,52.27,52.325,52.27,52.325,300,0
AIRR.US,5,20230607,193000,52.24,52.2753,52.22,52.22,591,0
AIRR.US,5,20230607,200000,52.2941,52.3021,52.2941,52.3021,287,0
AIRR.US,5,20230607,200500,52.353,52.37,52.353,52.37,272,0
AIRR.US,5,20230607,201000,52.3254,52.3254,52.3254,52.3254,500,0
AIRR.US,5,20230607,202000,52.44,52.44,52.44,52.44,60601,0
AIRR.US,5,20230607,204000,52.4143,52.4143,52.4143,52.4143,198,0
AIRR.US,5,20230607,204500,52.4115,52.4552,52.4115,52.4552,452,0
AIRR.US,5,20230607,205000,52.4,52.4485,52.4,52.4485,18206,0
AIRR.US,5,20230607,211000,52.5548,52.5548,52.5548,52.5548,136,0
AIRR.US,5,20230607,211500,52.5452,52.5452,52.5452,52.5452,321,0
AIRR.US,5,20230607,212000,52.57,52.57,52.57,52.57,141,0
AIRR.US,5,20230607,212500,52.57,52.57,52.57,52.57,10000,0
AIRR.US,5,20230607,214000,52.41,52.41,52.41,52.41,200,0
AIRR.US,5,20230607,214500,52.4992,52.54,52.4992,52.54,1385,0
AIRR.US,5,20230607,215000,52.53,52.6099,52.53,52.6099,1143,0
AIRR.US,5,20230607,215500,52.51,52.56,52.49,52.54,2283,0
AIRR.US,5,20230608,153000,52.36,52.36,52.2717,52.2717,1325,0
AIRR.US,5,20230608,153500,52.29,52.3543,52.15,52.18,411,0
AIRR.US,5,20230608,154000,52.11,52.27,52.11,52.13,869,0
AIRR.US,5,20230608,154500,52.1797,52.1797,52.1797,52.1797,191,0
AIRR.US,5,20230608,160500,51.9823,51.9823,51.9823,51.9823,328,0
AIRR.US,5,20230608,162000,52.0899,52.139,52.0899,52.139,840,0
AIRR.US,5,20230608,162500,51.9741,51.9741,51.9741,51.9741,115,0
AIRR.US,5,20230608,163000,52.0744,52.13,52.0744,52.13,900,0
AIRR.US,5,20230608,164500,52.0125,52.0125,52.0125,52.0125,100,0
AIRR.US,5,20230608,170000,52.03,52.03,52.03,52.03,400,0
AIRR.US,5,20230608,170500,51.969,51.969,51.8739,51.8739,416,0
AIRR.US,5,20230608,171000,51.8749,51.9391,51.8749,51.9391,1610,0
AIRR.US,5,20230608,172000,52,52.0757,52,52.0757,517,0
AIRR.US,5,20230608,173000,52.1494,52.1494,52.0993,52.0993,688,0
AIRR.US,5,20230608,173500,52.1447,52.1447,52.1447,52.1447,141,0
AIRR.US,5,20230608,174500,52.1313,52.1313,52.07,52.1181,1494,0
AIRR.US,5,20230608,175000,52.0702,52.0702,52.065,52.065,250,0
AIRR.US,5,20230608,180000,52.083,52.083,52.083,52.083,249,0
AIRR.US,5,20230608,180500,52.15,52.15,52.15,52.15,100,0
AIRR.US,5,20230608,182000,52.1366,52.1366,52.1366,52.1366,200,0
AIRR.US,5,20230608,182500,52.1611,52.18,52.1611,52.18,390,0
AIRR.US,5,20230608,183000,52.2472,52.2472,52.131,52.18,1734,0
AIRR.US,5,20230608,184000,52.1384,52.1384,52.1384,52.1384,205,0
AIRR.US,5,20230608,184500,52.17,52.17,52.17,52.17,136,0
AIRR.US,5,20230608,185500,52.19,52.19,52.19,52.19,750,0
AIRR.US,5,20230608,190500,52.1973,52.1973,52.1973,52.1973,211,0
AIRR.US,5,20230608,192000,52.29,52.29,52.29,52.29,100,0
AIRR.US,5,20230608,193000,52.3217,52.3217,52.3217,52.3217,250,0
AIRR.US,5,20230608,193500,52.34,52.34,52.34,52.34,114,0
AIRR.US,5,20230608,194000,52.2623,52.2623,52.2623,52.2623,458,0
AIRR.US,5,20230608,194500,52.21,52.21,52.182,52.182,200,0
AIRR.US,5,20230608,195500,52.2184,52.2184,52.2184,52.2184,861,0
AIRR.US,5,20230608,200500,52.1862,52.1862,52.1862,52.1862,100,0
AIRR.US,5,20230608,202500,52.32,52.32,52.32,52.32,100,0
AIRR.US,5,20230608,203500,52.4926,52.4926,52.4926,52.4926,670,0
AIRR.US,5,20230608,204000,52.5097,52.5097,52.4749,52.4749,380,0
AIRR.US,5,20230608,204500,52.412,52.412,52.412,52.412,168,0
AIRR.US,5,20230608,205000,52.3868,52.3868,52.3868,52.3868,325,0
AIRR.US,5,20230608,205500,52.4118,52.4245,52.4118,52.4245,400,0
AIRR.US,5,20230608,210000,52.43,52.43,52.43,52.43,100,0
AIRR.US,5,20230608,210500,52.41,52.4321,52.41,52.4321,2915,0
AIRR.US,5,20230608,211500,52.36,52.36,52.36,52.36,100,0
AIRR.US,5,20230608,213000,52.4122,52.4122,52.3399,52.3399,589,0
AIRR.US,5,20230608,214000,52.35,52.35,52.35,52.35,100,0
AIRR.US,5,20230608,214500,52.36,52.37,52.36,52.37,690,0
AIRR.US,5,20230608,215000,52.42,52.42,52.36,52.36,2800,0
AIRR.US,5,20230608,215500,52.32,52.3636,52.261,52.261,1165,0
AIRR.US,5,20230609,153000,52.24,52.24,52.24,52.24,231,0
AIRR.US,5,20230609,153500,51.9525,51.9525,51.7706,51.7706,1150,0
AIRR.US,5,20230609,154000,52.04,52.04,52.01,52.02,700,0
AIRR.US,5,20230609,155000,51.86,51.9584,51.86,51.9584,384,0
AIRR.US,5,20230609,155500,51.9402,51.9402,51.9402,51.9402,300,0
AIRR.US,5,20230609,160000,52.0605,52.0784,52.0605,52.0784,250,0
AIRR.US,5,20230609,162500,52.01,52.01,52.01,52.01,13544,0
AIRR.US,5,20230609,163500,52.01,52.0602,52.01,52.0408,1327,0
AIRR.US,5,20230609,164000,52.01,52.01,52.01,52.01,150,0
AIRR.US,5,20230609,165000,52.0505,52.0505,52.0505,52.0505,210,0
AIRR.US,5,20230609,170000,52.0922,52.0922,52.0922,52.0922,100,0
AIRR.US,5,20230609,170500,51.9837,51.9837,51.9837,51.9837,134,0
AIRR.US,5,20230609,171000,51.93,51.93,51.93,51.93,381,0
AIRR.US,5,20230609,172500,51.73,51.73,51.73,51.73,150,0
AIRR.US,5,20230609,173000,51.6861,51.6861,51.6861,51.6861,175,0
AIRR.US,5,20230609,173500,51.7725,51.7725,51.7725,51.7725,200,0
AIRR.US,5,20230609,174000,51.83,51.83,51.83,51.83,154075,0
AIRR.US,5,20230609,175500,51.8001,51.8001,51.8001,51.8001,100,0
AIRR.US,5,20230609,180000,51.8551,51.8551,51.8551,51.8551,100,0
AIRR.US,5,20230609,180500,51.96,51.96,51.96,51.96,14433,0
AIRR.US,5,20230609,181500,51.9001,51.9001,51.9,51.9,1004,0
AIRR.US,5,20230609,182500,51.92,51.92,51.92,51.92,914,0
AIRR.US,5,20230609,183000,51.89,51.89,51.89,51.89,480,0
AIRR.US,5,20230609,183500,51.895,51.895,51.895,51.895,105,0
AIRR.US,5,20230609,184500,51.86,51.86,51.81,51.81,1039,0
AIRR.US,5,20230609,185500,51.8875,51.8875,51.8875,51.8875,200,0
AIRR.US,5,20230609,190000,51.92,51.9367,51.8965,51.9367,488,0
AIRR.US,5,20230609,190500,51.9499,51.9499,51.9351,51.9468,970,0
AIRR.US,5,20230609,195000,51.9131,51.93,51.9131,51.93,250,0
AIRR.US,5,20230609,200500,51.9475,51.9475,51.9475,51.9475,250,0
AIRR.US,5,20230609,202500,51.97,51.97,51.9328,51.9328,400,0
AIRR.US,5,20230609,204500,51.91,51.93,51.91,51.93,300,0
AIRR.US,5,20230609,205000,51.88,51.88,51.88,51.88,500,0
AIRR.US,5,20230609,205500,51.8872,51.8872,51.8872,51.8872,163,0
AIRR.US,5,20230609,211000,51.8793,51.8793,51.8793,51.8793,200,0
AIRR.US,5,20230609,211500,51.94,51.94,51.9064,51.91,607,0
AIRR.US,5,20230609,213000,51.89,51.9499,51.89,51.9499,200,0
AIRR.US,5,20230609,214500,51.9021,51.94,51.8873,51.94,4357,0
AIRR.US,5,20230609,215500,52.01,52.02,51.97,52.02,978,0
AIRR.US,5,20230612,153000,52,52.15,51.99,52.01,2185,0
AIRR.US,5,20230612,153500,51.61,51.64,51.61,51.64,400,0
AIRR.US,5,20230612,155000,51.9501,51.9501,51.9501,51.9501,374,0
AIRR.US,5,20230612,160000,52.1401,52.1401,52.1401,52.1401,300,0
AIRR.US,5,20230612,160500,52.14,52.16,52.08,52.16,1100,0
AIRR.US,5,20230612,161000,52.155,52.31,52.155,52.31,487,0
AIRR.US,5,20230612,161500,52.33,52.33,52.33,52.33,300,0
AIRR.US,5,20230612,162000,52.045,52.045,52.02,52.02,387,0
AIRR.US,5,20230612,163500,52,52,52,52,100,0
AIRR.US,5,20230612,164000,51.8878,51.8878,51.8878,51.8878,325,0
AIRR.US,5,20230612,170500,52.1251,52.1251,52.1251,52.1251,193,0
AIRR.US,5,20230612,171000,52.2099,52.2099,52.2099,52.2099,103,0
AIRR.US,5,20230612,173000,52.158,52.158,52.158,52.158,191,0
AIRR.US,5,20230612,175500,52.0999,52.1795,52.0999,52.1795,1185,0
AIRR.US,5,20230612,180500,52.1529,52.1529,52.1529,52.1529,200,0
AIRR.US,5,20230612,182500,52.25,52.2551,52.25,52.2551,7132,0
AIRR.US,5,20230612,183500,52.3,52.32,52.2501,52.2501,771,0
AIRR.US,5,20230612,184500,52.2603,52.2603,52.2603,52.2603,170,0
AIRR.US,5,20230612,185000,52.265,52.2709,52.265,52.2709,866,0
AIRR.US,5,20230612,185500,52.2626,52.2626,52.2626,52.2626,200,0
AIRR.US,5,20230612,190500,52.2903,52.2903,52.19,52.19,473,0
AIRR.US,5,20230612,191500,52.2269,52.2269,52.2269,52.2269,400,0
AIRR.US,5,20230612,192000,52.23,52.23,52.23,52.23,712,0
AIRR.US,5,20230612,192500,52.2345,52.2345,52.22,52.22,700,0
AIRR.US,5,20230612,193000,52.22,52.2217,52.22,52.2217,295,0
AIRR.US,5,20230612,193500,52.1871,52.1871,52.1871,52.1871,400,0
AIRR.US,5,20230612,194000,52.2584,52.2584,52.2584,52.2584,100,0
AIRR.US,5,20230612,194500,52.2903,52.295,52.29,52.295,400,0
AIRR.US,5,20230612,195000,52.3096,52.3096,52.3096,52.3096,929,0
AIRR.US,5,20230612,195500,52.31,52.31,52.31,52.31,320,0
AIRR.US,5,20230612,203000,52.31,52.31,52.31,52.31,100,0
AIRR.US,5,20230612,203500,52.31,52.31,52.31,52.31,233,0
AIRR.US,5,20230612,204500,52.27,52.27,52.27,52.27,100,0
AIRR.US,5,20230612,210500,52.2808,52.315,52.2808,52.315,685,0
AIRR.US,5,20230612,213000,52.38,52.38,52.3719,52.3719,293,0
AIRR.US,5,20230612,213500,52.361,52.361,52.361,52.361,210,0
AIRR.US,5,20230612,214000,52.37,52.37,52.37,52.37,100,0
AIRR.US,5,20230612,214500,52.29,52.31,52.29,52.31,9945,0
AIRR.US,5,20230612,215000,52.29,52.31,52.2697,52.27,547,0
AIRR.US,5,20230612,215500,52.32,52.32,52.32,52.32,200,0
AIRR.US,5,20230613,153000,52.53,52.53,52.53,52.53,864,0
AIRR.US,5,20230613,154000,52.6,52.6,52.6,52.6,200,0
AIRR.US,5,20230613,154500,52.83,52.88,52.7001,52.7823,4679,0
AIRR.US,5,20230613,155000,52.78,52.81,52.71,52.72,1428,0
AIRR.US,5,20230613,155500,52.67,52.67,52.67,52.67,400,0
AIRR.US,5,20230613,160000,52.6981,52.6981,52.655,52.655,630,0
AIRR.US,5,20230613,161500,52.7555,52.7555,52.7555,52.7555,110,0
AIRR.US,5,20230613,162000,52.9,52.9,52.9,52.9,280,0
AIRR.US,5,20230613,163000,53.04,53.04,53.04,53.04,110,0
AIRR.US,5,20230613,163500,53.04,53.04,52.98,52.98,827,0
AIRR.US,5,20230613,164500,52.93,52.94,52.8689,52.8689,9354,0
AIRR.US,5,20230613,165000,52.845,52.845,52.8318,52.8318,1150,0
AIRR.US,5,20230613,165500,52.839,52.839,52.839,52.839,1553,0
AIRR.US,5,20230613,170000,52.82,52.84,52.82,52.8225,3400,0
AIRR.US,5,20230613,170500,52.82,52.82,52.7301,52.7301,3270,0
AIRR.US,5,20230613,173500,52.76,52.76,52.675,52.675,1173,0
AIRR.US,5,20230613,174000,52.66,52.66,52.66,52.66,300,0
AIRR.US,5,20230613,174500,52.74,52.74,52.74,52.74,288,0
AIRR.US,5,20230613,175000,52.74,52.74,52.74,52.74,560,0
AIRR.US,5,20230613,175500,52.6901,52.6901,52.6901,52.6901,283,0
AIRR.US,5,20230613,180000,52.7,52.71,52.7,52.71,696,0
AIRR.US,5,20230613,181000,52.7101,52.7101,52.7101,52.7101,164,0
AIRR.US,5,20230613,181500,52.8113,52.8113,52.8113,52.8113,5426,0
AIRR.US,5,20230613,182000,52.8413,52.8413,52.8413,52.8413,2439,0
AIRR.US,5,20230613,182500,52.8308,52.8308,52.8289,52.8289,1697,0
AIRR.US,5,20230613,183000,52.8114,52.8114,52.8114,52.8114,108,0
AIRR.US,5,20230613,184500,52.88,52.88,52.88,52.88,100,0
AIRR.US,5,20230613,185000,52.85,52.85,52.8267,52.8267,200,0
AIRR.US,5,20230613,190000,52.7917,52.7917,52.7917,52.7917,1151,0
AIRR.US,5,20230613,192000,52.6758,52.6758,52.6758,52.6758,195,0
AIRR.US,5,20230613,193000,52.71,52.71,52.71,52.71,100,0
AIRR.US,5,20230613,194000,52.7193,52.7193,52.7193,52.7193,175,0
AIRR.US,5,20230613,194500,52.7,52.7,52.7,52.7,156,0
AIRR.US,5,20230613,195000,52.73,52.73,52.73,52.73,200,0
AIRR.US,5,20230613,195500,52.715,52.715,52.715,52.715,547,0
AIRR.US,5,20230613,201000,52.658,52.66,52.658,52.66,800,0
AIRR.US,5,20230613,201500,52.6305,52.6305,52.6305,52.6305,250,0
AIRR.US,5,20230613,202000,52.68,52.68,52.68,52.68,200,0
AIRR.US,5,20230613,202500,52.6,52.6,52.6,52.6,545,0
AIRR.US,5,20230613,203000,52.57,52.62,52.56,52.56,370,0
AIRR.US,5,20230613,210000,52.75,52.75,52.75,52.75,400,0
AIRR.US,5,20230613,211000,52.8,52.8,52.79,52.79,206,0
AIRR.US,5,20230613,213000,52.7488,52.7488,52.7488,52.7488,133,0
AIRR.US,5,20230613,213500,52.7553,52.7553,52.7553,52.7553,554,0
AIRR.US,5,20230613,214500,52.68,52.68,52.6483,52.6483,2943,0
AIRR.US,5,20230613,215000,52.57,52.66,52.57,52.6556,1215,0
AIRR.US,5,20230613,215500,52.62,52.62,52.58,52.58,53010,0
AIRR.US,5,20230614,153000,52.79,52.79,52.77,52.77,1467,0
AIRR.US,5,20230614,153500,52.735,52.76,52.735,52.76,400,0
AIRR.US,5,20230614,154500,52.61,52.6603,52.61,52.6603,289,0
AIRR.US,5,20230614,155000,52.6819,52.6819,52.6819,52.6819,180,0
AIRR.US,5,20230614,155500,52.565,52.565,52.5,52.5,290,0
AIRR.US,5,20230614,160000,52.5347,52.5347,52.5,52.5,1737,0
AIRR.US,5,20230614,160500,52.52,52.52,52.52,52.52,300,0
AIRR.US,5,20230614,161000,52.45,52.47,52.45,52.47,495,0
AIRR.US,5,20230614,161500,52.54,52.54,52.54,52.54,138,0
AIRR.US,5,20230614,163000,52.44,52.44,52.44,52.44,172,0
AIRR.US,5,20230614,165500,52.3405,52.35,52.3405,52.35,700,0
AIRR.US,5,20230614,170500,52.4,52.4008,52.4,52.4,360,0
AIRR.US,5,20230614,172500,52.54,52.54,52.54,52.54,150,0
AIRR.US,5,20230614,173500,52.5401,52.5401,52.5401,52.5401,378,0
AIRR.US,5,20230614,174000,52.5,52.5,52.5,52.5,100,0
AIRR.US,5,20230614,174500,52.5309,52.5309,52.5309,52.5309,100,0
AIRR.US,5,20230614,175000,52.56,52.56,52.5299,52.5299,426,0
AIRR.US,5,20230614,175500,52.4321,52.4321,52.4321,52.4321,160,0
AIRR.US,5,20230614,180000,52.39,52.39,52.39,52.39,100,0
AIRR.US,5,20230614,180500,52.34,52.34,52.34,52.34,100,0
AIRR.US,5,20230614,181000,52.39,52.39,52.39,52.39,320,0
AIRR.US,5,20230614,181500,52.403,52.403,52.403,52.403,200,0
AIRR.US,5,20230614,182000,52.4734,52.4734,52.4734,52.4734,2500,0
AIRR.US,5,20230614,182500,52.4,52.42,52.39,52.42,3600,0
AIRR.US,5,20230614,183500,52.38,52.38,52.38,52.38,200,0
AIRR.US,5,20230614,184000,52.38,52.38,52.38,52.38,186,0
AIRR.US,5,20230614,184500,52.38,52.3857,52.38,52.3857,866,0
AIRR.US,5,20230614,185000,52.37,52.37,52.37,52.37,100,0
AIRR.US,5,20230614,185500,52.3205,52.3221,52.3205,52.3221,370,0
AIRR.US,5,20230614,190500,52.3284,52.33,52.3284,52.33,883,0
AIRR.US,5,20230614,192000,52.2837,52.2837,52.25,52.2699,935,0
AIRR.US,5,20230614,192500,52.2405,52.2694,52.2405,52.2694,224,0
AIRR.US,5,20230614,193500,52.26,52.26,52.26,52.26,125,0
AIRR.US,5,20230614,194000,52.28,52.3699,52.28,52.3699,11222,0
AIRR.US,5,20230614,194500,52.3617,52.3617,52.3421,52.3421,312,0
AIRR.US,5,20230614,195000,52.3203,52.34,52.3203,52.34,1600,0
AIRR.US,5,20230614,195500,52.3719,52.375,52.3719,52.375,539,0
AIRR.US,5,20230614,200000,52.31,52.31,52,52,1826,0
AIRR.US,5,20230614,200500,51.9292,51.9292,51.9292,51.9292,600,0
AIRR.US,5,20230614,201000,51.98,52.07,51.98,52.01,300,0
AIRR.US,5,20230614,202000,51.9145,51.94,51.9145,51.94,900,0
AIRR.US,5,20230614,202500,51.7801,51.8291,51.78,51.8291,1219,0
AIRR.US,5,20230614,203000,51.865,51.865,51.865,51.865,1594,0
AIRR.US,5,20230614,203500,51.895,51.95,51.895,51.95,300,0
AIRR.US,5,20230614,204000,52.0539,52.0539,52.0539,52.0539,220,0
AIRR.US,5,20230614,205000,52.0971,52.0971,52.0971,52.0971,131,0
AIRR.US,5,20230614,205500,52.1,52.2399,52.1,52.2399,600,0
AIRR.US,5,20230614,210000,52.1437,52.1437,52.1437,52.1437,375,0
AIRR.US,5,20230614,210500,52.2005,52.2005,52.2005,52.2005,200,0
AIRR.US,5,20230614,212000,52.18,52.18,52.18,52.18,100,0
AIRR.US,5,20230614,213000,52.0901,52.0901,52.0901,52.0901,177,0
AIRR.US,5,20230614,213500,52.1228,52.1228,52.1228,52.1228,250,0
AIRR.US,5,20230614,214000,52.07,52.11,52.07,52.11,361,0
AIRR.US,5,20230614,214500,51.9812,51.9812,51.9812,51.9812,175,0
AIRR.US,5,20230614,215000,51.9,51.9,51.9,51.9,134,0
AIRR.US,5,20230614,215500,51.9,52.06,51.9,52.06,612,0
AIRR.US,5,20230615,153000,51.85,51.85,51.8447,51.8447,724,0
AIRR.US,5,20230615,153500,51.97,51.97,51.97,51.97,100,0
AIRR.US,5,20230615,154000,51.99,51.99,51.94,51.94,300,0
AIRR.US,5,20230615,160000,52.204,52.204,52.204,52.204,1342,0
AIRR.US,5,20230615,162000,52.0071,52.0071,52.0071,52.0071,415,0
AIRR.US,5,20230615,162500,52,52,52,52,125,0
AIRR.US,5,20230615,163500,51.8556,51.8556,51.8556,51.8556,365,0
AIRR.US,5,20230615,164000,51.83,51.83,51.83,51.83,155,0
AIRR.US,5,20230615,164500,51.87,51.88,51.8461,51.88,968,0
AIRR.US,5,20230615,165000,51.7901,51.7901,51.7401,51.777,1802,0
AIRR.US,5,20230615,165500,51.6583,51.6583,51.6583,51.6583,367,0
AIRR.US,5,20230615,170000,51.68,51.6801,51.68,51.6801,2200,0
AIRR.US,5,20230615,171000,51.8215,51.8215,51.8215,51.8215,200,0
AIRR.US,5,20230615,171500,51.8353,51.8353,51.8353,51.8353,327,0
AIRR.US,5,20230615,173000,52.0066,52.0066,52.0066,52.0066,100,0
AIRR.US,5,20230615,174000,52.0896,52.0896,51.989,52.01,463,0
AIRR.US,5,20230615,174500,51.8801,51.8801,51.88,51.88,308,0
AIRR.US,5,20230615,180500,51.899,51.899,51.8353,51.8353,372,0
AIRR.US,5,20230615,182000,51.82,51.82,51.82,51.82,173,0
AIRR.US,5,20230615,182500,51.8,51.8,51.8,51.8,524,0
AIRR.US,5,20230615,183000,51.7841,51.7841,51.7841,51.7841,127,0
AIRR.US,5,20230615,183500,51.91,51.91,51.91,51.91,1697,0
AIRR.US,5,20230615,184500,51.87,51.87,51.87,51.87,2400,0
AIRR.US,5,20230615,185500,51.85,51.8685,51.85,51.8685,2822,0
AIRR.US,5,20230615,190000,51.84,51.84,51.82,51.82,1254,0
AIRR.US,5,20230615,190500,51.77,51.85,51.77,51.85,24840,0
AIRR.US,5,20230615,191000,51.8499,51.8499,51.8499,51.8499,6831,0
AIRR.US,5,20230615,192000,51.81,51.81,51.81,51.81,500,0
AIRR.US,5,20230615,194000,51.91,51.91,51.91,51.91,209,0
AIRR.US,5,20230615,194500,51.98,52.015,51.98,52.015,200,0
AIRR.US,5,20230615,195000,52.0505,52.0505,52.0505,52.0505,200,0
AIRR.US,5,20230615,195500,52.03,52.0873,52.03,52.0873,578,0
AIRR.US,5,20230615,201000,52.0539,52.0539,52.0539,52.0539,100,0
AIRR.US,5,20230615,202500,52.01,52.01,52.01,52.01,200,0
AIRR.US,5,20230615,204000,52.1044,52.1044,52.1044,52.1044,100,0
AIRR.US,5,20230615,205000,52.1001,52.18,52.1001,52.18,302,0
AIRR.US,5,20230615,205500,52.23,52.2999,52.23,52.2999,300,0
AIRR.US,5,20230615,211000,52.1201,52.1201,52.1201,52.1201,100,0
AIRR.US,5,20230615,211500,52.1246,52.1699,52.1246,52.135,512,0
AIRR.US,5,20230615,212000,52.111,52.111,52.111,52.111,100,0
AIRR.US,5,20230615,213500,52.14,52.1899,52.14,52.1899,619,0
AIRR.US,5,20230615,214000,52.1495,52.24,52.1495,52.24,2100,0
AIRR.US,5,20230615,214500,52.26,52.27,52.24,52.24,1000,0
AIRR.US,5,20230615,215000,52.2643,52.34,52.2643,52.34,677,0
AIRR.US,5,20230615,215500,52.21,52.31,52.1,52.31,1783,0
AIRR.US,5,20230616,154000,52.17,52.17,52.1096,52.1096,369,0
AIRR.US,5,20230616,155500,52.14,52.14,52.14,52.14,180,0
AIRR.US,5,20230616,160000,52.0894,52.0894,52.0894,52.0894,250,0
AIRR.US,5,20230616,160500,52.2,52.2,52.2,52.2,150,0
AIRR.US,5,20230616,161000,52.2999,52.2999,52.2999,52.2999,155,0
AIRR.US,5,20230616,161500,52.175,52.175,52.175,52.175,197,0
AIRR.US,5,20230616,163500,52.057,52.0683,52.057,52.0683,534,0
AIRR.US,5,20230616,164000,52.0223,52.0223,51.9717,51.9717,263,0
AIRR.US,5,20230616,165000,51.88,51.88,51.88,51.88,100,0
AIRR.US,5,20230616,170000,51.865,51.865,51.8117,51.8117,700,0
AIRR.US,5,20230616,171000,51.849,51.849,51.849,51.849,192,0
AIRR.US,5,20230616,172000,51.779,51.779,51.779,51.779,100,0
AIRR.US,5,20230616,174500,51.709,51.709,51.675,51.675,364,0
AIRR.US,5,20230616,175500,51.709,51.709,51.709,51.709,193,0
AIRR.US,5,20230616,180000,51.75,51.76,51.749,51.749,1400,0
AIRR.US,5,20230616,180500,51.729,51.729,51.664,51.664,393,0
AIRR.US,5,20230616,181000,51.6989,51.6989,51.6989,51.6989,2000,0
AIRR.US,5,20230616,182000,51.8,51.86,51.8,51.86,400,0
AIRR.US,5,20230616,183000,51.92,51.92,51.92,51.92,256,0
AIRR.US,5,20230616,183500,51.935,51.94,51.935,51.94,374,0
AIRR.US,5,20230616,184000,51.95,51.95,51.95,51.95,1000,0
AIRR.US,5,20230616,190500,52.009,52.009,52.009,52.009,250,0
AIRR.US,5,20230616,192500,51.96,51.96,51.96,51.96,100,0
AIRR.US,5,20230616,194000,51.919,51.92,51.8601,51.8601,2651,0
AIRR.US,5,20230616,194500,51.929,51.929,51.929,51.929,313,0
AIRR.US,5,20230616,195000,51.9241,51.9241,51.9241,51.9241,125,0
AIRR.US,5,20230616,195500,51.97,51.97,51.97,51.97,109,0
AIRR.US,5,20230616,200000,51.98,51.99,51.98,51.98,941,0
AIRR.US,5,20230616,201500,51.87,51.87,51.87,51.87,141,0
AIRR.US,5,20230616,202500,51.8701,51.8701,51.8701,51.8701,154,0
AIRR.US,5,20230616,204500,51.8096,51.8096,51.8001,51.8001,485,0
AIRR.US,5,20230616,205000,51.889,51.889,51.889,51.889,100,0
AIRR.US,5,20230616,205500,51.83,51.88,51.83,51.88,1050,0
AIRR.US,5,20230616,211000,51.835,51.835,51.835,51.835,963,0
AIRR.US,5,20230616,211500,51.8227,51.8302,51.8227,51.8302,251,0
AIRR.US,5,20230616,213000,51.83,51.87,51.83,51.87,299,0
AIRR.US,5,20230616,214000,51.81,51.81,51.81,51.81,100,0
AIRR.US,5,20230616,214500,51.87,51.87,51.87,51.87,1000,0
AIRR.US,5,20230616,215000,51.9122,51.95,51.9122,51.95,3872,0
AIRR.US,5,20230616,215500,51.9499,51.9499,51.9499,51.9499,385,0
AIRR.US,5,20230620,153000,51.76,51.76,51.37,51.37,4606,0
AIRR.US,5,20230620,153500,51.5,51.52,51.5,51.52,1839,0
AIRR.US,5,20230620,154000,51.5,51.755,51.43,51.755,900,0
AIRR.US,5,20230620,155000,51.6933,51.7,51.6933,51.7,374,0
AIRR.US,5,20230620,160000,51.74,51.74,51.74,51.74,200,0
AIRR.US,5,20230620,160500,51.8399,51.8399,51.8,51.8,200,0
AIRR.US,5,20230620,161500,51.8314,51.8314,51.745,51.745,434,0
AIRR.US,5,20230620,162500,51.5661,51.5661,51.5661,51.5661,117,0
AIRR.US,5,20230620,165500,51.7417,51.7417,51.7101,51.7101,1100,0
AIRR.US,5,20230620,170500,51.782,51.782,51.782,51.782,100,0
AIRR.US,5,20230620,172500,51.69,51.69,51.69,51.69,350,0
AIRR.US,5,20230620,173000,51.67,51.67,51.67,51.67,889,0
AIRR.US,5,20230620,173500,51.6908,51.6908,51.6908,51.6908,116,0
AIRR.US,5,20230620,180000,51.8224,51.8224,51.8224,51.8224,155,0
AIRR.US,5,20230620,181500,51.895,51.895,51.895,51.895,200,0
AIRR.US,5,20230620,182500,51.916,51.916,51.916,51.916,227,0
AIRR.US,5,20230620,183000,51.9584,51.9584,51.9584,51.9584,846,0
AIRR.US,5,20230620,183500,52.0056,52.0056,52.0056,52.0056,153,0
AIRR.US,5,20230620,185000,52.004,52.004,52.004,52.004,151,0
AIRR.US,5,20230620,191500,51.9923,51.9923,51.9923,51.9923,103,0
AIRR.US,5,20230620,192000,52.07,52.07,52.07,52.07,188,0
AIRR.US,5,20230620,192500,52.0195,52.0195,52.0195,52.0195,176,0
AIRR.US,5,20230620,200500,51.9493,51.9493,51.93,51.93,241,0
AIRR.US,5,20230620,201500,51.9499,51.9499,51.9,51.9,417,0
AIRR.US,5,20230620,202000,51.87,51.87,51.8694,51.8694,976,0
AIRR.US,5,20230620,202500,51.85,51.8742,51.85,51.8561,1238,0
AIRR.US,5,20230620,203500,51.85,51.85,51.85,51.85,392,0
AIRR.US,5,20230620,204000,51.81,51.81,51.81,51.81,131,0
AIRR.US,5,20230620,204500,51.845,51.845,51.845,51.845,175,0
AIRR.US,5,20230620,205000,51.88,51.88,51.8468,51.8468,913,0
AIRR.US,5,20230620,205500,51.8342,51.89,51.8342,51.89,220,0
AIRR.US,5,20230620,210000,51.81,51.8473,51.81,51.8473,360,0
AIRR.US,5,20230620,210500,51.844,51.8455,51.8,51.8,621,0
AIRR.US,5,20230620,211000,51.8419,51.89,51.8323,51.89,485,0
AIRR.US,5,20230620,211500,51.83,51.83,51.83,51.83,196,0
AIRR.US,5,20230620,212000,51.8594,51.8594,51.8594,51.8594,198,0
AIRR.US,5,20230620,213000,51.9808,51.9808,51.9248,51.9248,794,0
AIRR.US,5,20230620,214000,51.91,51.91,51.91,51.91,100,0
AIRR.US,5,20230620,214500,52.02,52.03,51.9778,51.9778,1890,0
AIRR.US,5,20230620,215500,51.9292,51.9292,51.86,51.86,1352,0
AIRR.US,5,20230621,153000,51.78,51.78,51.78,51.78,1053,0
AIRR.US,5,20230621,153500,51.55,51.55,51.55,51.55,200,0
AIRR.US,5,20230621,154000,51.665,51.726,51.63,51.65,1500,0
AIRR.US,5,20230621,161000,51.94,51.94,51.94,51.94,200,0
AIRR.US,5,20230621,162500,52.18,52.18,52.18,52.18,200,0
AIRR.US,5,20230621,163000,52.23,52.2513,52.23,52.24,550,0
AIRR.US,5,20230621,163500,52.3367,52.3495,52.3367,52.3495,200,0
AIRR.US,5,20230621,164500,52.165,52.17,52.165,52.17,604,0
AIRR.US,5,20230621,165500,52.23,52.32,52.23,52.32,348,0
AIRR.US,5,20230621,170000,52.42,52.42,52.36,52.36,530,0
AIRR.US,5,20230621,170500,52.269,52.269,52.255,52.255,696,0
AIRR.US,5,20230621,171500,52.33,52.33,52.28,52.3,800,0
AIRR.US,5,20230621,172000,52.3,52.3,52.3,52.3,100,0
AIRR.US,5,20230621,173000,52.335,52.335,52.3,52.3,412,0
AIRR.US,5,20230621,174000,52.4077,52.4077,52.4077,52.4077,953,0
AIRR.US,5,20230621,175000,52.33,52.34,52.33,52.3398,3000,0
AIRR.US,5,20230621,175500,52.369,52.369,52.3462,52.3462,200,0
AIRR.US,5,20230621,180000,52.3305,52.3305,52.31,52.31,375,0
AIRR.US,5,20230621,181000,52.3129,52.3129,52.3,52.3,2767,0
AIRR.US,5,20230621,182000,52.28,52.28,52.28,52.28,200,0
AIRR.US,5,20230621,183500,52.27,52.27,52.27,52.27,100,0
AIRR.US,5,20230621,184000,52.27,52.27,52.24,52.24,700,0
AIRR.US,5,20230621,184500,52.25,52.25,52.1489,52.1489,1226,0
AIRR.US,5,20230621,185500,52.205,52.205,52.205,52.205,400,0
AIRR.US,5,20230621,190500,52.1339,52.1339,52.1339,52.1339,200,0
AIRR.US,5,20230621,191000,52.2,52.2,52.2,52.2,100,0
AIRR.US,5,20230621,191500,52.21,52.24,52.21,52.24,1100,0
AIRR.US,5,20230621,193500,52.2641,52.3046,52.2641,52.3046,360,0
AIRR.US,5,20230621,195500,52.4,52.5,52.4,52.5,5500,0
AIRR.US,5,20230621,200500,52.4737,52.49,52.4737,52.49,3470,0
AIRR.US,5,20230621,201000,52.5227,52.5227,52.5227,52.5227,3500,0
AIRR.US,5,20230621,201500,52.54,52.59,52.5196,52.576,5200,0
AIRR.US,5,20230621,202000,52.6,52.63,52.6,52.63,692,0
AIRR.US,5,20230621,202500,52.618,52.65,52.61,52.6403,11707,0
AIRR.US,5,20230621,203000,52.6395,52.6491,52.63,52.63,1241,0
AIRR.US,5,20230621,203500,52.63,52.66,52.63,52.66,1600,0
AIRR.US,5,20230621,204000,52.67,52.67,52.67,52.67,100,0
AIRR.US,5,20230621,204500,52.6231,52.6231,52.6231,52.6231,200,0
AIRR.US,5,20230621,205000,52.5648,52.61,52.5648,52.61,250,0
AIRR.US,5,20230621,210000,52.5449,52.5449,52.5449,52.5449,100,0
AIRR.US,5,20230621,211000,52.5288,52.5288,52.47,52.47,600,0
AIRR.US,5,20230621,211500,52.5689,52.5689,52.5267,52.5267,518,0
AIRR.US,5,20230621,212500,52.5,52.5,52.5,52.5,500,0
AIRR.US,5,20230621,213500,52.54,52.54,52.4927,52.4927,1000,0
AIRR.US,5,20230621,214000,52.45,52.5234,52.45,52.5234,1158,0
AIRR.US,5,20230621,214500,52.53,52.53,52.52,52.53,3500,0
AIRR.US,5,20230621,215000,52.55,52.55,52.49,52.49,2203,0
AIRR.US,5,20230621,215500,52.46,52.46,52.27,52.42,22833,0
AIRR.US,5,20230622,153500,51.85,51.85,51.85,51.85,200,0
AIRR.US,5,20230622,154000,51.795,51.82,51.73,51.73,400,0
AIRR.US,5,20230622,154500,51.73,51.73,51.73,51.73,304,0
AIRR.US,5,20230622,155000,51.8373,51.8373,51.8373,51.8373,138,0
AIRR.US,5,20230622,160500,51.88,51.9289,51.88,51.9289,777,0
AIRR.US,5,20230622,161000,51.946,51.946,51.946,51.946,333,0
AIRR.US,5,20230622,164500,52.08,52.08,52.08,52.08,180,0
AIRR.US,5,20230622,165500,52.07,52.07,52.06,52.0601,2900,0
AIRR.US,5,20230622,170000,52.09,52.09,52.09,52.09,408,0
AIRR.US,5,20230622,171500,51.9201,51.9201,51.9201,51.9201,122,0
AIRR.US,5,20230622,172000,51.9601,51.9601,51.96,51.96,200,0
AIRR.US,5,20230622,173000,51.9401,51.9401,51.9401,51.9401,332,0
AIRR.US,5,20230622,173500,52.0499,52.07,52.0305,52.0305,456,0
AIRR.US,5,20230622,174000,52.0899,52.0936,52.0899,52.0936,383,0
AIRR.US,5,20230622,175000,52.02,52.02,52.02,52.02,135,0
AIRR.US,5,20230622,175500,52.06,52.06,52.02,52.02,222,0
AIRR.US,5,20230622,180500,52,52,51.9999,51.9999,843,0
AIRR.US,5,20230622,181000,51.9574,51.97,51.9574,51.97,300,0
AIRR.US,5,20230622,182500,51.9181,51.9181,51.9181,51.9181,1538,0
AIRR.US,5,20230622,183000,51.89,51.89,51.89,51.89,500,0
AIRR.US,5,20230622,183500,51.96,51.98,51.9448,51.97,1774,0
AIRR.US,5,20230622,184000,51.9611,51.99,51.9611,51.99,231,0
AIRR.US,5,20230622,185000,51.8853,51.8853,51.8853,51.8853,995,0
AIRR.US,5,20230622,185500,51.89,51.89,51.88,51.88,300,0
AIRR.US,5,20230622,190500,51.84,51.84,51.84,51.84,278,0
AIRR.US,5,20230622,192000,51.92,51.92,51.92,51.92,100,0
AIRR.US,5,20230622,192500,51.8808,51.8808,51.8808,51.8808,1500,0
AIRR.US,5,20230622,193500,51.88,51.88,51.88,51.88,222,0
AIRR.US,5,20230622,194000,51.93,51.93,51.93,51.93,100,0
AIRR.US,5,20230622,194500,51.8843,51.8843,51.8621,51.8621,766,0
AIRR.US,5,20230622,200500,51.94,51.94,51.94,51.94,100,0
AIRR.US,5,20230622,201500,51.86,51.885,51.86,51.885,275,0
AIRR.US,5,20230622,202500,51.97,51.97,51.97,51.97,200,0
AIRR.US,5,20230622,203000,52.0308,52.0308,52.0073,52.0073,400,0
AIRR.US,5,20230622,204000,51.9987,51.9987,51.9987,51.9987,345,0
AIRR.US,5,20230622,205000,51.9554,51.9554,51.9,51.9098,835,0
AIRR.US,5,20230622,205500,51.95,51.95,51.9296,51.9296,300,0
AIRR.US,5,20230622,210500,51.94,51.94,51.94,51.94,100,0
AIRR.US,5,20230622,211000,51.9,51.9,51.8839,51.8839,261,0
AIRR.US,5,20230622,211500,51.9,51.9,51.8801,51.8801,659,0
AIRR.US,5,20230622,212000,51.88,51.88,51.88,51.88,100,0
AIRR.US,5,20230622,212500,51.88,51.88,51.7839,51.7839,600,0
AIRR.US,5,20230622,213000,51.81,51.81,51.78,51.78,300,0
AIRR.US,5,20230622,213500,51.7968,51.82,51.7968,51.82,439,0
AIRR.US,5,20230622,214000,51.83,51.83,51.83,51.83,100,0
AIRR.US,5,20230622,214500,51.84,51.84,51.83,51.83,600,0
AIRR.US,5,20230622,215000,51.9699,51.9699,51.81,51.8407,1183,0
AIRR.US,5,20230622,215500,51.85,51.87,51.78,51.87,11566,0
AIRR.US,5,20230623,153000,51.46,51.46,51.46,51.46,779,0
AIRR.US,5,20230623,153500,51.15,51.17,51.15,51.17,450,0
AIRR.US,5,20230623,154000,51.25,51.3201,51.25,51.3201,588,0
AIRR.US,5,20230623,161500,51.55,51.55,51.55,51.55,2825,0
AIRR.US,5,20230623,162000,51.509,51.509,51.509,51.509,100,0
AIRR.US,5,20230623,163000,51.509,51.509,51.509,51.509,217,0
AIRR.US,5,20230623,163500,51.5601,51.5601,51.5601,51.5601,275,0
AIRR.US,5,20230623,165000,51.4173,51.4173,51.4173,51.4173,290,0
AIRR.US,5,20230623,170000,51.57,51.57,51.57,51.57,117,0
AIRR.US,5,20230623,170500,51.4301,51.4301,51.4301,51.4301,329,0
AIRR.US,5,20230623,171000,51.36,51.36,51.36,51.36,100,0
AIRR.US,5,20230623,172000,51.2901,51.2901,51.2901,51.2901,100,0
AIRR.US,5,20230623,173500,51.3451,51.38,51.3451,51.38,4473,0
AIRR.US,5,20230623,175000,51.2,51.25,51.2,51.25,14549,0
AIRR.US,5,20230623,175500,51.1893,51.1893,51.1893,51.1893,100,0
AIRR.US,5,20230623,180500,51.2657,51.2657,51.2657,51.2657,296,0
AIRR.US,5,20230623,181000,51.21,51.25,51.21,51.25,200,0
AIRR.US,5,20230623,181500,51.29,51.29,51.29,51.29,100,0
AIRR.US,5,20230623,182000,51.2827,51.2827,51.2827,51.2827,101,0
AIRR.US,5,20230623,182500,51.2779,51.3586,51.2779,51.2901,2148,0
AIRR.US,5,20230623,184000,51.3107,51.3107,51.3107,51.3107,144,0
AIRR.US,5,20230623,184500,51.3611,51.37,51.3611,51.37,424,0
AIRR.US,5,20230623,185000,51.3025,51.3025,51.3025,51.3025,600,0
AIRR.US,5,20230623,185500,51.29,51.29,51.29,51.29,969,0
AIRR.US,5,20230623,191000,51.3584,51.3584,51.3107,51.3107,871,0
AIRR.US,5,20230623,192000,51.3001,51.37,51.3001,51.37,566,0
AIRR.US,5,20230623,194000,51.4601,51.4601,51.46,51.46,348,0
AIRR.US,5,20230623,195500,51.52,51.52,51.5171,51.5171,405,0
AIRR.US,5,20230623,200000,51.52,51.52,51.425,51.425,296,0
AIRR.US,5,20230623,200500,51.44,51.44,51.44,51.44,260,0
AIRR.US,5,20230623,202500,51.315,51.315,51.315,51.315,100,0
AIRR.US,5,20230623,203000,51.28,51.28,51.28,51.28,200,0
AIRR.US,5,20230623,204000,51.15,51.15,51.145,51.145,200,0
AIRR.US,5,20230623,204500,51.0601,51.0601,51.0601,51.0601,245,0
AIRR.US,5,20230623,210000,51,51,50.92,50.92,1050,0
AIRR.US,5,20230623,212500,50.97,50.97,50.97,50.97,100,0
AIRR.US,5,20230623,213500,50.8918,50.8918,50.8918,50.8918,250,0
AIRR.US,5,20230623,214000,50.8801,50.8801,50.8801,50.8801,334,0
AIRR.US,5,20230623,214500,51.02,51.04,51.02,51.04,2000,0
AIRR.US,5,20230623,215000,51.09,51.09,51.04,51.06,1581,0
AIRR.US,5,20230623,215500,51,51.07,50.99,51.07,5010,0
AIRR.US,5,20230626,154000,51.81,51.82,51.81,51.82,475,0
AIRR.US,5,20230626,155000,52.009,52.0264,51.9716,51.9716,2426,0
AIRR.US,5,20230626,161000,51.74,51.74,51.7173,51.7173,389,0
AIRR.US,5,20230626,172500,51.49,51.49,51.49,51.49,388,0
AIRR.US,5,20230626,173000,51.5426,51.5426,51.5426,51.5426,1681,0
AIRR.US,5,20230626,174000,51.5737,51.5737,51.5737,51.5737,100,0
AIRR.US,5,20230626,175000,51.6296,51.668,51.629,51.629,3208,0
AIRR.US,5,20230626,180000,51.61,51.61,51.61,51.61,100,0
AIRR.US,5,20230626,180500,51.58,51.58,51.54,51.54,700,0
AIRR.US,5,20230626,181000,51.448,51.448,51.448,51.448,400,0
AIRR.US,5,20230626,181500,51.53,51.53,51.53,51.53,100,0
AIRR.US,5,20230626,182500,51.512,51.512,51.512,51.512,200,0
AIRR.US,5,20230626,183000,51.5,51.5,51.4832,51.5,1203,0
AIRR.US,5,20230626,183500,51.3758,51.3758,51.3758,51.3758,115,0
AIRR.US,5,20230626,184500,51.3382,51.39,51.3382,51.3486,534,0
AIRR.US,5,20230626,185500,51.42,51.42,51.42,51.42,100,0
AIRR.US,5,20230626,190500,51.4717,51.4717,51.4717,51.4717,175,0
AIRR.US,5,20230626,191500,51.49,51.54,51.49,51.54,521,0
AIRR.US,5,20230626,192000,51.55,51.55,51.55,51.55,1000,0
AIRR.US,5,20230626,192500,51.5015,51.53,51.5015,51.52,470,0
AIRR.US,5,20230626,193500,51.57,51.5895,51.555,51.5895,2140,0
AIRR.US,5,20230626,194000,51.59,51.63,51.59,51.63,870,0
AIRR.US,5,20230626,194500,51.67,51.67,51.67,51.67,155,0
AIRR.US,5,20230626,195000,51.65,51.65,51.65,51.65,200,0
AIRR.US,5,20230626,195500,51.6278,51.63,51.6134,51.6134,1820,0
AIRR.US,5,20230626,200000,51.62,51.64,51.62,51.64,570,0
AIRR.US,5,20230626,201500,51.62,51.62,51.62,51.62,125,0
AIRR.US,5,20230626,202000,51.611,51.611,51.611,51.611,387,0
AIRR.US,5,20230626,202500,51.6402,51.73,51.61,51.63,14620,0
AIRR.US,5,20230626,203000,51.65,51.655,51.65,51.655,2100,0
AIRR.US,5,20230626,203500,51.68,51.68,51.68,51.68,800,0
AIRR.US,5,20230626,204000,51.68,51.68,51.68,51.68,100,0
AIRR.US,5,20230626,205000,51.7128,51.715,51.66,51.66,1172,0
AIRR.US,5,20230626,210000,51.725,51.76,51.7,51.76,1195,0
AIRR.US,5,20230626,210500,51.76,51.76,51.76,51.76,300,0
AIRR.US,5,20230626,211000,51.7629,51.7629,51.7629,51.7629,197,0
AIRR.US,5,20230626,212000,51.75,51.75,51.71,51.71,701,0
AIRR.US,5,20230626,212500,51.7706,51.7706,51.74,51.74,583,0
AIRR.US,5,20230626,213000,51.73,51.73,51.72,51.73,571,0
AIRR.US,5,20230626,213500,51.73,51.73,51.72,51.73,3473,0
AIRR.US,5,20230626,214500,51.7191,51.72,51.65,51.65,4180,0
AIRR.US,5,20230626,215000,51.61,51.6299,51.59,51.6299,1400,0
AIRR.US,5,20230626,215500,51.5999,51.5999,51.45,51.54,3798,0
AIRR.US,5,20230627,153000,51.45,51.45,51.45,51.45,1137,0
AIRR.US,5,20230627,153500,51.5642,51.58,51.5642,51.58,418,0
AIRR.US,5,20230627,154000,51.58,51.58,51.58,51.58,100,0
AIRR.US,5,20230627,154500,51.51,51.51,51.51,51.51,100,0
AIRR.US,5,20230627,160500,51.79,51.79,51.79,51.79,300,0
AIRR.US,5,20230627,161000,51.745,51.8525,51.745,51.8525,471,0
AIRR.US,5,20230627,163500,52.03,52.03,52.03,52.03,100,0
AIRR.US,5,20230627,165000,52.2026,52.2026,52.1467,52.18,809,0
AIRR.US,5,20230627,165500,52.1785,52.1785,52.1785,52.1785,200,0
AIRR.US,5,20230627,170000,52.186,52.21,52.1201,52.1201,1345,0
AIRR.US,5,20230627,171500,52.18,52.18,52.18,52.18,100,0
AIRR.US,5,20230627,172000,52.15,52.15,52.1215,52.1215,382,0
AIRR.US,5,20230627,172500,52.15,52.15,52.1,52.1,200,0
AIRR.US,5,20230627,173000,52.23,52.23,52.2292,52.2292,220,0
AIRR.US,5,20230627,173500,52.2199,52.2199,52.2199,52.2199,144,0
AIRR.US,5,20230627,174500,52.1768,52.1768,52.1768,52.1768,2382,0
AIRR.US,5,20230627,175000,52.2062,52.23,52.2062,52.23,854,0
AIRR.US,5,20230627,180000,52.24,52.2585,52.23,52.2481,4400,0
AIRR.US,5,20230627,180500,52.3,52.319,52.3,52.319,1000,0
AIRR.US,5,20230627,181000,52.32,52.37,52.32,52.3532,1129,0
AIRR.US,5,20230627,182500,52.3237,52.3237,52.3237,52.3237,132,0
AIRR.US,5,20230627,183500,52.3981,52.3981,52.3981,52.3981,500,0
AIRR.US,5,20230627,184500,52.42,52.45,52.42,52.45,503,0
AIRR.US,5,20230627,185500,52.4347,52.4347,52.4347,52.4347,6291,0
AIRR.US,5,20230627,190500,52.34,52.34,52.34,52.34,200,0
AIRR.US,5,20230627,191000,52.3632,52.3632,52.3608,52.3608,505,0
AIRR.US,5,20230627,191500,52.365,52.4193,52.365,52.4185,1685,0
AIRR.US,5,20230627,192500,52.55,52.5689,52.5138,52.5138,3320,0
AIRR.US,5,20230627,193000,52.5523,52.6,52.5523,52.6,1678,0
AIRR.US,5,20230627,194000,52.5594,52.61,52.5594,52.61,1270,0
AIRR.US,5,20230627,195000,52.535,52.5847,52.535,52.5847,2295,0
AIRR.US,5,20230627,195500,52.57,52.58,52.57,52.58,344,0
AIRR.US,5,20230627,200000,52.51,52.51,52.51,52.51,100,0
AIRR.US,5,20230627,200500,52.47,52.47,52.47,52.47,418,0
AIRR.US,5,20230627,201000,52.5044,52.53,52.5044,52.53,717,0
AIRR.US,5,20230627,201500,52.53,52.53,52.47,52.47,808,0
AIRR.US,5,20230627,202000,52.53,52.53,52.53,52.53,100,0
AIRR.US,5,20230627,202500,52.48,52.5287,52.47,52.5287,568,0
AIRR.US,5,20230627,203000,52.56,52.56,52.52,52.52,3550,0
AIRR.US,5,20230627,203500,52.5131,52.5131,52.5021,52.5021,1748,0
AIRR.US,5,20230627,204000,52.48,52.48,52.48,52.48,378,0
AIRR.US,5,20230627,204500,52.48,52.48,52.48,52.48,163,0
AIRR.US,5,20230627,205500,52.4215,52.47,52.4215,52.45,745,0
AIRR.US,5,20230627,210000,52.48,52.49,52.4461,52.49,1748,0
AIRR.US,5,20230627,210500,52.49,52.509,52.49,52.509,200,0
AIRR.US,5,20230627,211000,52.4673,52.4673,52.4147,52.4147,390,0
AIRR.US,5,20230627,211500,52.4086,52.4086,52.4086,52.4086,500,0
AIRR.US,5,20230627,212000,52.47,52.47,52.47,52.47,100,0
AIRR.US,5,20230627,212500,52.4701,52.4701,52.4701,52.4701,187,0
AIRR.US,5,20230627,213000,52.49,52.5,52.48,52.5,519,0
AIRR.US,5,20230627,213500,52.42,52.42,52.42,52.42,192,0
AIRR.US,5,20230627,214500,52.53,52.53,52.53,52.53,100,0
AIRR.US,5,20230627,215500,52.5167,52.5167,52.37,52.42,4915,0
AIRR.US,5,20230628,153000,52.42,52.42,52.3,52.3,1593,0
AIRR.US,5,20230628,153500,52.16,52.44,52.16,52.44,357,0
AIRR.US,5,20230628,154000,52.51,52.51,52.47,52.47,200,0
AIRR.US,5,20230628,154500,52.53,52.53,52.46,52.46,2188,0
AIRR.US,5,20230628,155000,52.52,52.52,52.52,52.52,200,0
AIRR.US,5,20230628,155500,52.5511,52.66,52.5511,52.66,550,0
AIRR.US,5,20230628,160000,52.6325,52.6325,52.6325,52.6325,500,0
AIRR.US,5,20230628,161500,52.5605,52.5639,52.5605,52.5639,275,0
AIRR.US,5,20230628,162500,52.4061,52.4061,52.4061,52.4061,923,0
AIRR.US,5,20230628,163500,52.5439,52.5439,52.5439,52.5439,378,0
AIRR.US,5,20230628,164000,52.6582,52.6582,52.6582,52.6582,150,0
AIRR.US,5,20230628,164500,52.5489,52.58,52.5101,52.535,3631,0
AIRR.US,5,20230628,165000,52.57,52.57,52.4801,52.56,1341,0
AIRR.US,5,20230628,170000,52.51,52.56,52.49,52.56,586,0
AIRR.US,5,20230628,170500,52.5695,52.59,52.5681,52.5681,546,0
AIRR.US,5,20230628,171000,52.56,52.56,52.525,52.525,313,0
AIRR.US,5,20230628,173000,52.5233,52.5233,52.5233,52.5233,190,0
AIRR.US,5,20230628,174500,52.68,52.69,52.68,52.69,500,0
AIRR.US,5,20230628,175000,52.6471,52.6471,52.6195,52.64,590,0
AIRR.US,5,20230628,175500,52.585,52.585,52.5595,52.5595,554,0
AIRR.US,5,20230628,180000,52.59,52.6,52.59,52.59,6676,0
AIRR.US,5,20230628,181500,52.7025,52.7025,52.68,52.68,574,0
AIRR.US,5,20230628,182000,52.7513,52.79,52.7341,52.7341,715,0
AIRR.US,5,20230628,182500,52.7325,52.7325,52.7325,52.7325,668,0
AIRR.US,5,20230628,183500,52.705,52.705,52.6873,52.6873,1383,0
AIRR.US,5,20230628,184000,52.7,52.71,52.65,52.65,3142,0
AIRR.US,5,20230628,190000,52.55,52.55,52.55,52.55,1000,0
AIRR.US,5,20230628,191500,52.5,52.5607,52.5,52.5607,1235,0
AIRR.US,5,20230628,192500,52.54,52.54,52.54,52.54,1071,0
AIRR.US,5,20230628,193500,52.6099,52.6099,52.565,52.6091,900,0
AIRR.US,5,20230628,194000,52.6,52.6,52.586,52.586,234,0
AIRR.US,5,20230628,194500,52.6,52.6,52.6,52.6,300,0
AIRR.US,5,20230628,195000,52.521,52.54,52.5,52.5109,2245,0
AIRR.US,5,20230628,195500,52.5,52.5,52.5,52.5,315,0
AIRR.US,5,20230628,201000,52.57,52.59,52.57,52.59,1507,0
AIRR.US,5,20230628,201500,52.585,52.62,52.585,52.62,331,0
AIRR.US,5,20230628,202500,52.62,52.62,52.62,52.62,1712,0
AIRR.US,5,20230628,203000,52.6357,52.6357,52.6357,52.6357,1319,0
AIRR.US,5,20230628,204000,52.54,52.54,52.54,52.54,118,0
AIRR.US,5,20230628,204500,52.58,52.58,52.58,52.58,100,0
AIRR.US,5,20230628,205000,52.5509,52.5509,52.5509,52.5509,1745,0
AIRR.US,5,20230628,205500,52.5,52.5109,52.5,52.5109,804,0
AIRR.US,5,20230628,210500,52.5,52.5,52.455,52.455,2028,0
AIRR.US,5,20230628,211000,52.52,52.52,52.52,52.52,108,0
AIRR.US,5,20230628,212000,52.5421,52.5421,52.5421,52.5421,100,0
AIRR.US,5,20230628,212500,52.5617,52.5805,52.5401,52.5401,910,0
AIRR.US,5,20230628,213500,52.51,52.51,52.4883,52.4883,540,0
AIRR.US,5,20230628,214000,52.54,52.55,52.52,52.55,633,0
AIRR.US,5,20230628,214500,52.54,52.54,52.54,52.54,100,0
AIRR.US,5,20230628,215000,52.54,52.54,52.45,52.53,367,0
AIRR.US,5,20230628,215500,52.49,52.58,52.4301,52.51,2755,0
AIRR.US,5,20230629,153000,52.86,52.97,52.86,52.97,2585,0
AIRR.US,5,20230629,153500,53.1376,53.16,53.12,53.12,2809,0
AIRR.US,5,20230629,154000,53.34,53.34,53.2947,53.2947,200,0
AIRR.US,5,20230629,154500,53.3,53.35,53.2875,53.2875,1005,0
AIRR.US,5,20230629,155000,53.4742,53.48,53.41,53.465,870,0
AIRR.US,5,20230629,155500,53.59,53.66,53.59,53.66,400,0
AIRR.US,5,20230629,160000,53.5909,53.67,53.5909,53.62,637,0
AIRR.US,5,20230629,160500,53.75,53.75,53.68,53.68,200,0
AIRR.US,5,20230629,161500,53.7501,53.775,53.75,53.75,318,0
AIRR.US,5,20230629,162000,53.7286,53.7484,53.68,53.68,3782,0
AIRR.US,5,20230629,162500,53.5643,53.64,53.5643,53.6089,5649,0
AIRR.US,5,20230629,163000,53.62,53.6988,53.62,53.6988,1672,0
AIRR.US,5,20230629,163500,53.64,53.64,53.5999,53.5999,1470,0
AIRR.US,5,20230629,164000,53.5771,53.5979,53.5771,53.5979,300,0
AIRR.US,5,20230629,164500,53.6,53.6,53.51,53.52,686,0
AIRR.US,5,20230629,165000,53.5,53.505,53.4201,53.4595,3726,0
AIRR.US,5,20230629,165500,53.4235,53.5,53.4235,53.5,200,0
AIRR.US,5,20230629,170000,53.52,53.57,53.52,53.57,200,0
AIRR.US,5,20230629,170500,53.5259,53.59,53.5236,53.55,6395,0
AIRR.US,5,20230629,171000,53.53,53.5899,53.5204,53.5367,1829,0
AIRR.US,5,20230629,171500,53.59,53.641,53.57,53.5805,4147,0
AIRR.US,5,20230629,172500,53.4036,53.4036,53.4036,53.4036,100,0
AIRR.US,5,20230629,173000,53.4343,53.4705,53.4343,53.4705,760,0
AIRR.US,5,20230629,173500,53.4305,53.4305,53.4305,53.4305,100,0
AIRR.US,5,20230629,174500,53.4456,53.4456,53.42,53.42,290,0
AIRR.US,5,20230629,175000,53.4971,53.55,53.4971,53.55,352,0
AIRR.US,5,20230629,175500,53.57,53.57,53.51,53.51,402,0
AIRR.US,5,20230629,180000,53.4871,53.4871,53.4871,53.4871,100,0
AIRR.US,5,20230629,180500,53.4905,53.4905,53.4905,53.4905,200,0
AIRR.US,5,20230629,181000,53.4972,53.52,53.4971,53.505,830,0
AIRR.US,5,20230629,181500,53.5616,53.5989,53.52,53.5675,3343,0
AIRR.US,5,20230629,182000,53.6,53.6299,53.589,53.6081,656,0
AIRR.US,5,20230629,182500,53.63,53.64,53.5917,53.64,3336,0
AIRR.US,5,20230629,183000,53.62,53.62,53.62,53.62,100,0
AIRR.US,5,20230629,183500,53.59,53.7199,53.59,53.71,11095,0
AIRR.US,5,20230629,184000,53.6875,53.69,53.67,53.67,1665,0
AIRR.US,5,20230629,184500,53.66,53.72,53.62,53.65,6539,0
AIRR.US,5,20230629,185000,53.66,53.71,53.66,53.71,228,0
AIRR.US,5,20230629,185500,53.72,53.75,53.675,53.675,2253,0
AIRR.US,5,20230629,190000,53.7146,53.7146,53.6637,53.6637,1182,0
AIRR.US,5,20230629,190500,53.6741,53.6741,53.65,53.65,600,0
AIRR.US,5,20230629,191000,53.6423,53.6899,53.6423,53.6899,699,0
AIRR.US,5,20230629,191500,53.64,53.7333,53.64,53.7333,4408,0
AIRR.US,5,20230629,192000,53.6967,53.72,53.6967,53.72,574,0
AIRR.US,5,20230629,192500,53.72,53.72,53.72,53.72,200,0
AIRR.US,5,20230629,193000,53.76,53.786,53.7346,53.786,808,0
AIRR.US,5,20230629,193500,53.7852,53.7852,53.7852,53.7852,150,0
AIRR.US,5,20230629,194000,53.8293,53.8293,53.7637,53.78,2737,0
AIRR.US,5,20230629,194500,53.79,53.81,53.77,53.77,600,0
AIRR.US,5,20230629,195000,53.77,53.77,53.77,53.77,325,0
AIRR.US,5,20230629,195500,53.71,53.71,53.6975,53.6975,800,0
AIRR.US,5,20230629,200000,53.61,53.61,53.61,53.61,122,0
AIRR.US,5,20230629,200500,53.5596,53.5596,53.5596,53.5596,750,0
AIRR.US,5,20230629,201000,53.6,53.68,53.6,53.68,22434,0
AIRR.US,5,20230629,201500,53.68,53.73,53.6767,53.73,894,0
AIRR.US,5,20230629,202000,53.74,53.7699,53.7,53.76,1848,0
AIRR.US,5,20230629,202500,53.76,53.78,53.72,53.72,24521,0
AIRR.US,5,20230629,203000,53.7916,53.83,53.7815,53.82,19208,0
AIRR.US,5,20230629,203500,53.83,53.83,53.83,53.83,100,0
AIRR.US,5,20230629,204000,53.71,53.78,53.71,53.78,284,0
AIRR.US,5,20230629,204500,53.81,53.81,53.7906,53.7906,520,0
AIRR.US,5,20230629,205000,53.82,53.82,53.7773,53.79,880,0
AIRR.US,5,20230629,205500,53.81,53.8499,53.75,53.7993,23694,0
AIRR.US,5,20230629,210000,53.7943,53.8701,53.78,53.8666,27186,0
AIRR.US,5,20230629,210500,53.8,53.8073,53.78,53.8073,4000,0
AIRR.US,5,20230629,211000,53.84,53.84,53.84,53.84,200,0
AIRR.US,5,20230629,211500,53.81,53.83,53.81,53.83,244,0
AIRR.US,5,20230629,212000,53.819,53.819,53.7905,53.7905,1302,0
AIRR.US,5,20230629,212500,53.7977,53.7977,53.7977,53.7977,103,0
AIRR.US,5,20230629,213000,53.8,53.866,53.8,53.845,23621,0
AIRR.US,5,20230629,213500,53.81,53.81,53.7739,53.7739,540,0
AIRR.US,5,20230629,214000,53.75,53.8114,53.75,53.8114,757,0
AIRR.US,5,20230629,214500,53.8284,53.8645,53.8284,53.84,11826,0
AIRR.US,5,20230629,215000,53.855,53.8999,53.8339,53.8999,6237,0
AIRR.US,5,20230629,215500,53.85,53.885,53.78,53.88,3348,0
AIRR.US,5,20230630,153000,54.49,54.54,54.19,54.3195,5772,0
AIRR.US,5,20230630,153500,54.3199,54.3199,54.11,54.12,3735,0
AIRR.US,5,20230630,154000,54.17,54.17,54.06,54.14,2372,0
AIRR.US,5,20230630,154500,53.96,54.02,53.96,54.02,200,0
AIRR.US,5,20230630,160000,54.2,54.2,54.1767,54.1767,200,0
AIRR.US,5,20230630,160500,54.22,54.232,54.22,54.232,300,0
AIRR.US,5,20230630,161000,54.2504,54.2504,54.18,54.18,480,0
AIRR.US,5,20230630,161500,54.16,54.16,54.16,54.16,100,0
AIRR.US,5,20230630,163000,54.1473,54.1473,54.1473,54.1473,240,0
AIRR.US,5,20230630,163500,54.185,54.185,54.0239,54.0239,375,0
AIRR.US,5,20230630,164000,54,54.025,53.9461,53.9461,1236,0
AIRR.US,5,20230630,164500,53.9596,53.975,53.85,53.85,2025,0
AIRR.US,5,20230630,165000,54.03,54.03,54.03,54.03,100,0
AIRR.US,5,20230630,165500,54.095,54.095,54.095,54.095,100,0
AIRR.US,5,20230630,170000,54.14,54.2,54.11,54.2,1851,0
AIRR.US,5,20230630,170500,54.21,54.21,54.21,54.21,100,0
AIRR.US,5,20230630,171000,54.21,54.21,54.17,54.17,300,0
AIRR.US,5,20230630,171500,54.16,54.21,54.16,54.21,24937,0
AIRR.US,5,20230630,172000,54.19,54.2,54.1201,54.18,6308,0
AIRR.US,5,20230630,172500,54.17,54.18,54.16,54.16,3057,0
AIRR.US,5,20230630,173000,54.16,54.16,54.125,54.125,1320,0
AIRR.US,5,20230630,173500,54.1253,54.1253,54.1253,54.1253,1349,0
AIRR.US,5,20230630,174000,54.1941,54.1941,54.1941,54.1941,150,0
AIRR.US,5,20230630,174500,54.24,54.2515,54.24,54.2465,634,0
AIRR.US,5,20230630,175000,54.23,54.24,54.155,54.155,785,0
AIRR.US,5,20230630,175500,54.16,54.16,54.16,54.16,100,0
AIRR.US,5,20230630,180000,54.19,54.2,54.19,54.2,258,0
AIRR.US,5,20230630,181000,54.2299,54.2299,54.2194,54.2194,840,0
AIRR.US,5,20230630,182000,54.21,54.21,54.1741,54.1741,200,0
AIRR.US,5,20230630,182500,54.235,54.26,54.235,54.26,500,0
AIRR.US,5,20230630,183000,54.29,54.29,54.29,54.29,1210,0
AIRR.US,5,20230630,183500,54.32,54.3475,54.32,54.3475,600,0
AIRR.US,5,20230630,184500,54.35,54.35,54.28,54.28,1031,0
AIRR.US,5,20230630,190000,54.29,54.29,54.29,54.29,100,0
AIRR.US,5,20230630,190500,54.29,54.29,54.29,54.29,100,0
AIRR.US,5,20230630,191000,54.3,54.3,54.29,54.29,200,0
AIRR.US,5,20230630,192000,54.31,54.31,54.3,54.3,532,0
AIRR.US,5,20230630,192500,54.3,54.3,54.28,54.28,500,0
AIRR.US,5,20230630,193000,54.28,54.3199,54.27,54.27,6478,0
AIRR.US,5,20230630,193500,54.3,54.3,54.27,54.27,300,0
AIRR.US,5,20230630,194500,54.2504,54.26,54.2504,54.26,303,0
AIRR.US,5,20230630,195000,54.2417,54.2899,54.22,54.2219,9442,0
AIRR.US,5,20230630,195500,54.24,54.245,54.2,54.23,1542,0
AIRR.US,5,20230630,200000,54.239,54.2589,54.19,54.2017,2968,0
AIRR.US,5,20230630,201000,54.2696,54.2696,54.2305,54.2305,1080,0
AIRR.US,5,20230630,201500,54.25,54.25,54.25,54.25,60801,0
AIRR.US,5,20230630,202000,54.2421,54.2421,54.2245,54.23,1500,0
AIRR.US,5,20230630,202500,54.2405,54.2405,54.2405,54.2405,205,0
AIRR.US,5,20230630,203000,54.26,54.26,54.26,54.26,100,0
AIRR.US,5,20230630,204000,54.26,54.35,54.26,54.35,830,0
AIRR.US,5,20230630,204500,54.35,54.35,54.3,54.35,500,0
AIRR.US,5,20230630,205000,54.3273,54.3273,54.3273,54.3273,208,0
AIRR.US,5,20230630,205500,54.33,54.33,54.3,54.3,600,0
AIRR.US,5,20230630,210500,54.28,54.28,54.26,54.26,200,0
AIRR.US,5,20230630,211000,54.2471,54.2471,54.2471,54.2471,200,0
AIRR.US,5,20230630,211500,54.265,54.265,54.265,54.265,100,0
AIRR.US,5,20230630,212000,54.23,54.23,54.19,54.19,12817,0
AIRR.US,5,20230630,213000,54.18,54.19,54.18,54.18,550,0
AIRR.US,5,20230630,213500,54.2099,54.2099,54.2099,54.2099,100,0
AIRR.US,5,20230630,214000,54.1601,54.17,54.1601,54.17,329,0
AIRR.US,5,20230630,214500,54.21,54.21,54.21,54.21,100,0
AIRR.US,5,20230630,215000,54.2,54.2,54.2,54.2,100,0
AIRR.US,5,20230630,215500,54.15,54.18,54.09,54.09,1232,0
AIRR.US,5,20230703,153000,54.09,54.09,54.09,54.09,8176,0
AIRR.US,5,20230703,153500,54.38,54.38,54.38,54.38,500,0
AIRR.US,5,20230703,154000,54.31,54.31,54.31,54.31,350,0
AIRR.US,5,20230703,160000,54.21,54.21,54.17,54.17,479,0
AIRR.US,5,20230703,160500,54.1705,54.1705,54.1705,54.1705,100,0
AIRR.US,5,20230703,161000,54.24,54.24,54.19,54.19,286,0
AIRR.US,5,20230703,161500,54.26,54.26,54.245,54.245,200,0
AIRR.US,5,20230703,162000,54.22,54.22,54.199,54.199,284,0
AIRR.US,5,20230703,163500,54.1876,54.1876,54.15,54.15,6753,0
AIRR.US,5,20230703,164000,54.19,54.28,54.19,54.28,1300,0
AIRR.US,5,20230703,165000,54.1,54.1,54.1,54.1,100,0
AIRR.US,5,20230703,170000,54.1574,54.21,54.1574,54.21,537,0
AIRR.US,5,20230703,170500,54.2218,54.3199,54.22,54.22,915,0
AIRR.US,5,20230703,171000,54.28,54.28,54.2011,54.2395,941,0
AIRR.US,5,20230703,171500,54.18,54.18,54.0649,54.0649,407,0
AIRR.US,5,20230703,172000,54.0931,54.0931,54.0931,54.0931,190,0
AIRR.US,5,20230703,172500,54.11,54.11,54.0771,54.0771,517,0
AIRR.US,5,20230703,173000,54.08,54.11,54.0473,54.11,764,0
AIRR.US,5,20230703,173500,54.15,54.1606,54.15,54.1606,300,0
AIRR.US,5,20230703,174500,54.13,54.13,54.0925,54.0925,233,0
AIRR.US,5,20230703,175500,54.16,54.16,54.1371,54.1593,20121,0
AIRR.US,5,20230703,180000,54.16,54.16,54.16,54.16,100,0
AIRR.US,5,20230703,181000,54.2,54.2,54.1673,54.2,593,0
AIRR.US,5,20230703,181500,54.1833,54.1833,54.15,54.15,300,0
AIRR.US,5,20230703,182000,54.1693,54.1693,54.1693,54.1693,168,0
AIRR.US,5,20230703,182500,54.165,54.1899,54.165,54.1899,280,0
AIRR.US,5,20230703,183000,54.15,54.15,54.15,54.15,100,0
AIRR.US,5,20230703,183500,54.16,54.16,54.16,54.16,100,0
AIRR.US,5,20230703,184500,54.2139,54.23,54.2,54.2,573,0
AIRR.US,5,20230703,185000,54.24,54.25,54.2153,54.2153,400,0
AIRR.US,5,20230703,185500,54.28,54.28,54.23,54.27,1269,0
AIRR.US,5,20230705,153000,53.99,53.99,53.99,53.99,3680,0
AIRR.US,5,20230705,153500,53.33,53.33,53.33,53.33,600,0
AIRR.US,5,20230705,154000,53.51,53.51,53.3,53.38,1275,0
AIRR.US,5,20230705,154500,53.39,53.39,53.3861,53.3861,1600,0
AIRR.US,5,20230705,155000,53.39,53.39,53.39,53.39,100,0
AIRR.US,5,20230705,155500,53.44,53.44,53.44,53.44,100,0
AIRR.US,5,20230705,160000,53.48,53.48,53.48,53.48,275,0
AIRR.US,5,20230705,161000,53.5503,53.5503,53.49,53.49,214,0
AIRR.US,5,20230705,161500,53.53,53.59,53.4901,53.59,731,0
AIRR.US,5,20230705,162500,53.55,53.55,53.51,53.51,231,0
AIRR.US,5,20230705,163500,53.5,53.5,53.42,53.42,435,0
AIRR.US,5,20230705,164500,53.4199,53.4199,53.35,53.35,1841,0
AIRR.US,5,20230705,165500,53.47,53.47,53.4,53.4,1186,0
AIRR.US,5,20230705,170000,53.5768,53.5768,53.5768,53.5768,150,0
AIRR.US,5,20230705,170500,53.45,53.46,53.38,53.38,583,0
AIRR.US,5,20230705,171000,53.4498,53.4498,53.4498,53.4498,100,0
AIRR.US,5,20230705,171500,53.47,53.49,53.47,53.49,492,0
AIRR.US,5,20230705,172500,53.5297,53.5297,53.5297,53.5297,115,0
AIRR.US,5,20230705,173000,53.56,53.56,53.56,53.56,100,0
AIRR.US,5,20230705,173500,53.5711,53.5711,53.5239,53.5614,769,0
AIRR.US,5,20230705,174000,53.49,53.49,53.49,53.49,1355,0
AIRR.US,5,20230705,174500,53.5398,53.5398,53.46,53.46,365,0
AIRR.US,5,20230705,175500,53.4299,53.4299,53.4299,53.4299,174,0
AIRR.US,5,20230705,180500,53.48,53.48,53.48,53.48,100,0
AIRR.US,5,20230705,181500,53.4403,53.4403,53.4403,53.4403,200,0
AIRR.US,5,20230705,182500,53.46,53.46,53.46,53.46,100,0
AIRR.US,5,20230705,183500,53.38,53.38,53.36,53.36,721,0
AIRR.US,5,20230705,184500,53.365,53.365,53.365,53.365,100,0
AIRR.US,5,20230705,185500,53.3571,53.3571,53.3571,53.3571,200,0
AIRR.US,5,20230705,190000,53.35,53.35,53.315,53.315,1502,0
AIRR.US,5,20230705,190500,53.2773,53.2773,53.2773,53.2773,102,0
AIRR.US,5,20230705,191000,53.2637,53.2637,53.2637,53.2637,200,0
AIRR.US,5,20230705,191500,53.27,53.29,53.25,53.25,12515,0
AIRR.US,5,20230705,192000,53.3,53.316,53.3,53.316,260,0
AIRR.US,5,20230705,192500,53.325,53.3699,53.32,53.3435,3183,0
AIRR.US,5,20230705,193500,53.3181,53.3181,53.3181,53.3181,619,0
AIRR.US,5,20230705,194000,53.3205,53.38,53.3205,53.38,750,0
AIRR.US,5,20230705,194500,53.3493,53.38,53.3493,53.38,776,0
AIRR.US,5,20230705,195000,53.4,53.42,53.4,53.42,14568,0
AIRR.US,5,20230705,195500,53.44,53.44,53.44,53.44,100,0
AIRR.US,5,20230705,200000,53.45,53.46,53.38,53.425,4831,0
AIRR.US,5,20230705,200500,53.43,53.43,53.415,53.415,234,0
AIRR.US,5,20230705,201000,53.36,53.37,53.36,53.37,15042,0
AIRR.US,5,20230705,201500,53.3068,53.3068,53.25,53.25,475,0
AIRR.US,5,20230705,202000,53.2301,53.29,53.2301,53.29,1450,0
AIRR.US,5,20230705,202500,53.3105,53.3105,53.3105,53.3105,375,0
AIRR.US,5,20230705,203000,53.3131,53.3181,53.3131,53.3181,2000,0
AIRR.US,5,20230705,203500,53.349,53.3805,53.349,53.3496,1171,0
AIRR.US,5,20230705,204000,53.4185,53.4185,53.4185,53.4185,374,0
AIRR.US,5,20230705,204500,53.36,53.3988,53.36,53.3988,300,0
AIRR.US,5,20230705,205000,53.41,53.41,53.41,53.41,100,0
AIRR.US,5,20230705,205500,53.445,53.445,53.445,53.445,100,0
AIRR.US,5,20230705,210500,53.4803,53.4803,53.4803,53.4803,829,0
AIRR.US,5,20230705,211000,53.469,53.469,53.469,53.469,100,0
AIRR.US,5,20230705,211500,53.4471,53.4471,53.4471,53.4471,150,0
AIRR.US,5,20230705,212000,53.43,53.46,53.43,53.46,500,0
AIRR.US,5,20230705,212500,53.4521,53.4521,53.4521,53.4521,468,0
AIRR.US,5,20230705,213000,53.45,53.45,53.44,53.44,1306,0
AIRR.US,5,20230705,213500,53.45,53.45,53.4071,53.4071,1804,0
AIRR.US,5,20230705,214000,53.4071,53.415,53.3739,53.3739,1405,0
AIRR.US,5,20230705,214500,53.39,53.39,53.3553,53.3553,265,0
AIRR.US,5,20230705,215000,53.35,53.35,53.3,53.3,300,0
AIRR.US,5,20230705,215500,53.28,53.34,53.16,53.34,3259,0
AIRR.US,5,20230706,153000,52.75,52.75,52.52,52.52,3367,0
AIRR.US,5,20230706,153500,52.7797,52.8808,52.7797,52.86,856,0
AIRR.US,5,20230706,154000,52.8295,52.8295,52.6001,52.6016,1768,0
AIRR.US,5,20230706,155000,52.7212,52.7212,52.7212,52.7212,2408,0
AIRR.US,5,20230706,160000,52.6065,52.6122,52.5403,52.5403,908,0
AIRR.US,5,20230706,160500,52.5,52.5,52.5,52.5,168,0
AIRR.US,5,20230706,161000,52.35,52.35,52.35,52.35,100,0
AIRR.US,5,20230706,161500,52.2499,52.2499,52.215,52.215,225,0
AIRR.US,5,20230706,162500,52.2399,52.2399,52.1101,52.1101,850,0
AIRR.US,5,20230706,164000,52.0001,52.0001,52.0001,52.0001,300,0
AIRR.US,5,20230706,165000,52,52.0176,51.9401,52,869,0
AIRR.US,5,20230706,165500,51.9173,51.9173,51.9173,51.9173,201,0
AIRR.US,5,20230706,170000,51.9291,51.9291,51.9291,51.9291,100,0
AIRR.US,5,20230706,170500,51.85,51.85,51.8,51.85,13251,0
AIRR.US,5,20230706,171000,51.8997,51.91,51.8501,51.8501,12328,0
AIRR.US,5,20230706,171500,51.8,51.8073,51.8,51.8073,492,0
AIRR.US,5,20230706,172000,51.8039,51.8039,51.8039,51.8039,141,0
AIRR.US,5,20230706,172500,51.76,51.76,51.74,51.74,560,0
AIRR.US,5,20230706,173500,51.8239,51.8239,51.8239,51.8239,220,0
AIRR.US,5,20230706,174500,51.94,51.94,51.94,51.94,100,0
AIRR.US,5,20230706,175000,51.93,51.93,51.93,51.93,180,0
AIRR.US,5,20230706,180000,52.01,52.024,51.9957,52.024,1155,0
AIRR.US,5,20230706,180500,51.93,51.93,51.93,51.93,100,0
AIRR.US,5,20230706,181500,51.91,51.91,51.91,51.91,41614,0
AIRR.US,5,20230706,182000,51.95,51.95,51.8901,51.897,1072,0
AIRR.US,5,20230706,182500,51.9137,51.9137,51.9137,51.9137,135,0
AIRR.US,5,20230706,183000,51.92,51.9792,51.915,51.9792,323,0
AIRR.US,5,20230706,184000,51.91,51.929,51.8701,51.895,6378,0
AIRR.US,5,20230706,184500,51.95,52,51.95,52,946,0
AIRR.US,5,20230706,185000,51.9705,51.985,51.9705,51.985,548,0
AIRR.US,5,20230706,185500,52.05,52.05,52.0215,52.0215,400,0
AIRR.US,5,20230706,190500,52.0775,52.0775,52.0775,52.0775,1316,0
AIRR.US,5,20230706,191000,52.13,52.13,52.0905,52.1035,659,0
AIRR.US,5,20230706,191500,52.13,52.13,52.13,52.13,100,0
AIRR.US,5,20230706,192000,52.13,52.13,52.1236,52.1236,1300,0
AIRR.US,5,20230706,193500,52.21,52.21,52.21,52.21,187,0
AIRR.US,5,20230706,194000,52.19,52.25,52.19,52.25,400,0
AIRR.US,5,20230706,195000,52.25,52.25,52.25,52.25,300,0
AIRR.US,5,20230706,195500,52.1319,52.1319,52.1319,52.1319,300,0
AIRR.US,5,20230706,200000,52.1599,52.1599,52.1599,52.1599,541,0
AIRR.US,5,20230706,200500,52.1403,52.1403,52.1403,52.1403,190,0
AIRR.US,5,20230706,201000,52.1305,52.1305,52.12,52.12,331,0
AIRR.US,5,20230706,201500,52.1515,52.1515,52.1515,52.1515,105,0
AIRR.US,5,20230706,202000,52.06,52.07,52.06,52.07,500,0
AIRR.US,5,20230706,202500,52.1339,52.1339,52.09,52.1,2442,0
AIRR.US,5,20230706,203000,52.1,52.1,52.1,52.1,100,0
AIRR.US,5,20230706,203500,52.17,52.175,52.14,52.14,6659,0
AIRR.US,5,20230706,204000,52.1673,52.1673,52.1673,52.1673,470,0
AIRR.US,5,20230706,204500,52.22,52.22,52.22,52.22,127,0
AIRR.US,5,20230706,205500,52.235,52.235,52.235,52.235,100,0
AIRR.US,5,20230706,210000,52.2524,52.2524,52.2524,52.2524,181,0
AIRR.US,5,20230706,212500,52.25,52.25,52.25,52.25,100,0
AIRR.US,5,20230706,214000,52.2597,52.2597,52.2597,52.2597,573,0
AIRR.US,5,20230706,214500,52.12,52.12,52.12,52.12,100,0
AIRR.US,5,20230706,215000,52.2,52.2,52.11,52.11,432,0
AIRR.US,5,20230706,215500,52.17,52.3261,52.17,52.28,2226,0
AIRR.US,5,20230707,153000,52.35,52.45,52.35,52.45,2992,0
AIRR.US,5,20230707,153500,52.62,52.62,52.62,52.62,200,0
AIRR.US,5,20230707,154000,52.675,52.675,52.675,52.675,100,0
AIRR.US,5,20230707,154500,52.66,52.74,52.66,52.74,300,0
AIRR.US,5,20230707,155000,52.82,52.86,52.7773,52.7773,450,0
AIRR.US,5,20230707,155500,52.7201,52.8385,52.7201,52.8385,650,0
AIRR.US,5,20230707,160000,52.84,52.84,52.82,52.82,200,0
AIRR.US,5,20230707,160500,52.72,52.77,52.72,52.77,200,0
AIRR.US,5,20230707,161000,52.87,52.91,52.87,52.91,200,0
AIRR.US,5,20230707,161500,52.87,52.91,52.87,52.91,200,0
AIRR.US,5,20230707,162000,52.89,52.89,52.88,52.88,200,0
AIRR.US,5,20230707,162500,52.8887,52.97,52.8887,52.97,1600,0
AIRR.US,5,20230707,163000,52.93,52.93,52.93,52.93,100,0
AIRR.US,5,20230707,163500,52.92,53.0104,52.92,53.0104,1150,0
AIRR.US,5,20230707,164000,53,53.04,52.995,52.995,300,0
AIRR.US,5,20230707,164500,52.99,53,52.99,53,200,0
AIRR.US,5,20230707,165000,52.98,52.98,52.86,52.86,2055,0
AIRR.US,5,20230707,165500,52.975,53.055,52.975,53.055,1000,0
AIRR.US,5,20230707,170000,53.0759,53.08,53.07,53.08,350,0
AIRR.US,5,20230707,170500,53.07,53.16,53.07,53.16,13121,0
AIRR.US,5,20230707,171000,53.1469,53.1469,53.08,53.115,600,0
AIRR.US,5,20230707,171500,53.15,53.16,53.135,53.135,374,0
AIRR.US,5,20230707,172000,53.17,53.2,53.17,53.2,658,0
AIRR.US,5,20230707,172500,53.21,53.24,53.21,53.2325,869,0
AIRR.US,5,20230707,173000,53.24,53.24,53.2141,53.22,929,0
AIRR.US,5,20230707,173500,53.2115,53.213,53.185,53.185,1014,0
AIRR.US,5,20230707,174000,53.2,53.2,53.1451,53.1451,3740,0
AIRR.US,5,20230707,174500,53.12,53.15,53.12,53.15,200,0
AIRR.US,5,20230707,175000,53.1,53.15,53.09,53.09,1295,0
AIRR.US,5,20230707,175500,53.0802,53.11,53.0802,53.11,950,0
AIRR.US,5,20230707,180000,53.11,53.11,53.06,53.08,800,0
AIRR.US,5,20230707,181000,53.05,53.075,53.04,53.06,400,0
AIRR.US,5,20230707,181500,53.08,53.09,53.08,53.09,950,0
AIRR.US,5,20230707,182000,53.1,53.125,53.1,53.125,1000,0
AIRR.US,5,20230707,182500,53.14,53.15,53.13,53.14,1200,0
AIRR.US,5,20230707,183000,53.15,53.25,53.15,53.25,600,0
AIRR.US,5,20230707,183500,53.27,53.28,53.27,53.28,300,0
AIRR.US,5,20230707,184000,53.28,53.32,53.28,53.32,300,0
AIRR.US,5,20230707,184500,53.36,53.36,53.3186,53.36,400,0
AIRR.US,5,20230707,185000,53.27,53.31,53.27,53.31,300,0
AIRR.US,5,20230707,185500,53.32,53.33,53.32,53.33,400,0
AIRR.US,5,20230707,190000,53.33,53.35,53.33,53.35,980,0
AIRR.US,5,20230707,190500,53.35,53.36,53.321,53.36,500,0
AIRR.US,5,20230707,191000,53.35,53.3562,53.3292,53.34,1075,0
AIRR.US,5,20230707,191500,53.32,53.32,53.29,53.3125,630,0
AIRR.US,5,20230707,192000,53.3121,53.3121,53.31,53.31,310,0
AIRR.US,5,20230707,192500,53.29,53.32,53.29,53.3,5600,0
AIRR.US,5,20230707,193000,53.3,53.3,53.3,53.3,100,0
AIRR.US,5,20230707,193500,53.27,53.27,53.21,53.21,300,0
AIRR.US,5,20230707,194000,53.23,53.2546,53.23,53.2546,430,0
AIRR.US,5,20230707,194500,53.2273,53.23,53.2273,53.23,1146,0
AIRR.US,5,20230707,195000,53.29,53.29,53.21,53.21,2070,0
AIRR.US,5,20230707,195500,53.28,53.28,53.24,53.24,500,0
AIRR.US,5,20230707,200000,53.24,53.25,53.2286,53.2286,1550,0
AIRR.US,5,20230707,200500,53.26,53.3,53.26,53.3,1473,0
AIRR.US,5,20230707,201000,53.28,53.28,53.26,53.26,2140,0
AIRR.US,5,20230707,201500,53.2601,53.28,53.26,53.28,1869,0
AIRR.US,5,20230707,202000,53.26,53.26,53.26,53.26,100,0
AIRR.US,5,20230707,202500,53.3,53.31,53.3,53.31,300,0
AIRR.US,5,20230707,203000,53.29,53.29,53.26,53.26,1378,0
AIRR.US,5,20230707,203500,53.26,53.28,53.26,53.26,2085,0
AIRR.US,5,20230707,204000,53.24,53.24,53.24,53.24,200,0
AIRR.US,5,20230707,204500,53.205,53.22,53.1849,53.22,700,0
AIRR.US,5,20230707,205000,53.21,53.21,53.1915,53.202,1074,0
AIRR.US,5,20230707,205500,53.14,53.17,53.14,53.17,200,0
AIRR.US,5,20230707,210000,53.17,53.18,53.1596,53.17,1266,0
AIRR.US,5,20230707,210500,53.17,53.17,53.17,53.17,400,0
AIRR.US,5,20230707,211000,53.1637,53.1831,53.155,53.1577,1329,0
AIRR.US,5,20230707,211500,53.16,53.16,53.16,53.16,300,0
AIRR.US,5,20230707,212000,53.11,53.11,53.11,53.11,100,0
AIRR.US,5,20230707,212500,53.14,53.14,53.125,53.125,886,0
AIRR.US,5,20230707,213500,53.1117,53.1117,53.05,53.06,2383,0
AIRR.US,5,20230707,214000,53.001,53.015,53,53,700,0
AIRR.US,5,20230707,214500,52.97,52.97,52.925,52.925,800,0
AIRR.US,5,20230707,215000,52.885,52.89,52.885,52.89,262,0
AIRR.US,5,20230707,215500,52.8553,52.865,52.821,52.85,3684,0
