<TICKER>,<PER>,<DATE>,<TIME>,<OPEN>,<HIGH>,<LOW>,<CLOSE>,<VOL>,<OPENINT>
BGRN.US,5,20230522,153000,46.5,46.55,46.5,46.55,584,0
BGRN.US,5,20230522,160000,46.5138,46.5391,46.5138,46.5157,1275,0
BGRN.US,5,20230522,162000,46.55,46.55,46.55,46.55,290,0
BGRN.US,5,20230522,164000,46.539,46.539,46.539,46.539,100,0
BGRN.US,5,20230522,165500,46.529,46.53,46.51,46.51,525,0
BGRN.US,5,20230522,174000,46.495,46.495,46.495,46.495,182,0
BGRN.US,5,20230522,174500,46.51,46.51,46.51,46.51,115,0
BGRN.US,5,20230522,182000,46.5,46.5197,46.5,46.5197,1232,0
BGRN.US,5,20230522,190500,46.529,46.54,46.529,46.539,1434,0
BGRN.US,5,20230522,191000,46.4911,46.4911,46.4911,46.4911,300,0
BGRN.US,5,20230522,201000,46.5001,46.5001,46.5001,46.5001,105,0
BGRN.US,5,20230522,203000,46.5,46.5,46.5,46.5,100,0
BGRN.US,5,20230522,204500,46.47,46.47,46.47,46.47,100,0
BGRN.US,5,20230522,210000,46.49,46.49,46.49,46.49,100,0
BGRN.US,5,20230522,211000,46.51,46.51,46.51,46.51,300,0
BGRN.US,5,20230522,212000,46.47,46.47,46.47,46.47,138,0
BGRN.US,5,20230522,213000,46.47,46.47,46.47,46.47,100,0
BGRN.US,5,20230522,214500,46.485,46.485,46.47,46.47,200,0
BGRN.US,5,20230522,215000,46.49,46.49,46.49,46.49,100,0
BGRN.US,5,20230522,215500,46.46,46.46,46.46,46.46,100,0
BGRN.US,5,20230523,153000,46.45,46.45,46.44,46.44,231,0
BGRN.US,5,20230523,154500,46.417,46.417,46.417,46.417,112,0
BGRN.US,5,20230523,160000,46.4488,46.4488,46.41,46.41,858,0
BGRN.US,5,20230523,161000,46.46,46.46,46.46,46.46,481,0
BGRN.US,5,20230523,174500,46.422,46.428,46.42,46.428,369,0
BGRN.US,5,20230523,183500,46.5,46.5,46.5,46.5,200,0
BGRN.US,5,20230523,184000,46.4601,46.4601,46.4601,46.4601,430,0
BGRN.US,5,20230523,192500,46.48,46.48,46.48,46.48,600,0
BGRN.US,5,20230523,195000,46.49,46.49,46.49,46.49,102,0
BGRN.US,5,20230523,201500,46.49,46.49,46.49,46.49,442,0
BGRN.US,5,20230523,202500,46.53,46.54,46.5001,46.5001,3841,0
BGRN.US,5,20230523,203500,46.53,46.53,46.53,46.53,107,0
BGRN.US,5,20230523,211500,46.525,46.525,46.525,46.525,100,0
BGRN.US,5,20230523,213000,46.529,46.53,46.529,46.53,304,0
BGRN.US,5,20230523,214000,46.51,46.51,46.51,46.51,100,0
BGRN.US,5,20230523,214500,46.505,46.505,46.505,46.505,100,0
BGRN.US,5,20230523,215000,46.53,46.53,46.49,46.49,200,0
BGRN.US,5,20230523,215500,46.53,46.53,46.53,46.53,100,0
BGRN.US,5,20230524,153000,46.6,46.6,46.6,46.6,100,0
BGRN.US,5,20230524,154500,46.51,46.56,46.51,46.56,319,0
BGRN.US,5,20230524,160000,46.53,46.53,46.5297,46.5297,986,0
BGRN.US,5,20230524,162000,46.4763,46.4763,46.4763,46.4763,144,0
BGRN.US,5,20230524,171500,46.53,46.53,46.53,46.53,100,0
BGRN.US,5,20230524,181500,46.425,46.425,46.425,46.425,189,0
BGRN.US,5,20230524,190000,46.3559,46.3559,46.3559,46.3559,387,0
BGRN.US,5,20230524,193500,46.47,46.48,46.4311,46.4311,1178,0
BGRN.US,5,20230524,194500,46.479,46.48,46.479,46.48,375,0
BGRN.US,5,20230524,195500,46.46,46.46,46.46,46.46,330,0
BGRN.US,5,20230524,203500,46.49,46.49,46.49,46.49,770,0
BGRN.US,5,20230524,210500,46.429,46.429,46.429,46.429,207,0
BGRN.US,5,20230524,214500,46.43,46.436,46.43,46.436,426,0
BGRN.US,5,20230525,154500,46.4,46.4,46.4,46.4,134,0
BGRN.US,5,20230525,160000,46.365,46.365,46.35,46.3558,716,0
BGRN.US,5,20230525,161000,46.4,46.4,46.4,46.4,1274,0
BGRN.US,5,20230525,162000,46.4,46.4,46.4,46.4,100,0
BGRN.US,5,20230525,164000,46.409,46.41,46.391,46.391,749,0
BGRN.US,5,20230525,164500,46.37,46.3701,46.37,46.3701,602,0
BGRN.US,5,20230525,165500,46.38,46.38,46.38,46.38,100,0
BGRN.US,5,20230525,171000,46.37,46.37,46.37,46.37,202,0
BGRN.US,5,20230525,172500,46.3797,46.3797,46.3797,46.3797,150,0
BGRN.US,5,20230525,174000,46.3507,46.3507,46.3507,46.3507,100,0
BGRN.US,5,20230525,175500,46.355,46.355,46.355,46.355,195,0
BGRN.US,5,20230525,181500,46.355,46.355,46.355,46.355,100,0
BGRN.US,5,20230525,185000,46.35,46.355,46.35,46.355,200,0
BGRN.US,5,20230525,190000,46.305,46.305,46.305,46.305,377,0
BGRN.US,5,20230525,194500,46.33,46.34,46.3289,46.3289,1822,0
BGRN.US,5,20230525,200000,46.3,46.3,46.29,46.29,800,0
BGRN.US,5,20230525,200500,46.34,46.34,46.34,46.34,1400,0
BGRN.US,5,20230525,201000,46.34,46.34,46.34,46.34,400,0
BGRN.US,5,20230525,204000,46.31,46.31,46.31,46.31,200,0
BGRN.US,5,20230525,205000,46.2933,46.2933,46.2901,46.2901,857,0
BGRN.US,5,20230525,205500,46.295,46.295,46.295,46.295,100,0
BGRN.US,5,20230525,213000,46.26,46.28,46.26,46.28,200,0
BGRN.US,5,20230525,214000,46.241,46.241,46.241,46.241,200,0
BGRN.US,5,20230525,214500,46.26,46.26,46.26,46.26,100,0
BGRN.US,5,20230525,215000,46.28,46.28,46.28,46.28,100,0
BGRN.US,5,20230525,215500,46.26,46.28,46.26,46.28,200,0
BGRN.US,5,20230526,153000,46.22,46.25,46.22,46.25,201,0
BGRN.US,5,20230526,154500,46.241,46.241,46.24,46.24,344,0
BGRN.US,5,20230526,160000,46.2646,46.3,46.2501,46.2501,1574,0
BGRN.US,5,20230526,161000,46.3178,46.3178,46.3178,46.3178,144,0
BGRN.US,5,20230526,172000,46.25,46.25,46.2399,46.2399,200,0
BGRN.US,5,20230526,173000,46.26,46.27,46.23,46.27,7388,0
BGRN.US,5,20230526,181500,46.26,46.26,46.26,46.26,100,0
BGRN.US,5,20230526,182500,46.27,46.27,46.27,46.27,100,0
BGRN.US,5,20230526,184500,46.2701,46.2701,46.2701,46.2701,764,0
BGRN.US,5,20230526,190000,46.3083,46.3083,46.3083,46.3083,102,0
BGRN.US,5,20230526,192000,46.305,46.305,46.305,46.305,525,0
BGRN.US,5,20230526,194500,46.33,46.33,46.33,46.33,631,0
BGRN.US,5,20230526,201000,46.34,46.34,46.34,46.34,100,0
BGRN.US,5,20230526,201500,46.3101,46.3101,46.3101,46.3101,102,0
BGRN.US,5,20230526,205500,46.35,46.35,46.35,46.35,100,0
BGRN.US,5,20230526,211000,46.35,46.35,46.35,46.35,235,0
BGRN.US,5,20230526,211500,46.35,46.36,46.345,46.3525,2028,0
BGRN.US,5,20230526,212000,46.3385,46.36,46.3385,46.3525,5127,0
BGRN.US,5,20230526,213500,46.345,46.345,46.345,46.345,100,0
BGRN.US,5,20230526,214500,46.36,46.36,46.36,46.36,100,0
BGRN.US,5,20230526,215000,46.36,46.36,46.36,46.36,100,0
BGRN.US,5,20230526,215500,46.345,46.36,46.345,46.35,300,0
BGRN.US,5,20230530,153000,46.43,46.43,46.35,46.35,1090,0
BGRN.US,5,20230530,154000,46.48,46.48,46.48,46.48,264,0
BGRN.US,5,20230530,160000,46.44,46.44,46.4139,46.43,797,0
BGRN.US,5,20230530,161000,46.4394,46.4789,46.4394,46.4717,1837,0
BGRN.US,5,20230530,162000,46.445,46.445,46.445,46.445,151,0
BGRN.US,5,20230530,162500,46.4263,46.47,46.4263,46.47,310,0
BGRN.US,5,20230530,163500,46.4999,46.4999,46.4999,46.4999,183,0
BGRN.US,5,20230530,174000,46.529,46.529,46.529,46.529,336,0
BGRN.US,5,20230530,182000,46.501,46.501,46.5,46.5001,851,0
BGRN.US,5,20230530,204500,46.52,46.52,46.52,46.52,100,0
BGRN.US,5,20230530,205500,46.52,46.52,46.52,46.52,100,0
BGRN.US,5,20230530,213500,46.55,46.56,46.5499,46.5499,2020,0
BGRN.US,5,20230530,214500,46.56,46.56,46.56,46.56,100,0
BGRN.US,5,20230530,215000,46.57,46.57,46.57,46.57,100,0
BGRN.US,5,20230531,153000,46.62,46.62,46.62,46.62,560,0
BGRN.US,5,20230531,154000,46.665,46.665,46.665,46.665,809,0
BGRN.US,5,20230531,154500,46.67,46.67,46.67,46.67,100,0
BGRN.US,5,20230531,162500,46.5751,46.5751,46.5751,46.5751,140,0
BGRN.US,5,20230531,164000,46.6099,46.61,46.6099,46.61,324,0
BGRN.US,5,20230531,164500,46.61,46.61,46.61,46.61,100,0
BGRN.US,5,20230531,165500,46.59,46.59,46.59,46.59,1166,0
BGRN.US,5,20230531,180500,46.5849,46.5849,46.5849,46.5849,1399,0
BGRN.US,5,20230531,181500,46.58,46.58,46.551,46.57,2476,0
BGRN.US,5,20230531,182500,46.59,46.59,46.59,46.59,111,0
BGRN.US,5,20230531,183500,46.571,46.571,46.57,46.57,2349,0
BGRN.US,5,20230531,200000,46.65,46.65,46.65,46.65,100,0
BGRN.US,5,20230531,201000,46.6301,46.6301,46.6301,46.6301,130,0
BGRN.US,5,20230531,203000,46.68,46.68,46.68,46.68,400,0
BGRN.US,5,20230531,203500,46.6815,46.6815,46.6815,46.6815,500,0
BGRN.US,5,20230531,204000,46.685,46.685,46.685,46.685,900,0
BGRN.US,5,20230531,204500,46.685,46.685,46.6801,46.6801,642,0
BGRN.US,5,20230531,205000,46.685,46.685,46.685,46.685,100,0
BGRN.US,5,20230531,210000,46.685,46.685,46.685,46.685,100,0
BGRN.US,5,20230531,210500,46.69,46.69,46.685,46.685,200,0
BGRN.US,5,20230531,213000,46.685,46.685,46.685,46.685,100,0
BGRN.US,5,20230531,213500,46.6801,46.6801,46.6801,46.6801,270,0
BGRN.US,5,20230531,214500,46.71,46.72,46.71,46.72,316,0
BGRN.US,5,20230531,215000,46.72,46.72,46.72,46.72,100,0
BGRN.US,5,20230601,153000,46.66,46.66,46.66,46.66,174,0
BGRN.US,5,20230601,160000,46.6609,46.72,46.66,46.6601,2686,0
BGRN.US,5,20230601,161000,46.6551,46.6551,46.6551,46.6551,169,0
BGRN.US,5,20230601,162000,46.655,46.655,46.655,46.655,275,0
BGRN.US,5,20230601,183000,46.655,46.655,46.655,46.655,100,0
BGRN.US,5,20230601,192000,46.6494,46.6494,46.6494,46.6494,292,0
BGRN.US,5,20230601,194000,46.68,46.68,46.68,46.68,100,0
BGRN.US,5,20230601,205000,46.7,46.7,46.7,46.7,300,0
BGRN.US,5,20230601,205500,46.6859,46.6859,46.6859,46.6859,107,0
BGRN.US,5,20230601,211000,46.72,46.72,46.72,46.72,100,0
BGRN.US,5,20230601,214500,46.69,46.69,46.69,46.69,100,0
BGRN.US,5,20230601,215000,46.685,46.685,46.685,46.685,100,0
BGRN.US,5,20230601,215500,46.67,46.67,46.67,46.67,123,0
BGRN.US,5,20230602,153000,46.68,46.68,46.68,46.68,667,0
BGRN.US,5,20230602,154500,46.6,46.6,46.6,46.6,100,0
BGRN.US,5,20230602,155000,46.5814,46.5814,46.5814,46.5814,116,0
BGRN.US,5,20230602,160000,46.55,46.5709,46.53,46.53,895,0
BGRN.US,5,20230602,161000,46.565,46.58,46.565,46.5697,1064,0
BGRN.US,5,20230602,162000,46.522,46.522,46.522,46.522,345,0
BGRN.US,5,20230602,162500,46.5434,46.5435,46.5434,46.5435,919,0
BGRN.US,5,20230602,163500,46.5797,46.5797,46.57,46.5795,459,0
BGRN.US,5,20230602,165000,46.569,46.569,46.569,46.569,147,0
BGRN.US,5,20230602,170500,46.5301,46.5301,46.5301,46.5301,237,0
BGRN.US,5,20230602,173500,46.53,46.5301,46.53,46.5301,200,0
BGRN.US,5,20230602,183000,46.53,46.53,46.47,46.47,1435,0
BGRN.US,5,20230602,185500,46.5,46.5,46.5,46.5,195,0
BGRN.US,5,20230602,192000,46.53,46.53,46.53,46.53,7277,0
BGRN.US,5,20230602,192500,46.529,46.53,46.529,46.53,232,0
BGRN.US,5,20230602,193500,46.51,46.51,46.51,46.51,397,0
BGRN.US,5,20230602,194000,46.49,46.49,46.49,46.49,100,0
BGRN.US,5,20230602,194500,46.51,46.51,46.51,46.51,1050,0
BGRN.US,5,20230602,195500,46.4721,46.4721,46.4721,46.4721,535,0
BGRN.US,5,20230602,200500,46.46,46.46,46.46,46.46,100,0
BGRN.US,5,20230602,202000,46.4603,46.475,46.4603,46.475,592,0
BGRN.US,5,20230602,202500,46.4601,46.5,46.4601,46.5,224,0
BGRN.US,5,20230602,210500,46.51,46.51,46.51,46.51,100,0
BGRN.US,5,20230602,212000,46.495,46.495,46.495,46.495,1728,0
BGRN.US,5,20230602,212500,46.53,46.53,46.495,46.495,200,0
BGRN.US,5,20230602,213500,46.52,46.52,46.52,46.52,200,0
BGRN.US,5,20230602,214000,46.53,46.53,46.53,46.53,100,0
BGRN.US,5,20230602,215000,46.51,46.51,46.51,46.51,100,0
BGRN.US,5,20230602,215500,46.51,46.51,46.495,46.495,200,0
BGRN.US,5,20230605,153000,46.43,46.43,46.43,46.43,365,0
BGRN.US,5,20230605,160000,46.4799,46.4799,46.4013,46.4633,1672,0
BGRN.US,5,20230605,160500,46.54,46.55,46.54,46.55,600,0
BGRN.US,5,20230605,161000,46.52,46.57,46.52,46.57,1335,0
BGRN.US,5,20230605,161500,46.53,46.53,46.53,46.53,397,0
BGRN.US,5,20230605,162500,46.5562,46.5562,46.5562,46.5562,224,0
BGRN.US,5,20230605,163000,46.5301,46.5301,46.5301,46.5301,200,0
BGRN.US,5,20230605,164500,46.51,46.51,46.51,46.51,100,0
BGRN.US,5,20230605,171000,46.49,46.49,46.49,46.49,100,0
BGRN.US,5,20230605,172500,46.4401,46.4401,46.4401,46.4401,450,0
BGRN.US,5,20230605,173000,46.48,46.48,46.48,46.48,174,0
BGRN.US,5,20230605,173500,46.44,46.44,46.44,46.44,221,0
BGRN.US,5,20230605,184000,46.485,46.485,46.485,46.485,100,0
BGRN.US,5,20230605,193500,46.4441,46.4441,46.44,46.4401,558,0
BGRN.US,5,20230605,195000,46.46,46.46,46.46,46.46,2132,0
BGRN.US,5,20230605,195500,46.47,46.47,46.47,46.47,195,0
BGRN.US,5,20230605,201500,46.4401,46.4698,46.4401,46.4698,2176,0
BGRN.US,5,20230605,202500,46.47,46.47,46.47,46.47,100,0
BGRN.US,5,20230605,215000,46.4688,46.4688,46.4688,46.4688,167,0
BGRN.US,5,20230606,153000,46.46,46.5,46.46,46.5,1458,0
BGRN.US,5,20230606,153500,46.41,46.4152,46.41,46.4152,296,0
BGRN.US,5,20230606,160000,46.37,46.399,46.37,46.3944,703,0
BGRN.US,5,20230606,161500,46.4,46.4,46.4,46.4,900,0
BGRN.US,5,20230606,162500,46.4001,46.43,46.4001,46.43,1900,0
BGRN.US,5,20230606,174000,46.43,46.43,46.43,46.43,128,0
BGRN.US,5,20230606,180000,46.45,46.45,46.45,46.45,100,0
BGRN.US,5,20230606,185500,46.45,46.47,46.45,46.4579,470,0
BGRN.US,5,20230606,194000,46.469,46.469,46.469,46.469,100,0
BGRN.US,5,20230606,201500,46.47,46.47,46.47,46.47,390,0
BGRN.US,5,20230606,203000,46.46,46.46,46.46,46.46,496,0
BGRN.US,5,20230606,204500,46.47,46.47,46.47,46.47,100,0
BGRN.US,5,20230606,210500,46.48,46.48,46.48,46.48,100,0
BGRN.US,5,20230606,211000,46.4529,46.4529,46.4529,46.4529,2152,0
BGRN.US,5,20230606,212500,46.48,46.48,46.48,46.48,100,0
BGRN.US,5,20230606,214000,46.49,46.49,46.49,46.49,100,0
BGRN.US,5,20230606,215000,46.5,46.51,46.5,46.51,200,0
BGRN.US,5,20230606,215500,46.5,46.5,46.5,46.5,100,0
BGRN.US,5,20230607,153000,46.47,46.47,46.47,46.47,470,0
BGRN.US,5,20230607,153500,46.65,46.65,46.65,46.65,218,0
BGRN.US,5,20230607,154000,46.43,46.43,46.43,46.43,335,0
BGRN.US,5,20230607,154500,46.48,46.48,46.48,46.48,100,0
BGRN.US,5,20230607,160000,46.43,46.4306,46.43,46.4306,200,0
BGRN.US,5,20230607,161000,46.39,46.401,46.37,46.401,1395,0
BGRN.US,5,20230607,162000,46.3602,46.3603,46.34,46.34,2626,0
BGRN.US,5,20230607,163500,46.3201,46.3201,46.3201,46.3201,120,0
BGRN.US,5,20230607,183000,46.29,46.29,46.2899,46.2899,462,0
BGRN.US,5,20230607,193500,46.24,46.24,46.24,46.24,740,0
BGRN.US,5,20230607,200000,46.28,46.28,46.28,46.28,300,0
BGRN.US,5,20230607,203000,46.24,46.24,46.24,46.24,100,0
BGRN.US,5,20230607,205000,46.27,46.28,46.27,46.28,200,0
BGRN.US,5,20230607,211000,46.2899,46.2899,46.2899,46.2899,236,0
BGRN.US,5,20230607,213500,46.255,46.255,46.255,46.255,200,0
BGRN.US,5,20230607,215000,46.25,46.25,46.24,46.24,200,0
BGRN.US,5,20230607,215500,46.26,46.26,46.26,46.26,100,0
BGRN.US,5,20230608,153000,46.28,46.28,46.28,46.28,731,0
BGRN.US,5,20230608,160000,46.365,46.3809,46.365,46.3809,1260,0
BGRN.US,5,20230608,164000,46.42,46.42,46.42,46.42,300,0
BGRN.US,5,20230608,174000,46.3901,46.4,46.3901,46.4,202,0
BGRN.US,5,20230608,181500,46.42,46.435,46.42,46.435,400,0
BGRN.US,5,20230608,182000,46.44,46.44,46.44,46.44,100,0
BGRN.US,5,20230608,183000,46.46,46.46,46.46,46.46,100,0
BGRN.US,5,20230608,184000,46.45,46.45,46.45,46.45,100,0
BGRN.US,5,20230608,184500,46.45,46.45,46.45,46.45,100,0
BGRN.US,5,20230608,185500,46.44,46.44,46.44,46.44,100,0
BGRN.US,5,20230608,190500,46.425,46.425,46.425,46.425,220,0
BGRN.US,5,20230608,191500,46.44,46.44,46.44,46.44,100,0
BGRN.US,5,20230608,192000,46.425,46.45,46.425,46.45,2166,0
BGRN.US,5,20230608,193000,46.45,46.45,46.45,46.45,100,0
BGRN.US,5,20230608,193500,46.4499,46.46,46.4499,46.46,530,0
BGRN.US,5,20230608,194000,46.45,46.45,46.45,46.45,100,0
BGRN.US,5,20230608,195000,46.45,46.45,46.45,46.45,100,0
BGRN.US,5,20230608,195500,46.45,46.45,46.45,46.45,100,0
BGRN.US,5,20230608,200500,46.46,46.46,46.46,46.46,100,0
BGRN.US,5,20230608,201500,46.47,46.47,46.47,46.47,100,0
BGRN.US,5,20230608,202500,46.47,46.47,46.47,46.47,100,0
BGRN.US,5,20230608,204500,46.46,46.46,46.46,46.46,100,0
BGRN.US,5,20230608,205000,46.46,46.46,46.46,46.46,100,0
BGRN.US,5,20230608,205500,46.46,46.46,46.46,46.46,100,0
BGRN.US,5,20230608,210500,46.47,46.47,46.47,46.47,100,0
BGRN.US,5,20230608,211500,46.47,46.47,46.4301,46.4301,731,0
BGRN.US,5,20230608,212000,46.46,46.46,46.46,46.46,100,0
BGRN.US,5,20230608,212500,46.46,46.46,46.46,46.46,100,0
BGRN.US,5,20230608,213000,46.45,46.46,46.45,46.46,200,0
BGRN.US,5,20230608,213500,46.46,46.46,46.46,46.46,200,0
BGRN.US,5,20230608,214000,46.48,46.48,46.48,46.48,200,0
BGRN.US,5,20230608,214500,46.49,46.49,46.49,46.49,200,0
BGRN.US,5,20230608,215000,46.49,46.49,46.4568,46.49,1476,0
BGRN.US,5,20230608,215500,46.472,46.49,46.472,46.49,1433,0
BGRN.US,5,20230609,153000,46.32,46.32,46.32,46.32,1179,0
BGRN.US,5,20230609,160000,46.3211,46.359,46.3211,46.355,750,0
BGRN.US,5,20230609,161000,46.3685,46.3698,46.3263,46.3698,763,0
BGRN.US,5,20230609,162500,46.3477,46.3803,46.3477,46.3803,675,0
BGRN.US,5,20230609,163000,46.37,46.37,46.37,46.37,145,0
BGRN.US,5,20230609,163500,46.3843,46.39,46.3843,46.39,498,0
BGRN.US,5,20230609,164500,46.38,46.38,46.38,46.38,128,0
BGRN.US,5,20230609,170000,46.4099,46.4099,46.4099,46.4099,152,0
BGRN.US,5,20230609,171000,46.43,46.43,46.43,46.43,101,0
BGRN.US,5,20230609,172500,46.4,46.4,46.3997,46.4,600,0
BGRN.US,5,20230609,173500,46.3803,46.3803,46.3803,46.3803,118,0
BGRN.US,5,20230609,180000,46.35,46.35,46.35,46.35,100,0
BGRN.US,5,20230609,181000,46.39,46.39,46.39,46.39,100,0
BGRN.US,5,20230609,182500,46.375,46.4,46.375,46.399,797,0
BGRN.US,5,20230609,184000,46.375,46.375,46.3501,46.3501,833,0
BGRN.US,5,20230609,184500,46.351,46.3513,46.34,46.35,4453,0
BGRN.US,5,20230609,185000,46.3721,46.3721,46.3721,46.3721,129,0
BGRN.US,5,20230609,205000,46.41,46.41,46.41,46.41,100,0
BGRN.US,5,20230609,210500,46.4,46.4,46.4,46.4,100,0
BGRN.US,5,20230609,212000,46.4,46.4,46.4,46.4,100,0
BGRN.US,5,20230609,213000,46.4,46.4,46.4,46.4,100,0
BGRN.US,5,20230609,214000,46.3703,46.3703,46.3703,46.3703,215,0
BGRN.US,5,20230609,214500,46.3775,46.3775,46.3775,46.3775,100,0
BGRN.US,5,20230609,215000,46.3775,46.3775,46.37,46.37,200,0
BGRN.US,5,20230609,215500,46.36,46.38,46.34,46.38,3374,0
BGRN.US,5,20230612,153500,46.3736,46.3736,46.3736,46.3736,1239,0
BGRN.US,5,20230612,160000,46.38,46.38,46.3,46.3636,11923,0
BGRN.US,5,20230612,161000,46.36,46.37,46.3553,46.37,4618,0
BGRN.US,5,20230612,162500,46.35,46.36,46.3446,46.36,1998,0
BGRN.US,5,20230612,163500,46.34,46.34,46.3329,46.333,1200,0
BGRN.US,5,20230612,173500,46.389,46.39,46.389,46.3899,2232,0
BGRN.US,5,20230612,174500,46.34,46.34,46.34,46.34,200,0
BGRN.US,5,20230612,175000,46.3201,46.3201,46.3201,46.3201,150,0
BGRN.US,5,20230612,183000,46.368,46.368,46.345,46.345,962,0
BGRN.US,5,20230612,183500,46.37,46.37,46.37,46.37,120,0
BGRN.US,5,20230612,184500,46.37,46.37,46.37,46.37,174,0
BGRN.US,5,20230612,194000,46.36,46.4,46.36,46.3999,698,0
BGRN.US,5,20230612,195000,46.4,46.4,46.38,46.38,447,0
BGRN.US,5,20230612,195500,46.38,46.38,46.38,46.38,100,0
BGRN.US,5,20230612,201500,46.4049,46.4049,46.4049,46.4049,508,0
BGRN.US,5,20230612,204500,46.4196,46.4196,46.4196,46.4196,900,0
BGRN.US,5,20230612,205500,46.43,46.43,46.43,46.43,100,0
BGRN.US,5,20230612,210500,46.45,46.45,46.45,46.45,100,0
BGRN.US,5,20230612,211500,46.46,46.46,46.46,46.46,100,0
BGRN.US,5,20230612,212500,46.48,46.48,46.475,46.475,492,0
BGRN.US,5,20230612,213500,46.47,46.47,46.47,46.47,100,0
BGRN.US,5,20230612,214000,46.455,46.47,46.44,46.47,936,0
BGRN.US,5,20230612,214500,46.47,46.47,46.47,46.47,100,0
BGRN.US,5,20230612,215000,46.48,46.49,46.48,46.49,200,0
BGRN.US,5,20230612,215500,46.46,46.46,46.46,46.46,300,0
BGRN.US,5,20230613,153500,46.51,46.535,46.51,46.51,407,0
BGRN.US,5,20230613,154000,46.51,46.51,46.51,46.51,200,0
BGRN.US,5,20230613,155000,46.445,46.445,46.445,46.445,190,0
BGRN.US,5,20230613,155500,46.419,46.42,46.419,46.42,323,0
BGRN.US,5,20230613,160000,46.42,46.42,46.38,46.38,1585,0
BGRN.US,5,20230613,160500,46.42,46.42,46.42,46.42,100,0
BGRN.US,5,20230613,161000,46.395,46.395,46.395,46.395,300,0
BGRN.US,5,20230613,161500,46.4,46.43,46.4,46.43,200,0
BGRN.US,5,20230613,162500,46.44,46.44,46.44,46.44,100,0
BGRN.US,5,20230613,163000,46.425,46.425,46.425,46.425,100,0
BGRN.US,5,20230613,164000,46.42,46.42,46.42,46.42,100,0
BGRN.US,5,20230613,165500,46.4149,46.44,46.4149,46.44,235,0
BGRN.US,5,20230613,170500,46.44,46.44,46.44,46.44,100,0
BGRN.US,5,20230613,171500,46.415,46.415,46.415,46.415,100,0
BGRN.US,5,20230613,172500,46.415,46.415,46.415,46.415,100,0
BGRN.US,5,20230613,173500,46.42,46.42,46.415,46.415,300,0
BGRN.US,5,20230613,174000,46.415,46.415,46.415,46.415,300,0
BGRN.US,5,20230613,180000,46.41,46.41,46.41,46.41,100,0
BGRN.US,5,20230613,181000,46.41,46.41,46.41,46.41,100,0
BGRN.US,5,20230613,182000,46.41,46.41,46.41,46.41,100,0
BGRN.US,5,20230613,183000,46.42,46.42,46.42,46.42,100,0
BGRN.US,5,20230613,183500,46.43,46.43,46.43,46.43,100,0
BGRN.US,5,20230613,184000,46.43,46.43,46.41,46.41,332,0
BGRN.US,5,20230613,184500,46.43,46.43,46.43,46.43,100,0
BGRN.US,5,20230613,185500,46.43,46.43,46.43,46.43,100,0
BGRN.US,5,20230613,191000,46.43,46.43,46.43,46.43,100,0
BGRN.US,5,20230613,192500,46.41,46.41,46.41,46.41,421,0
BGRN.US,5,20230613,193500,46.405,46.405,46.405,46.405,100,0
BGRN.US,5,20230613,200000,46.345,46.345,46.3401,46.3401,1550,0
BGRN.US,5,20230613,201000,46.345,46.345,46.345,46.345,100,0
BGRN.US,5,20230613,202000,46.345,46.345,46.345,46.345,100,0
BGRN.US,5,20230613,202500,46.34,46.34,46.34,46.34,100,0
BGRN.US,5,20230613,204500,46.29,46.29,46.29,46.29,100,0
BGRN.US,5,20230613,205000,46.3,46.3,46.3,46.3,200,0
BGRN.US,5,20230613,205500,46.28,46.28,46.28,46.28,100,0
BGRN.US,5,20230613,210000,46.2701,46.2701,46.2701,46.2701,118,0
BGRN.US,5,20230613,210500,46.28,46.28,46.28,46.28,100,0
BGRN.US,5,20230613,211500,46.28,46.28,46.28,46.28,100,0
BGRN.US,5,20230613,212000,46.28,46.28,46.28,46.28,100,0
BGRN.US,5,20230613,212500,46.3,46.3,46.2925,46.2925,432,0
BGRN.US,5,20230613,213000,46.3,46.3,46.3,46.3,237,0
BGRN.US,5,20230613,214000,46.31,46.31,46.31,46.31,100,0
BGRN.US,5,20230613,214500,46.31,46.31,46.31,46.31,100,0
BGRN.US,5,20230613,215000,46.32,46.32,46.32,46.32,100,0
BGRN.US,5,20230613,215500,46.32,46.34,46.32,46.34,300,0
BGRN.US,5,20230614,153000,46.44,46.44,46.44,46.44,212,0
BGRN.US,5,20230614,154000,46.4,46.4,46.4,46.4,100,0
BGRN.US,5,20230614,154500,46.41,46.41,46.41,46.41,248,0
BGRN.US,5,20230614,160000,46.42,46.42,46.39,46.39,827,0
BGRN.US,5,20230614,160500,46.39,46.39,46.39,46.39,100,0
BGRN.US,5,20230614,170000,46.39,46.39,46.39,46.39,100,0
BGRN.US,5,20230614,173000,46.4201,46.47,46.4201,46.47,225,0
BGRN.US,5,20230614,173500,46.43,46.43,46.43,46.43,100,0
BGRN.US,5,20230614,174000,46.47,46.47,46.47,46.47,100,0
BGRN.US,5,20230614,174500,46.47,46.47,46.47,46.47,100,0
BGRN.US,5,20230614,180000,46.44,46.44,46.44,46.44,100,0
BGRN.US,5,20230614,180500,46.4333,46.4333,46.415,46.415,737,0
BGRN.US,5,20230614,181000,46.4,46.4,46.4,46.4,100,0
BGRN.US,5,20230614,182000,46.44,46.44,46.44,46.44,100,0
BGRN.US,5,20230614,183500,46.43,46.43,46.43,46.43,100,0
BGRN.US,5,20230614,184500,46.41,46.41,46.41,46.41,100,0
BGRN.US,5,20230614,185000,46.4,46.4,46.4,46.4,100,0
BGRN.US,5,20230614,185500,46.42,46.42,46.42,46.42,100,0
BGRN.US,5,20230614,190500,46.43,46.43,46.43,46.43,100,0
BGRN.US,5,20230614,191500,46.4001,46.4001,46.4001,46.4001,132,0
BGRN.US,5,20230614,192000,46.415,46.43,46.415,46.43,200,0
BGRN.US,5,20230614,193000,46.43,46.43,46.43,46.43,100,0
BGRN.US,5,20230614,194000,46.46,46.46,46.46,46.46,100,0
BGRN.US,5,20230614,194500,46.46,46.46,46.46,46.46,100,0
BGRN.US,5,20230614,195500,46.57,46.57,46.57,46.57,100,0
BGRN.US,5,20230614,200000,46.44,46.44,46.31,46.31,630,0
BGRN.US,5,20230614,200500,46.29,46.29,46.29,46.29,100,0
BGRN.US,5,20230614,201000,46.3,46.3,46.3,46.3,100,0
BGRN.US,5,20230614,202000,46.305,46.305,46.305,46.305,200,0
BGRN.US,5,20230614,202500,46.3,46.3,46.3,46.3,100,0
BGRN.US,5,20230614,203000,46.305,46.31,46.305,46.31,300,0
BGRN.US,5,20230614,203500,46.33,46.38,46.33,46.38,300,0
BGRN.US,5,20230614,204000,46.37,46.37,46.37,46.37,200,0
BGRN.US,5,20230614,204500,46.39,46.39,46.39,46.39,200,0
BGRN.US,5,20230614,205000,46.41,46.41,46.4,46.4,240,0
BGRN.US,5,20230614,205500,46.42,46.42,46.36,46.36,300,0
BGRN.US,5,20230614,210000,46.41,46.41,46.41,46.41,100,0
BGRN.US,5,20230614,210500,46.3601,46.39,46.3601,46.39,1307,0
BGRN.US,5,20230614,211000,46.39,46.39,46.39,46.39,200,0
BGRN.US,5,20230614,211500,46.37,46.37,46.36,46.365,300,0
BGRN.US,5,20230614,212000,46.365,46.365,46.365,46.365,200,0
BGRN.US,5,20230614,212500,46.365,46.365,46.365,46.365,100,0
BGRN.US,5,20230614,213000,46.365,46.365,46.365,46.365,200,0
BGRN.US,5,20230614,213500,46.365,46.365,46.36,46.36,200,0
BGRN.US,5,20230614,214000,46.365,46.37,46.365,46.37,300,0
BGRN.US,5,20230614,214500,46.38,46.4,46.38,46.4,400,0
BGRN.US,5,20230614,215000,46.41,46.41,46.41,46.41,300,0
BGRN.US,5,20230614,215500,46.42,46.43,46.42,46.42,700,0
BGRN.US,5,20230615,154000,46.56,46.56,46.56,46.56,129,0
BGRN.US,5,20230615,160000,46.57,46.57,46.57,46.57,260,0
BGRN.US,5,20230615,160500,46.5797,46.5797,46.5797,46.5797,165,0
BGRN.US,5,20230615,161000,46.555,46.57,46.54,46.56,4240,0
BGRN.US,5,20230615,161500,46.585,46.585,46.585,46.585,100,0
BGRN.US,5,20230615,162000,46.585,46.599,46.585,46.599,2082,0
BGRN.US,5,20230615,162500,46.595,46.6092,46.5902,46.6092,6092,0
BGRN.US,5,20230615,163000,46.62,46.62,46.61,46.61,2380,0
BGRN.US,5,20230615,163500,46.61,46.61,46.6065,46.6065,1731,0
BGRN.US,5,20230615,164500,46.595,46.595,46.595,46.595,339,0
BGRN.US,5,20230615,170000,46.5995,46.5995,46.51,46.51,1439,0
BGRN.US,5,20230615,171000,46.52,46.5286,46.52,46.5286,572,0
BGRN.US,5,20230615,174000,46.54,46.54,46.51,46.51,5891,0
BGRN.US,5,20230615,182000,46.58,46.5985,46.58,46.5985,718,0
BGRN.US,5,20230615,184500,46.61,46.61,46.61,46.61,100,0
BGRN.US,5,20230615,193500,46.61,46.61,46.61,46.61,100,0
BGRN.US,5,20230615,195500,46.6,46.61,46.5861,46.61,372,0
BGRN.US,5,20230615,201500,46.59,46.59,46.59,46.59,300,0
BGRN.US,5,20230615,202500,46.59,46.59,46.59,46.59,100,0
BGRN.US,5,20230615,203000,46.59,46.59,46.59,46.59,100,0
BGRN.US,5,20230615,203500,46.6,46.6,46.6,46.6,209,0
BGRN.US,5,20230615,204000,46.6,46.6,46.6,46.6,100,0
BGRN.US,5,20230615,210500,46.61,46.61,46.61,46.61,200,0
BGRN.US,5,20230615,212000,46.62,46.62,46.62,46.62,100,0
BGRN.US,5,20230615,212500,46.6,46.6,46.6,46.6,500,0
BGRN.US,5,20230615,213000,46.6,46.63,46.59,46.63,2450,0
BGRN.US,5,20230615,213500,46.5881,46.63,46.5881,46.5918,2508,0
BGRN.US,5,20230615,214000,46.63,46.63,46.63,46.63,100,0
BGRN.US,5,20230615,214500,46.63,46.63,46.63,46.63,100,0
BGRN.US,5,20230615,215000,46.63,46.63,46.63,46.63,200,0
BGRN.US,5,20230615,215500,46.63,46.63,46.63,46.63,300,0
BGRN.US,5,20230616,153000,46.51,46.51,46.51,46.51,1244,0
BGRN.US,5,20230616,154000,46.494,46.494,46.494,46.494,148,0
BGRN.US,5,20230616,160000,46.5202,46.57,46.5202,46.57,877,0
BGRN.US,5,20230616,161000,46.4862,46.489,46.4654,46.489,1791,0
BGRN.US,5,20230616,163000,46.46,46.46,46.46,46.46,197,0
BGRN.US,5,20230616,174000,46.5,46.52,46.5,46.52,200,0
BGRN.US,5,20230616,180000,46.5,46.5,46.5,46.5,100,0
BGRN.US,5,20230616,191500,46.52,46.52,46.52,46.52,207,0
BGRN.US,5,20230616,192000,46.4809,46.4809,46.4809,46.4809,1160,0
BGRN.US,5,20230616,200000,46.52,46.52,46.5199,46.5199,258,0
BGRN.US,5,20230616,200500,46.52,46.52,46.52,46.52,1100,0
BGRN.US,5,20230616,201000,46.4801,46.4801,46.4801,46.4801,124,0
BGRN.US,5,20230616,201500,46.53,46.53,46.53,46.53,106,0
BGRN.US,5,20230616,203000,46.5,46.5,46.5,46.5,163,0
BGRN.US,5,20230616,205000,46.52,46.53,46.52,46.53,300,0
BGRN.US,5,20230616,210500,46.495,46.495,46.495,46.495,100,0
BGRN.US,5,20230616,212000,46.52,46.53,46.5199,46.5199,2648,0
BGRN.US,5,20230616,212500,46.53,46.53,46.48,46.48,900,0
BGRN.US,5,20230616,214000,46.53,46.53,46.53,46.53,100,0
BGRN.US,5,20230616,214500,46.53,46.53,46.53,46.53,100,0
BGRN.US,5,20230616,215000,46.53,46.53,46.53,46.53,100,0
BGRN.US,5,20230616,215500,46.53,46.53,46.52,46.52,200,0
BGRN.US,5,20230620,153000,46.53,46.53,46.53,46.53,154,0
BGRN.US,5,20230620,154000,46.607,46.607,46.607,46.607,182,0
BGRN.US,5,20230620,160000,46.6075,46.64,46.6064,46.6064,682,0
BGRN.US,5,20230620,161000,46.65,46.6629,46.625,46.66,3138,0
BGRN.US,5,20230620,162500,46.65,46.65,46.65,46.65,100,0
BGRN.US,5,20230620,163000,46.64,46.64,46.64,46.64,200,0
BGRN.US,5,20230620,165000,46.5901,46.5901,46.5901,46.5901,134,0
BGRN.US,5,20230620,170000,46.6053,46.64,46.6053,46.64,812,0
BGRN.US,5,20230620,173500,46.62,46.62,46.62,46.62,400,0
BGRN.US,5,20230620,174000,46.62,46.62,46.62,46.62,200,0
BGRN.US,5,20230620,185500,46.6101,46.6101,46.6101,46.6101,140,0
BGRN.US,5,20230620,190500,46.65,46.65,46.65,46.65,200,0
BGRN.US,5,20230620,195500,46.61,46.61,46.61,46.61,134,0
BGRN.US,5,20230620,202500,46.62,46.62,46.62,46.62,100,0
BGRN.US,5,20230620,204500,46.6,46.6,46.6,46.6,100,0
BGRN.US,5,20230620,205000,46.61,46.61,46.59,46.5901,600,0
BGRN.US,5,20230620,210500,46.61,46.61,46.59,46.59,253,0
BGRN.US,5,20230620,211500,46.6075,46.6075,46.6075,46.6075,110,0
BGRN.US,5,20230620,212000,46.6,46.61,46.6,46.61,1936,0
BGRN.US,5,20230620,213000,46.6,46.61,46.6,46.61,840,0
BGRN.US,5,20230620,214000,46.59,46.6295,46.59,46.6295,295,0
BGRN.US,5,20230620,214500,46.63,46.63,46.63,46.63,100,0
BGRN.US,5,20230620,215000,46.63,46.63,46.61,46.61,200,0
BGRN.US,5,20230620,215500,46.63,46.63,46.5901,46.625,505,0
BGRN.US,5,20230621,153000,46.52,46.52,46.52,46.52,142,0
BGRN.US,5,20230621,160000,46.48,46.48,46.48,46.48,164,0
BGRN.US,5,20230621,162000,46.49,46.49,46.49,46.49,100,0
BGRN.US,5,20230621,182000,46.5,46.5,46.5,46.5,145,0
BGRN.US,5,20230621,183500,46.5001,46.5001,46.5001,46.5001,194,0
BGRN.US,5,20230621,192000,46.58,46.58,46.58,46.58,500,0
BGRN.US,5,20230621,192500,46.59,46.59,46.59,46.59,113,0
BGRN.US,5,20230621,193500,46.59,46.59,46.59,46.59,600,0
BGRN.US,5,20230621,200000,46.61,46.61,46.61,46.61,324,0
BGRN.US,5,20230621,202000,46.63,46.63,46.63,46.63,100,0
BGRN.US,5,20230621,204000,46.635,46.635,46.635,46.635,248,0
BGRN.US,5,20230621,210000,46.6101,46.6101,46.6101,46.6101,245,0
BGRN.US,5,20230621,211000,46.61,46.61,46.61,46.61,100,0
BGRN.US,5,20230621,211500,46.64,46.64,46.64,46.64,100,0
BGRN.US,5,20230621,212500,46.61,46.61,46.61,46.61,100,0
BGRN.US,5,20230621,213000,46.625,46.625,46.625,46.625,100,0
BGRN.US,5,20230621,214000,46.61,46.61,46.61,46.61,100,0
BGRN.US,5,20230621,214500,46.64,46.64,46.64,46.64,100,0
BGRN.US,5,20230621,215000,46.62,46.62,46.62,46.62,100,0
BGRN.US,5,20230621,215500,46.6,46.64,46.6,46.64,261,0
BGRN.US,5,20230622,153000,46.55,46.55,46.55,46.55,107,0
BGRN.US,5,20230622,154500,46.551,46.551,46.55,46.55,424,0
BGRN.US,5,20230622,155000,46.57,46.57,46.57,46.57,100,0
BGRN.US,5,20230622,160000,46.521,46.521,46.521,46.521,614,0
BGRN.US,5,20230622,160500,46.5294,46.5294,46.5294,46.5294,106,0
BGRN.US,5,20230622,161000,46.525,46.525,46.525,46.525,212,0
BGRN.US,5,20230622,162000,46.52,46.5299,46.49,46.5299,1528,0
BGRN.US,5,20230622,163500,46.51,46.51,46.503,46.503,500,0
BGRN.US,5,20230622,170500,46.485,46.49,46.485,46.49,448,0
BGRN.US,5,20230622,174500,46.46,46.46,46.46,46.46,317,0
BGRN.US,5,20230622,175000,46.46,46.46,46.43,46.43,700,0
BGRN.US,5,20230622,181500,46.456,46.456,46.456,46.456,400,0
BGRN.US,5,20230622,185000,46.47,46.48,46.4699,46.48,916,0
BGRN.US,5,20230622,194500,46.4101,46.4101,46.4101,46.4101,1200,0
BGRN.US,5,20230622,195000,46.435,46.435,46.435,46.435,162,0
BGRN.US,5,20230622,195500,46.44,46.44,46.44,46.44,307,0
BGRN.US,5,20230622,202500,46.46,46.48,46.44,46.44,400,0
BGRN.US,5,20230622,203000,46.48,46.48,46.48,46.48,500,0
BGRN.US,5,20230622,205000,46.46,46.46,46.46,46.46,800,0
BGRN.US,5,20230622,211000,46.48,46.48,46.47,46.48,700,0
BGRN.US,5,20230622,212000,46.48,46.48,46.48,46.48,800,0
BGRN.US,5,20230622,212500,46.48,46.48,46.48,46.48,100,0
BGRN.US,5,20230622,213000,46.455,46.47,46.455,46.47,1207,0
BGRN.US,5,20230622,213500,46.44,46.44,46.41,46.41,876,0
BGRN.US,5,20230622,214000,46.46,46.46,46.46,46.46,800,0
BGRN.US,5,20230622,215000,46.46,46.46,46.46,46.46,1700,0
BGRN.US,5,20230622,215500,46.44,46.49,46.44,46.49,2076,0
BGRN.US,5,20230623,153500,46.62,46.62,46.62,46.62,149,0
BGRN.US,5,20230623,160000,46.5825,46.5963,46.5825,46.5963,610,0
BGRN.US,5,20230623,163000,46.585,46.585,46.585,46.585,439,0
BGRN.US,5,20230623,164500,46.58,46.58,46.58,46.58,100,0
BGRN.US,5,20230623,165000,46.54,46.54,46.54,46.54,100,0
BGRN.US,5,20230623,172500,46.5,46.5,46.48,46.48,900,0
BGRN.US,5,20230623,182500,46.515,46.54,46.5,46.54,1600,0
BGRN.US,5,20230623,192000,46.4969,46.4969,46.4969,46.4969,242,0
BGRN.US,5,20230623,194000,46.51,46.51,46.51,46.51,232,0
BGRN.US,5,20230623,195500,46.5277,46.5277,46.5277,46.5277,430,0
BGRN.US,5,20230623,200000,46.535,46.535,46.535,46.535,260,0
BGRN.US,5,20230623,204000,46.52,46.52,46.52,46.52,100,0
BGRN.US,5,20230623,212000,46.5101,46.5101,46.5101,46.5101,200,0
BGRN.US,5,20230623,213000,46.54,46.54,46.54,46.54,100,0
BGRN.US,5,20230623,214500,46.54,46.56,46.54,46.56,332,0
BGRN.US,5,20230623,215000,46.54,46.55,46.54,46.55,1600,0
BGRN.US,5,20230623,215500,46.55,46.56,46.55,46.55,500,0
BGRN.US,5,20230626,155500,46.57,46.57,46.57,46.57,500,0
BGRN.US,5,20230626,160000,46.5896,46.61,46.56,46.56,2047,0
BGRN.US,5,20230626,161000,46.5663,46.61,46.5663,46.6028,654,0
BGRN.US,5,20230626,162500,46.5659,46.6,46.5659,46.6,424,0
BGRN.US,5,20230626,163500,46.595,46.595,46.565,46.5905,1872,0
BGRN.US,5,20230626,164500,46.5662,46.5662,46.5662,46.5662,173,0
BGRN.US,5,20230626,170000,46.575,46.62,46.575,46.614,7445,0
BGRN.US,5,20230626,170500,46.59,46.5901,46.59,46.5901,2100,0
BGRN.US,5,20230626,171000,46.605,46.605,46.605,46.605,100,0
BGRN.US,5,20230626,171500,46.62,46.62,46.59,46.59,367,0
BGRN.US,5,20230626,173500,46.6,46.6,46.59,46.5901,636,0
BGRN.US,5,20230626,175500,46.6,46.6,46.6,46.6,200,0
BGRN.US,5,20230626,180000,46.5919,46.5919,46.5919,46.5919,241,0
BGRN.US,5,20230626,180500,46.59,46.5901,46.5601,46.585,855,0
BGRN.US,5,20230626,181000,46.6099,46.61,46.5682,46.5682,1506,0
BGRN.US,5,20230626,182000,46.6,46.6,46.6,46.6,200,0
BGRN.US,5,20230626,182500,46.6,46.6,46.6,46.6,700,0
BGRN.US,5,20230626,183000,46.599,46.6,46.5601,46.5601,565,0
BGRN.US,5,20230626,184500,46.6,46.6,46.6,46.6,100,0
BGRN.US,5,20230626,185000,46.6,46.6,46.6,46.6,150,0
BGRN.US,5,20230626,190500,46.5701,46.5701,46.5701,46.5701,145,0
BGRN.US,5,20230626,193000,46.61,46.61,46.61,46.61,100,0
BGRN.US,5,20230626,201000,46.63,46.63,46.63,46.63,200,0
BGRN.US,5,20230626,202000,46.63,46.63,46.63,46.63,100,0
BGRN.US,5,20230626,203000,46.625,46.625,46.6,46.6,2148,0
BGRN.US,5,20230626,205000,46.61,46.61,46.61,46.61,100,0
BGRN.US,5,20230626,205500,46.63,46.63,46.63,46.63,24974,0
BGRN.US,5,20230626,210000,46.63,46.63,46.63,46.63,200,0
BGRN.US,5,20230626,210500,46.59,46.62,46.59,46.62,200,0
BGRN.US,5,20230626,211500,46.59,46.59,46.59,46.59,100,0
BGRN.US,5,20230626,212500,46.59,46.59,46.59,46.59,100,0
BGRN.US,5,20230626,213000,46.59,46.59,46.59,46.59,100,0
BGRN.US,5,20230626,214000,46.59,46.605,46.59,46.605,200,0
BGRN.US,5,20230626,214500,46.59,46.59,46.59,46.59,100,0
BGRN.US,5,20230626,215000,46.6,46.6,46.6,46.6,100,0
BGRN.US,5,20230627,153000,46.77,46.77,46.77,46.77,1678,0
BGRN.US,5,20230627,155000,46.63,46.63,46.63,46.63,100,0
BGRN.US,5,20230627,160000,46.57,46.57,46.54,46.54,1000,0
BGRN.US,5,20230627,161000,46.5338,46.5382,46.5338,46.5382,401,0
BGRN.US,5,20230627,161500,46.525,46.525,46.525,46.525,100,0
BGRN.US,5,20230627,162000,46.52,46.52,46.52,46.52,182,0
BGRN.US,5,20230627,170000,46.5,46.5,46.5,46.5,100,0
BGRN.US,5,20230627,171000,46.47,46.47,46.47,46.47,114,0
BGRN.US,5,20230627,173500,46.51,46.51,46.51,46.51,100,0
BGRN.US,5,20230627,180000,46.55,46.55,46.55,46.55,100,0
BGRN.US,5,20230627,180500,46.55,46.55,46.55,46.55,400,0
BGRN.US,5,20230627,183000,46.55,46.55,46.55,46.55,100,0
BGRN.US,5,20230627,184500,46.5598,46.56,46.5591,46.5591,1000,0
BGRN.US,5,20230627,190000,46.61,46.61,46.61,46.61,100,0
BGRN.US,5,20230627,190500,46.55,46.55,46.55,46.55,100,0
BGRN.US,5,20230627,191000,46.54,46.54,46.53,46.53,200,0
BGRN.US,5,20230627,193000,46.5437,46.5437,46.5437,46.5437,323,0
BGRN.US,5,20230627,195500,46.54,46.54,46.54,46.54,100,0
BGRN.US,5,20230627,202000,46.53,46.53,46.53,46.53,100,0
BGRN.US,5,20230627,205000,46.53,46.53,46.53,46.53,100,0
BGRN.US,5,20230627,205500,46.501,46.501,46.501,46.501,100,0
BGRN.US,5,20230627,210500,46.539,46.54,46.539,46.54,377,0
BGRN.US,5,20230627,211000,46.54,46.54,46.54,46.54,100,0
BGRN.US,5,20230627,211500,46.5001,46.53,46.5,46.53,360,0
BGRN.US,5,20230627,213000,46.54,46.54,46.54,46.54,100,0
BGRN.US,5,20230627,214000,46.539,46.54,46.539,46.54,290,0
BGRN.US,5,20230627,214500,46.53,46.53,46.5,46.5,500,0
BGRN.US,5,20230627,215000,46.53,46.53,46.505,46.505,200,0
BGRN.US,5,20230627,215500,46.49,46.53,46.49,46.53,500,0
BGRN.US,5,20230628,153000,46.57,46.58,46.57,46.58,917,0
BGRN.US,5,20230628,155500,46.53,46.53,46.53,46.53,200,0
BGRN.US,5,20230628,160000,46.52,46.54,46.52,46.54,264,0
BGRN.US,5,20230628,161000,46.5238,46.54,46.5238,46.54,415,0
BGRN.US,5,20230628,163500,46.4993,46.4993,46.4993,46.4993,108,0
BGRN.US,5,20230628,164000,46.55,46.56,46.55,46.56,1692,0
BGRN.US,5,20230628,181500,46.5821,46.5821,46.5821,46.5821,600,0
BGRN.US,5,20230628,183500,46.59,46.59,46.59,46.59,100,0
BGRN.US,5,20230628,193000,46.6,46.63,46.6,46.6199,2213,0
BGRN.US,5,20230628,194500,46.61,46.61,46.5901,46.61,2178,0
BGRN.US,5,20230628,201000,46.63,46.63,46.63,46.63,100,0
BGRN.US,5,20230628,202500,46.65,46.65,46.65,46.65,100,0
BGRN.US,5,20230628,203500,46.65,46.65,46.65,46.65,504,0
BGRN.US,5,20230628,204500,46.65,46.65,46.65,46.65,100,0
BGRN.US,5,20230628,205000,46.65,46.65,46.65,46.65,200,0
BGRN.US,5,20230628,210000,46.625,46.625,46.625,46.625,100,0
BGRN.US,5,20230628,211000,46.6161,46.64,46.6161,46.64,2072,0
BGRN.US,5,20230628,212000,46.64,46.64,46.64,46.64,100,0
BGRN.US,5,20230628,212500,46.6399,46.6399,46.6399,46.6399,104,0
BGRN.US,5,20230628,213500,46.64,46.64,46.64,46.64,100,0
BGRN.US,5,20230628,214500,46.64,46.64,46.64,46.64,100,0
BGRN.US,5,20230628,215000,46.64,46.64,46.64,46.64,100,0
BGRN.US,5,20230628,215500,46.64,46.67,46.6399,46.67,5690,0
BGRN.US,5,20230629,155000,46.4,46.4,46.4,46.4,492,0
BGRN.US,5,20230629,160000,46.3813,46.3813,46.3729,46.3729,1058,0
BGRN.US,5,20230629,161000,46.3536,46.3536,46.3536,46.3536,126,0
BGRN.US,5,20230629,162500,46.36,46.39,46.36,46.39,200,0
BGRN.US,5,20230629,163000,46.37,46.37,46.34,46.3401,4058,0
BGRN.US,5,20230629,163500,46.3598,46.3598,46.3598,46.3598,100,0
BGRN.US,5,20230629,164000,46.38,46.38,46.38,46.38,200,0
BGRN.US,5,20230629,164500,46.3795,46.38,46.3795,46.38,280,0
BGRN.US,5,20230629,170500,46.38,46.38,46.38,46.38,101,0
BGRN.US,5,20230629,193000,46.3596,46.3596,46.3596,46.3596,291,0
BGRN.US,5,20230629,202500,46.36,46.36,46.36,46.36,100,0
BGRN.US,5,20230629,204000,46.3301,46.3301,46.3301,46.3301,242,0
BGRN.US,5,20230629,205000,46.33,46.33,46.33,46.33,100,0
BGRN.US,5,20230629,205500,46.36,46.36,46.36,46.36,100,0
BGRN.US,5,20230629,211500,46.36,46.37,46.36,46.37,2091,0
BGRN.US,5,20230629,212000,46.36,46.36,46.36,46.36,100,0
BGRN.US,5,20230629,214500,46.37,46.37,46.37,46.37,100,0
BGRN.US,5,20230629,215000,46.37,46.37,46.37,46.37,100,0
BGRN.US,5,20230629,215500,46.37,46.41,46.37,46.41,338,0
BGRN.US,5,20230630,154000,46.454,46.454,46.454,46.454,1409,0
BGRN.US,5,20230630,154500,46.44,46.44,46.44,46.44,100,0
BGRN.US,5,20230630,155500,46.44,46.44,46.44,46.44,300,0
BGRN.US,5,20230630,160500,46.435,46.45,46.435,46.45,500,0
BGRN.US,5,20230630,162000,46.465,46.48,46.44,46.47,3287,0
BGRN.US,5,20230630,163500,46.46,46.46,46.46,46.46,1100,0
BGRN.US,5,20230630,164500,46.49,46.49,46.49,46.49,200,0
BGRN.US,5,20230630,170000,46.509,46.509,46.509,46.509,301,0
BGRN.US,5,20230630,171500,46.53,46.53,46.53,46.53,515,0
BGRN.US,5,20230630,172500,46.53,46.53,46.53,46.53,715,0
BGRN.US,5,20230630,173500,46.52,46.52,46.52,46.52,302,0
BGRN.US,5,20230630,174500,46.54,46.54,46.53,46.54,1300,0
BGRN.US,5,20230630,181000,46.52,46.52,46.52,46.52,1000,0
BGRN.US,5,20230630,181500,46.52,46.52,46.52,46.52,400,0
BGRN.US,5,20230630,183000,46.52,46.52,46.52,46.52,126,0
BGRN.US,5,20230630,184500,46.52,46.52,46.52,46.52,415,0
BGRN.US,5,20230630,185500,46.54,46.54,46.54,46.54,300,0
BGRN.US,5,20230630,190000,46.55,46.56,46.54,46.56,2300,0
BGRN.US,5,20230630,191000,46.54,46.54,46.54,46.54,200,0
BGRN.US,5,20230630,191500,46.54,46.54,46.54,46.54,500,0
BGRN.US,5,20230630,200500,46.55,46.55,46.55,46.55,1015,0
BGRN.US,5,20230630,201000,46.5373,46.5373,46.5373,46.5373,660,0
BGRN.US,5,20230630,202000,46.55,46.57,46.55,46.57,1900,0
BGRN.US,5,20230630,203000,46.55,46.55,46.55,46.55,1000,0
BGRN.US,5,20230630,203500,46.55,46.55,46.55,46.55,500,0
BGRN.US,5,20230630,204000,46.55,46.55,46.55,46.55,300,0
BGRN.US,5,20230630,204500,46.55,46.56,46.55,46.55,4314,0
BGRN.US,5,20230630,205000,46.545,46.545,46.545,46.545,100,0
BGRN.US,5,20230630,205500,46.545,46.545,46.545,46.545,700,0
BGRN.US,5,20230630,210000,46.545,46.545,46.545,46.545,400,0
BGRN.US,5,20230630,210500,46.545,46.545,46.545,46.545,500,0
BGRN.US,5,20230630,211000,46.545,46.545,46.545,46.545,500,0
BGRN.US,5,20230630,213000,46.545,46.545,46.545,46.545,100,0
BGRN.US,5,20230630,213500,46.55,46.57,46.55,46.57,615,0
BGRN.US,5,20230630,214000,46.57,46.58,46.57,46.58,1100,0
BGRN.US,5,20230630,214500,46.58,46.58,46.58,46.58,1100,0
BGRN.US,5,20230630,215000,46.57,46.58,46.57,46.58,1000,0
BGRN.US,5,20230630,215500,46.58,46.58,46.55,46.58,4000,0
BGRN.US,5,20230703,153000,46.43,46.43,46.43,46.43,100,0
BGRN.US,5,20230703,160000,46.4473,46.49,46.4473,46.4837,2694,0
BGRN.US,5,20230703,161000,46.45,46.459,46.4435,46.459,3234,0
BGRN.US,5,20230703,161500,46.445,46.445,46.4175,46.4175,235,0
BGRN.US,5,20230703,162500,46.44,46.44,46.44,46.44,497,0
BGRN.US,5,20230703,163500,46.4068,46.4068,46.4068,46.4068,119,0
BGRN.US,5,20230703,172500,46.3992,46.3992,46.3992,46.3992,200,0
BGRN.US,5,20230703,174000,46.3701,46.3701,46.3701,46.3701,207,0
BGRN.US,5,20230703,182000,46.375,46.375,46.375,46.375,100,0
BGRN.US,5,20230703,183000,46.375,46.375,46.3701,46.3701,1193,0
BGRN.US,5,20230703,183500,46.375,46.375,46.375,46.375,100,0
BGRN.US,5,20230703,184000,46.375,46.375,46.375,46.375,100,0
BGRN.US,5,20230703,184500,46.375,46.375,46.375,46.375,100,0
BGRN.US,5,20230703,185000,46.375,46.375,46.375,46.375,100,0
BGRN.US,5,20230703,185500,46.38,46.38,46.37,46.37,300,0
BGRN.US,5,20230705,153000,46.34,46.34,46.34,46.34,335,0
BGRN.US,5,20230705,154500,46.27,46.31,46.27,46.31,910,0
BGRN.US,5,20230705,160000,46.271,46.2713,46.271,46.2713,303,0
BGRN.US,5,20230705,161000,46.28,46.28,46.2782,46.2783,1024,0
BGRN.US,5,20230705,162000,46.27,46.2701,46.27,46.2701,800,0
BGRN.US,5,20230705,162500,46.28,46.28,46.28,46.28,306,0
BGRN.US,5,20230705,163500,46.28,46.28,46.28,46.28,100,0
BGRN.US,5,20230705,164000,46.241,46.241,46.241,46.241,1038,0
BGRN.US,5,20230705,174500,46.22,46.22,46.22,46.22,122,0
BGRN.US,5,20230705,181000,46.21,46.21,46.2099,46.21,910,0
BGRN.US,5,20230705,185500,46.19,46.19,46.19,46.19,400,0
BGRN.US,5,20230705,190000,46.19,46.19,46.1899,46.1899,380,0
BGRN.US,5,20230705,191000,46.1629,46.1629,46.1629,46.1629,2308,0
BGRN.US,5,20230705,192000,46.1565,46.1565,46.1565,46.1565,140,0
BGRN.US,5,20230705,195000,46.1664,46.1664,46.1664,46.1664,203,0
BGRN.US,5,20230705,201000,46.16,46.16,46.16,46.16,100,0
BGRN.US,5,20230705,202000,46.155,46.155,46.155,46.155,100,0
BGRN.US,5,20230705,203000,46.155,46.155,46.155,46.155,100,0
BGRN.US,5,20230705,203500,46.153,46.153,46.153,46.153,109,0
BGRN.US,5,20230705,204500,46.16,46.16,46.16,46.16,400,0
BGRN.US,5,20230705,205500,46.155,46.155,46.155,46.155,900,0
BGRN.US,5,20230705,210000,46.155,46.169,46.155,46.1615,2979,0
BGRN.US,5,20230705,210500,46.16,46.17,46.1503,46.155,4900,0
BGRN.US,5,20230705,211500,46.18,46.19,46.17,46.18,4471,0
BGRN.US,5,20230705,212000,46.17,46.17,46.17,46.17,5602,0
BGRN.US,5,20230705,213000,46.165,46.165,46.165,46.165,100,0
BGRN.US,5,20230705,214000,46.165,46.165,46.12,46.1375,1162,0
BGRN.US,5,20230705,215000,46.19,46.19,46.19,46.19,100,0
BGRN.US,5,20230705,215500,46.18,46.18,46.18,46.18,200,0
BGRN.US,5,20230706,153000,45.99,45.99,45.94,45.94,636,0
BGRN.US,5,20230706,154000,45.9,45.909,45.9,45.909,238,0
BGRN.US,5,20230706,154500,45.8501,45.8501,45.8501,45.8501,308,0
BGRN.US,5,20230706,160000,45.83,45.86,45.83,45.86,1234,0
BGRN.US,5,20230706,161000,45.8591,45.86,45.8575,45.86,840,0
BGRN.US,5,20230706,162500,45.85,45.85,45.85,45.85,900,0
BGRN.US,5,20230706,163000,45.8417,45.8417,45.8417,45.8417,144,0
BGRN.US,5,20230706,163500,45.84,45.84,45.84,45.84,100,0
BGRN.US,5,20230706,170000,45.83,45.83,45.83,45.83,100,0
BGRN.US,5,20230706,171000,45.8298,45.8298,45.8298,45.8298,103,0
BGRN.US,5,20230706,174500,45.835,45.835,45.835,45.835,100,0
BGRN.US,5,20230706,181500,45.8101,45.8101,45.8101,45.8101,218,0
BGRN.US,5,20230706,184500,45.8531,45.8531,45.8531,45.8531,134,0
BGRN.US,5,20230706,191000,45.86,45.86,45.86,45.86,100,0
BGRN.US,5,20230706,193500,45.87,45.87,45.8566,45.8566,2558,0
BGRN.US,5,20230706,200500,45.8899,45.8899,45.8899,45.8899,147,0
BGRN.US,5,20230706,201500,45.89,45.89,45.89,45.89,111,0
BGRN.US,5,20230706,205000,45.89,45.89,45.89,45.89,100,0
BGRN.US,5,20230706,211000,45.89,45.89,45.89,45.89,100,0
BGRN.US,5,20230706,212500,45.871,45.871,45.871,45.871,100,0
BGRN.US,5,20230706,213500,45.9,45.9,45.9,45.9,100,0
BGRN.US,5,20230706,214000,45.87,45.87,45.87,45.87,150,0
BGRN.US,5,20230706,215000,45.9,45.9,45.9,45.9,100,0
BGRN.US,5,20230706,215500,45.9,45.9,45.9,45.9,100,0
BGRN.US,5,20230707,153000,45.89,45.89,45.89,45.89,206,0
BGRN.US,5,20230707,160000,45.9188,45.92,45.9155,45.9155,2288,0
BGRN.US,5,20230707,161000,45.9425,45.9425,45.9425,45.9425,144,0
BGRN.US,5,20230707,172000,45.97,45.97,45.9695,45.9695,1154,0
BGRN.US,5,20230707,175000,45.945,45.945,45.945,45.945,137,0
BGRN.US,5,20230707,181000,45.955,45.955,45.955,45.955,318,0
BGRN.US,5,20230707,182000,45.96,45.96,45.96,45.96,297,0
BGRN.US,5,20230707,184500,45.9502,45.9502,45.9502,45.9502,169,0
BGRN.US,5,20230707,190000,45.9664,45.9664,45.9664,45.9664,153,0
BGRN.US,5,20230707,191000,45.955,45.955,45.955,45.955,100,0
BGRN.US,5,20230707,201000,45.9501,45.9501,45.9501,45.9501,162,0
BGRN.US,5,20230707,203000,45.95,45.95,45.95,45.95,100,0
BGRN.US,5,20230707,210000,45.955,45.955,45.955,45.955,100,0
BGRN.US,5,20230707,212500,45.87,45.87,45.87,45.87,100,0
BGRN.US,5,20230707,213000,45.8701,45.8701,45.8701,45.8701,201,0
BGRN.US,5,20230707,214500,45.87,45.87,45.87,45.87,100,0
BGRN.US,5,20230707,215000,45.87,45.87,45.87,45.87,100,0
