<TICKER>,<PER>,<DATE>,<TIME>,<OPEN>,<HIGH>,<LOW>,<CLOSE>,<VOL>,<OPENINT>
BIB.US,5,20230522,153000,55.35,55.35,55.35,55.35,160,0
BIB.US,5,20230522,153500,56.28,56.28,56.28,56.28,100,0
BIB.US,5,20230522,154000,56.42,56.42,56.42,56.42,450,0
BIB.US,5,20230522,154500,56.36,56.4,56.342,56.342,1200,0
BIB.US,5,20230522,171500,55.872,55.872,55.872,55.872,325,0
BIB.US,5,20230522,173000,55.95,55.95,55.95,55.95,271,0
BIB.US,5,20230522,180000,56.025,56.025,56.025,56.025,100,0
BIB.US,5,20230522,205000,55.96,55.96,55.96,55.96,100,0
BIB.US,5,20230522,205500,55.93,55.93,55.93,55.93,100,0
BIB.US,5,20230522,210500,55.93,55.93,55.785,55.785,300,0
BIB.US,5,20230522,215500,55.86,55.96,55.86,55.96,214,0
BIB.US,5,20230523,153000,55.59,55.59,55.59,55.59,112,0
BIB.US,5,20230523,155000,56.3104,56.3104,56.3104,56.3104,100,0
BIB.US,5,20230523,163500,56.84,56.84,56.84,56.84,1230,0
BIB.US,5,20230523,164500,56.7,56.7,56.7,56.7,545,0
BIB.US,5,20230523,170000,56.695,56.695,56.695,56.695,100,0
BIB.US,5,20230523,170500,56.79,56.79,56.79,56.79,188,0
BIB.US,5,20230523,172500,57,57,57,57,280,0
BIB.US,5,20230523,182000,56.9918,56.9918,56.9918,56.9918,100,0
BIB.US,5,20230523,190500,56.799,56.799,56.799,56.799,178,0
BIB.US,5,20230523,193000,56.28,56.28,56.28,56.28,100,0
BIB.US,5,20230523,195500,56.38,56.38,56.38,56.38,100,0
BIB.US,5,20230523,201500,56.24,56.24,56.24,56.24,100,0
BIB.US,5,20230523,212000,55.98,56.08,55.98,56.025,300,0
BIB.US,5,20230523,215500,56.01,56.01,56.01,56.01,107,0
BIB.US,5,20230524,153000,55.41,55.765,55.41,55.7029,869,0
BIB.US,5,20230524,163500,54.54,54.54,54.46,54.49,2231,0
BIB.US,5,20230524,164000,54.475,54.475,54.475,54.475,453,0
BIB.US,5,20230524,170500,54.47,54.47,54.47,54.47,100,0
BIB.US,5,20230524,174000,54.55,54.55,54.5,54.5,1529,0
BIB.US,5,20230524,182500,54.2058,54.2058,54.2058,54.2058,100,0
BIB.US,5,20230524,183500,54.2901,54.2901,54.2901,54.2901,100,0
BIB.US,5,20230524,205000,54.3,54.3,54.3,54.3,100,0
BIB.US,5,20230524,210000,54.2,54.2,54.2,54.2,100,0
BIB.US,5,20230524,210500,54.3,54.3,54.3,54.3,200,0
BIB.US,5,20230524,211000,54.2,54.2,54.2,54.2,200,0
BIB.US,5,20230524,212000,54.35,54.385,54.35,54.385,250,0
BIB.US,5,20230524,213000,54.44,54.44,54.44,54.44,100,0
BIB.US,5,20230524,213500,54.56,54.56,54.51,54.51,250,0
BIB.US,5,20230524,214000,54.57,54.57,54.57,54.57,100,0
BIB.US,5,20230524,215000,54.5013,54.56,54.5013,54.56,200,0
BIB.US,5,20230524,215500,54.5,54.57,54.47,54.57,466,0
BIB.US,5,20230525,153000,54.05,54.05,53.5,53.5,455,0
BIB.US,5,20230525,153500,53,53,53,53,300,0
BIB.US,5,20230525,155500,53,53.0099,52.99,53.0099,500,0
BIB.US,5,20230525,161000,52.79,52.79,52.75,52.75,565,0
BIB.US,5,20230525,162500,52.61,52.61,52.59,52.5901,2030,0
BIB.US,5,20230525,163000,52.605,52.605,52.605,52.605,100,0
BIB.US,5,20230525,165000,52.5386,52.5386,52.5386,52.5386,250,0
BIB.US,5,20230525,165500,52.55,52.55,52.55,52.55,100,0
BIB.US,5,20230525,170500,52.5,52.5,52.4121,52.4121,260,0
BIB.US,5,20230525,171500,52.4,52.4,52.35,52.35,317,0
BIB.US,5,20230525,172500,52.2,52.2,52.09,52.09,573,0
BIB.US,5,20230525,173000,52,52,52,52,200,0
BIB.US,5,20230525,173500,51.8008,51.8008,51.8008,51.8008,750,0
BIB.US,5,20230525,180000,52.057,52.057,52.057,52.057,140,0
BIB.US,5,20230525,190000,51.56,51.56,51.56,51.56,100,0
BIB.US,5,20230525,190500,51.72,51.72,51.6902,51.6902,300,0
BIB.US,5,20230525,194000,52.2201,52.2201,52.2201,52.2201,100,0
BIB.US,5,20230525,195500,52.1494,52.1494,52.1494,52.1494,100,0
BIB.US,5,20230525,200000,52.32,52.34,52.32,52.34,802,0
BIB.US,5,20230525,213500,52.205,52.205,52.205,52.205,100,0
BIB.US,5,20230525,215000,52.45,52.45,52.28,52.28,300,0
BIB.US,5,20230525,215500,52.3,52.31,52.21,52.31,552,0
BIB.US,5,20230526,153000,52.33,52.33,52,52,642,0
BIB.US,5,20230526,164500,52.2405,52.2405,52.2405,52.2405,100,0
BIB.US,5,20230526,170500,52.1801,52.1801,52.1801,52.1801,200,0
BIB.US,5,20230526,171000,52,52,52,52,100,0
BIB.US,5,20230526,173000,52.2,52.2,52.2,52.2,100,0
BIB.US,5,20230526,173500,52.2,52.2,52.2,52.2,891,0
BIB.US,5,20230526,174500,52.0719,52.0719,52.0719,52.0719,100,0
BIB.US,5,20230526,180000,51.95,51.98,51.95,51.98,200,0
BIB.US,5,20230526,180500,52.13,52.13,52.13,52.13,100,0
BIB.US,5,20230526,181000,52.19,52.19,52.19,52.19,301,0
BIB.US,5,20230526,183500,52.2813,52.2813,52.2813,52.2813,100,0
BIB.US,5,20230526,185500,52.17,52.17,52.17,52.17,230,0
BIB.US,5,20230526,194500,52,52,52,52,280,0
BIB.US,5,20230526,202000,52.0001,52.0421,52.0001,52.0421,450,0
BIB.US,5,20230526,203500,52.195,52.195,52.195,52.195,900,0
BIB.US,5,20230526,204000,52.2999,52.2999,52.2008,52.2008,1500,0
BIB.US,5,20230526,214500,52.3,52.3,52.3,52.3,1000,0
BIB.US,5,20230526,215500,52.41,52.41,52.35,52.38,638,0
BIB.US,5,20230530,153000,52.11,52.11,52.11,52.11,743,0
BIB.US,5,20230530,153500,52.4673,52.4673,52.07,52.07,400,0
BIB.US,5,20230530,154000,52.22,52.24,52.22,52.23,800,0
BIB.US,5,20230530,155000,52.385,52.47,52.3002,52.3003,1460,0
BIB.US,5,20230530,163500,51.5779,51.5779,51.5779,51.5779,150,0
BIB.US,5,20230530,165500,51.3401,51.3401,51.3401,51.3401,100,0
BIB.US,5,20230530,172000,51.07,51.07,51.07,51.07,200,0
BIB.US,5,20230530,172500,51.22,51.22,51.22,51.22,200,0
BIB.US,5,20230530,174500,51.2576,51.2576,51.2576,51.2576,100,0
BIB.US,5,20230530,180500,51.3402,51.3402,51.3402,51.3402,100,0
BIB.US,5,20230530,184500,51.3801,51.3801,51.3801,51.3801,100,0
BIB.US,5,20230530,185500,51.55,51.55,51.55,51.55,100,0
BIB.US,5,20230530,192500,51.25,51.25,51.25,51.25,100,0
BIB.US,5,20230530,201000,51.4185,51.4185,51.4185,51.4185,185,0
BIB.US,5,20230530,202000,51.505,51.505,51.505,51.505,100,0
BIB.US,5,20230530,214500,51.7018,51.7018,51.7018,51.7018,350,0
BIB.US,5,20230530,215000,51.8,51.8,51.6,51.6,2045,0
BIB.US,5,20230530,215500,51.6332,51.79,51.6332,51.79,10600,0
BIB.US,5,20230531,153000,51.51,52.86,51.51,52.86,212,0
BIB.US,5,20230531,160500,51.68,51.83,51.68,51.83,200,0
BIB.US,5,20230531,161000,51.8,51.8,51.79,51.79,200,0
BIB.US,5,20230531,164000,51.38,51.38,51.38,51.38,160,0
BIB.US,5,20230531,164500,51.55,51.55,51.55,51.55,999,0
BIB.US,5,20230531,182500,51.78,51.78,51.78,51.78,100,0
BIB.US,5,20230531,185000,51.72,51.72,51.72,51.72,100,0
BIB.US,5,20230531,200000,52.17,52.18,52.16,52.17,900,0
BIB.US,5,20230531,201500,52.15,52.21,52.14,52.21,500,0
BIB.US,5,20230531,203000,52.25,52.25,52.25,52.25,100,0
BIB.US,5,20230531,205000,52.26,52.27,52.25,52.27,500,0
BIB.US,5,20230531,205500,52.21,52.21,52.21,52.21,100,0
BIB.US,5,20230531,210500,52.305,52.305,52.305,52.305,100,0
BIB.US,5,20230531,213000,52.35,52.35,52.35,52.35,100,0
BIB.US,5,20230531,214500,52.42,52.42,52.42,52.42,200,0
BIB.US,5,20230531,215500,52.28,52.28,52.16,52.2,882,0
BIB.US,5,20230601,153000,52.2,52.2,52.2,52.2,124,0
BIB.US,5,20230601,153500,51.5607,51.5607,51.5607,51.5607,100,0
BIB.US,5,20230601,160500,51.74,51.74,51.71,51.71,200,0
BIB.US,5,20230601,161000,51.93,51.93,51.93,51.93,147,0
BIB.US,5,20230601,163000,52.2,52.2,52.2,52.2,100,0
BIB.US,5,20230601,165000,52.5,52.5,52.5,52.5,100,0
BIB.US,5,20230601,170000,52.5,52.5,52.5,52.5,119,0
BIB.US,5,20230601,170500,52.5,52.5,52.5,52.5,249,0
BIB.US,5,20230601,171000,52.5,52.5,52.5,52.5,168,0
BIB.US,5,20230601,172000,52.5,52.5,52.5,52.5,100,0
BIB.US,5,20230601,173500,52.6,52.6,52.6,52.6,100,0
BIB.US,5,20230601,180500,52.6,52.6,52.6,52.6,776,0
BIB.US,5,20230601,184000,52.61,52.61,52.61,52.61,100,0
BIB.US,5,20230601,194500,52.52,52.52,52.48,52.48,924,0
BIB.US,5,20230601,200500,52.48,52.48,52.48,52.48,100,0
BIB.US,5,20230601,205000,52.52,52.52,52.52,52.52,100,0
BIB.US,5,20230601,210000,52.6764,52.6764,52.6764,52.6764,100,0
BIB.US,5,20230601,210500,52.73,52.73,52.73,52.73,100,0
BIB.US,5,20230601,215500,52.48,52.48,52.48,52.48,111,0
BIB.US,5,20230602,153000,52.57,52.57,52.57,52.57,262,0
BIB.US,5,20230602,160500,52.8783,52.8783,52.8783,52.8783,240,0
BIB.US,5,20230602,163000,52.92,52.92,52.91,52.91,500,0
BIB.US,5,20230602,170500,53.3,53.3,53.3,53.3,100,0
BIB.US,5,20230602,171000,53.3498,53.3498,53.3498,53.3498,280,0
BIB.US,5,20230602,172500,53.4314,53.4314,53.4314,53.4314,168,0
BIB.US,5,20230602,173500,53.1893,53.1893,53.1893,53.1893,280,0
BIB.US,5,20230602,190000,53.66,53.66,53.66,53.66,100,0
BIB.US,5,20230602,205000,53.86,53.95,53.86,53.95,400,0
BIB.US,5,20230602,210000,53.94,53.94,53.94,53.94,100,0
BIB.US,5,20230602,211000,54,54,54,54,150,0
BIB.US,5,20230602,211500,54,54,54,54,500,0
BIB.US,5,20230602,213000,54.08,54.08,54.08,54.08,300,0
BIB.US,5,20230602,213500,54.09,54.09,54.09,54.09,191,0
BIB.US,5,20230602,215000,54.11,54.32,54.11,54.32,8252,0
BIB.US,5,20230602,215500,54.29,54.33,54.26,54.32,39468,0
BIB.US,5,20230605,153000,53.99,53.99,53.99,53.99,163,0
BIB.US,5,20230605,153500,54.305,54.305,54.305,54.305,200,0
BIB.US,5,20230605,154000,54.2,54.2,54.14,54.14,629,0
BIB.US,5,20230605,155000,54.43,54.43,54.35,54.35,844,0
BIB.US,5,20230605,160500,54.72,54.72,54.62,54.62,300,0
BIB.US,5,20230605,161000,54.69,54.69,54.69,54.69,100,0
BIB.US,5,20230605,162500,54.5106,54.5106,54.5106,54.5106,100,0
BIB.US,5,20230605,165000,54.75,54.75,54.75,54.75,140,0
BIB.US,5,20230605,172500,54.7,54.7127,54.7,54.7127,580,0
BIB.US,5,20230605,181500,54.89,54.89,54.89,54.89,100,0
BIB.US,5,20230605,185000,54.9843,54.9843,54.9843,54.9843,333,0
BIB.US,5,20230605,190000,54.99,54.99,54.99,54.99,100,0
BIB.US,5,20230605,191500,54.88,54.95,54.87,54.87,305,0
BIB.US,5,20230605,192500,54.86,54.86,54.795,54.795,835,0
BIB.US,5,20230605,195500,54.875,54.94,54.8402,54.94,400,0
BIB.US,5,20230605,203500,54.77,54.77,54.77,54.77,100,0
BIB.US,5,20230605,204500,54.62,54.62,54.62,54.62,100,0
BIB.US,5,20230605,205000,54.71,54.71,54.71,54.71,100,0
BIB.US,5,20230605,211000,54.7,54.7,54.7,54.7,100,0
BIB.US,5,20230605,213500,54.6901,54.724,54.69,54.72,1100,0
BIB.US,5,20230605,214500,54.8,54.83,54.79,54.83,400,0
BIB.US,5,20230605,215000,54.79,54.84,54.76,54.76,10455,0
BIB.US,5,20230605,215500,54.67,54.7064,54.51,54.51,56163,0
BIB.US,5,20230606,153000,54.83,54.83,54.5,54.5,348,0
BIB.US,5,20230606,155000,54.4,54.4,54.4,54.4,100,0
BIB.US,5,20230606,160000,54.13,54.14,54.13,54.14,201,0
BIB.US,5,20230606,170000,54.49,54.49,54.49,54.49,194,0
BIB.US,5,20230606,173500,54.39,54.39,54.38,54.38,200,0
BIB.US,5,20230606,181500,54.54,54.54,54.54,54.54,100,0
BIB.US,5,20230606,184500,54.33,54.33,54.33,54.33,100,0
BIB.US,5,20230606,185000,54.34,54.34,54.34,54.34,157,0
BIB.US,5,20230606,185500,54.3,54.3,54.3,54.3,157,0
BIB.US,5,20230606,190000,54.31,54.31,54.31,54.31,200,0
BIB.US,5,20230606,193000,54.37,54.37,54.37,54.37,100,0
BIB.US,5,20230606,195500,54.24,54.24,54.21,54.21,300,0
BIB.US,5,20230606,205500,54.34,54.34,54.34,54.34,100,0
BIB.US,5,20230606,211500,54.2899,54.2899,54.2899,54.2899,100,0
BIB.US,5,20230606,213000,54.382,54.39,54.382,54.39,200,0
BIB.US,5,20230606,213500,54.44,54.44,54.37,54.37,300,0
BIB.US,5,20230606,214500,54.49,54.5,54.49,54.49,300,0
BIB.US,5,20230606,215000,54.54,54.57,54.54,54.54,800,0
BIB.US,5,20230606,215500,54.59,54.59,54.44,54.52,2513,0
BIB.US,5,20230607,153000,54.32,54.32,54.32,54.32,130,0
BIB.US,5,20230607,154500,54.335,54.335,54.335,54.335,300,0
BIB.US,5,20230607,155500,54.35,54.35,54.35,54.35,300,0
BIB.US,5,20230607,160500,53.86,53.86,53.86,53.86,100,0
BIB.US,5,20230607,161500,54,54,54,54,200,0
BIB.US,5,20230607,162000,53.83,53.83,53.83,53.83,532,0
BIB.US,5,20230607,164500,53.65,53.6598,53.47,53.47,1100,0
BIB.US,5,20230607,170000,53.76,53.76,53.7301,53.7301,1100,0
BIB.US,5,20230607,170500,53.8,53.8,53.8,53.8,984,0
BIB.US,5,20230607,172500,54.0801,54.0801,54.0801,54.0801,390,0
BIB.US,5,20230607,173000,54.2,54.2,54.2,54.2,1058,0
BIB.US,5,20230607,182000,54.0212,54.0212,54.0212,54.0212,100,0
BIB.US,5,20230607,182500,54.03,54.03,54.03,54.03,135,0
BIB.US,5,20230607,185000,54.2,54.2,54.19,54.19,200,0
BIB.US,5,20230607,191000,54.07,54.07,54.06,54.06,200,0
BIB.US,5,20230607,193000,54.12,54.12,54.087,54.087,575,0
BIB.US,5,20230607,213500,54.21,54.23,54.21,54.23,400,0
BIB.US,5,20230607,214500,54.26,54.26,54.26,54.26,100,0
BIB.US,5,20230607,215000,54.29,54.29,54.28,54.29,300,0
BIB.US,5,20230607,215500,54.17,54.17,54.17,54.17,106,0
BIB.US,5,20230608,153000,54.11,54.11,54,54,316,0
BIB.US,5,20230608,161000,54.1012,54.1012,54.1012,54.1012,150,0
BIB.US,5,20230608,164500,53.7623,53.7623,53.7623,53.7623,100,0
BIB.US,5,20230608,171500,53.89,53.89,53.89,53.89,452,0
BIB.US,5,20230608,175500,54.0001,54.0001,54.0001,54.0001,176,0
BIB.US,5,20230608,181000,54.075,54.075,54.075,54.075,203,0
BIB.US,5,20230608,193000,54.44,54.44,54.44,54.44,200,0
BIB.US,5,20230608,202000,54.489,54.5484,54.489,54.5484,469,0
BIB.US,5,20230608,213500,54.65,54.65,54.65,54.65,100,0
BIB.US,5,20230608,214000,54.676,54.7695,54.676,54.7695,1154,0
BIB.US,5,20230608,215500,54.66,54.66,54.66,54.66,106,0
BIB.US,5,20230609,153000,54.7,54.7,53.75,53.75,216,0
BIB.US,5,20230609,155000,53.9694,53.9694,53.9694,53.9694,735,0
BIB.US,5,20230609,160000,54.438,54.438,54.438,54.438,100,0
BIB.US,5,20230609,162000,54.43,54.43,54.43,54.43,100,0
BIB.US,5,20230609,164500,54.27,54.27,54.27,54.27,100,0
BIB.US,5,20230609,171000,54.09,54.09,54.08,54.08,200,0
BIB.US,5,20230609,172500,53.91,53.92,53.9,53.91,500,0
BIB.US,5,20230609,173000,53.81,53.81,53.63,53.65,1600,0
BIB.US,5,20230609,182500,53.53,53.53,53.53,53.53,136,0
BIB.US,5,20230609,183500,53.52,53.52,53.52,53.52,500,0
BIB.US,5,20230609,184500,53.5,53.5,53.5,53.5,844,0
BIB.US,5,20230609,193000,54,54,54,54,186,0
BIB.US,5,20230609,204500,53.84,53.84,53.84,53.84,300,0
BIB.US,5,20230609,213500,53.95,53.98,53.95,53.98,2900,0
BIB.US,5,20230609,215500,54.5,54.5,54.2967,54.42,306,0
BIB.US,5,20230612,153000,54.45,54.4779,54.45,54.4779,678,0
BIB.US,5,20230612,153500,54.21,54.21,54.21,54.21,1000,0
BIB.US,5,20230612,154000,54.3,54.3,54.1555,54.1555,300,0
BIB.US,5,20230612,154500,54.085,54.085,54.085,54.085,207,0
BIB.US,5,20230612,162500,55.0999,55.0999,55.0999,55.0999,2000,0
BIB.US,5,20230612,170000,54.91,54.91,54.9,54.9,2000,0
BIB.US,5,20230612,171500,54.7509,54.7509,54.7509,54.7509,100,0
BIB.US,5,20230612,185000,54.43,54.43,54.43,54.43,800,0
BIB.US,5,20230612,185500,54.38,54.38,54.38,54.38,2000,0
BIB.US,5,20230612,193000,54.0048,54.0048,54,54,590,0
BIB.US,5,20230612,205500,54.58,54.6499,54.58,54.6499,200,0
BIB.US,5,20230612,210500,54.725,54.725,54.7,54.7,569,0
BIB.US,5,20230612,215000,54.765,54.765,54.76,54.76,200,0
BIB.US,5,20230612,215500,54.8,54.92,54.76,54.92,1907,0
BIB.US,5,20230613,153000,54.8,55.2015,54.8,55.2015,488,0
BIB.US,5,20230613,154500,55.675,55.675,55.675,55.675,125,0
BIB.US,5,20230613,162000,55.57,55.57,55.57,55.57,200,0
BIB.US,5,20230613,162500,55.4701,55.4701,55.4701,55.4701,100,0
BIB.US,5,20230613,163000,55.6799,55.6799,55.6799,55.6799,100,0
BIB.US,5,20230613,172000,55.6434,55.8,55.6434,55.8,4481,0
BIB.US,5,20230613,173000,55.6109,55.6109,55.6109,55.6109,399,0
BIB.US,5,20230613,182000,55.87,55.88,55.76,55.76,2115,0
BIB.US,5,20230613,184000,56,56,56,56,267,0
BIB.US,5,20230613,184500,55.98,56.08,55.98,56.06,4346,0
BIB.US,5,20230613,185500,56.0946,56.0946,56.0946,56.0946,100,0
BIB.US,5,20230613,211500,56.1,56.1,56.1,56.1,254,0
BIB.US,5,20230613,212500,56.2,56.2,56.2,56.2,200,0
BIB.US,5,20230613,213000,56.1899,56.1899,56.1899,56.1899,250,0
BIB.US,5,20230613,213500,56.26,56.26,56.26,56.26,100,0
BIB.US,5,20230613,214000,56.26,56.26,56.26,56.26,100,0
BIB.US,5,20230613,215000,56.07,56.07,56.07,56.07,100,0
BIB.US,5,20230613,215500,56.105,56.19,56.07,56.19,406,0
BIB.US,5,20230614,153000,56,56,56,56,553,0
BIB.US,5,20230614,154000,56.3811,56.5,56.3811,56.5,1207,0
BIB.US,5,20230614,154500,56.55,56.55,56.55,56.55,163,0
BIB.US,5,20230614,173500,55.61,55.61,55.61,55.61,100,0
BIB.US,5,20230614,175500,55.49,55.49,55.49,55.49,2572,0
BIB.US,5,20230614,180500,55.52,55.52,55.52,55.52,100,0
BIB.US,5,20230614,183500,55.43,55.43,55.43,55.43,100,0
BIB.US,5,20230614,193500,55.12,55.12,55.09,55.09,400,0
BIB.US,5,20230614,194000,55.1657,55.1657,55.1657,55.1657,300,0
BIB.US,5,20230614,200000,55.07,55.07,55.07,55.07,100,0
BIB.US,5,20230614,200500,54.8495,54.8495,54.8495,54.8495,200,0
BIB.US,5,20230614,204500,55.11,55.1601,55.11,55.1601,682,0
BIB.US,5,20230614,210000,55.1556,55.1556,55.1556,55.1556,100,0
BIB.US,5,20230614,211500,55.02,55.02,55.01,55.01,200,0
BIB.US,5,20230614,214000,55.13,55.13,55.13,55.13,100,0
BIB.US,5,20230614,214500,55.1,55.13,55.1,55.13,300,0
BIB.US,5,20230614,215500,55.2,55.33,55.2,55.33,226,0
BIB.US,5,20230615,153000,54.98,54.98,54.98,54.98,107,0
BIB.US,5,20230615,155000,55.26,55.26,55.26,55.26,100,0
BIB.US,5,20230615,160500,55.3,55.3,55.3,55.3,100,0
BIB.US,5,20230615,161000,55.1903,55.1903,55.13,55.13,200,0
BIB.US,5,20230615,162000,55.25,55.308,55.25,55.308,408,0
BIB.US,5,20230615,163500,55.2,55.2,55.2,55.2,100,0
BIB.US,5,20230615,180500,55.8768,55.8768,55.8768,55.8768,100,0
BIB.US,5,20230615,185000,56.07,56.07,56.07,56.07,200,0
BIB.US,5,20230615,201000,56.27,56.27,56.27,56.27,100,0
BIB.US,5,20230615,202000,56.2632,56.2632,56.2632,56.2632,1100,0
BIB.US,5,20230615,202500,56.244,56.244,56.244,56.244,289,0
BIB.US,5,20230615,203000,56.26,56.26,56.25,56.25,300,0
BIB.US,5,20230615,210500,56.44,56.47,56.44,56.47,3116,0
BIB.US,5,20230615,211000,56.47,56.47,56.47,56.47,200,0
BIB.US,5,20230615,212000,56.5,56.57,56.5,56.51,843,0
BIB.US,5,20230615,212500,56.49,56.49,56.4,56.4,1030,0
BIB.US,5,20230615,214500,56.45,56.45,56.45,56.45,812,0
BIB.US,5,20230615,215000,56.52,56.52,56.52,56.52,100,0
BIB.US,5,20230615,215500,56.57,56.58,56.48,56.48,2604,0
BIB.US,5,20230616,153000,56.75,56.9749,56.75,56.9749,687,0
BIB.US,5,20230616,153500,57.01,57.34,57,57.34,1953,0
BIB.US,5,20230616,161000,57.05,57.05,57.04,57.04,400,0
BIB.US,5,20230616,162000,56.6701,56.6701,56.6701,56.6701,200,0
BIB.US,5,20230616,162500,56.62,56.62,56.62,56.62,160,0
BIB.US,5,20230616,165500,56.49,56.49,56.49,56.49,100,0
BIB.US,5,20230616,174000,56.14,56.14,56.14,56.14,100,0
BIB.US,5,20230616,190000,56.26,56.3025,56.26,56.3025,264,0
BIB.US,5,20230616,193000,56.1599,56.1599,56.1599,56.1599,190,0
BIB.US,5,20230616,202000,56.08,56.08,56.08,56.08,100,0
BIB.US,5,20230616,205500,56.028,56.028,55.97,55.97,500,0
BIB.US,5,20230616,211000,55.95,55.95,55.95,55.95,220,0
BIB.US,5,20230616,211500,55.98,55.98,55.98,55.98,100,0
BIB.US,5,20230616,215000,56.26,56.26,56.26,56.26,289,0
BIB.US,5,20230616,215500,56.03,56.03,56.03,56.03,100,0
BIB.US,5,20230620,153000,55.83,55.83,55.46,55.46,410,0
BIB.US,5,20230620,162000,55.1501,55.1501,55.1501,55.1501,100,0
BIB.US,5,20230620,164000,55.4274,55.4274,55.4274,55.4274,1500,0
BIB.US,5,20230620,171000,55.2244,55.2244,55.2244,55.2244,560,0
BIB.US,5,20230620,174000,55.2198,55.23,55.18,55.18,1264,0
BIB.US,5,20230620,200500,55.7061,55.7061,55.7061,55.7061,160,0
BIB.US,5,20230620,201500,55.86,55.86,55.86,55.86,400,0
BIB.US,5,20230620,202000,55.831,55.831,55.831,55.831,700,0
BIB.US,5,20230620,215500,55.57,55.61,55.57,55.61,303,0
BIB.US,5,20230621,153000,55.02,55.02,55.02,55.02,134,0
BIB.US,5,20230621,153500,55,55,55,55,200,0
BIB.US,5,20230621,162000,54.6,54.6735,54.6,54.6735,624,0
BIB.US,5,20230621,163000,54.5201,54.5201,54.5201,54.5201,300,0
BIB.US,5,20230621,164500,54.59,54.6417,54.59,54.6417,700,0
BIB.US,5,20230621,170000,54.8644,54.8644,54.8644,54.8644,538,0
BIB.US,5,20230621,185500,55.08,55.08,55.08,55.08,100,0
BIB.US,5,20230621,192500,55.02,55.02,55.0018,55.0018,236,0
BIB.US,5,20230621,194500,55.2,55.2,55.2,55.2,403,0
BIB.US,5,20230621,195000,55.251,55.251,55.251,55.251,200,0
BIB.US,5,20230621,201000,55.281,55.281,55.281,55.281,150,0
BIB.US,5,20230621,215500,55.08,55.08,55.08,55.08,1062,0
BIB.US,5,20230622,153000,54.82,54.82,54.82,54.82,100,0
BIB.US,5,20230622,153500,54.6219,54.6219,54.6219,54.6219,200,0
BIB.US,5,20230622,155500,55,55,55,55,100,0
BIB.US,5,20230622,160500,54.8784,54.8784,54.8784,54.8784,165,0
BIB.US,5,20230622,161000,55,55.0499,55,55.0499,620,0
BIB.US,5,20230622,163000,55.07,55.07,55,55,220,0
BIB.US,5,20230622,163500,55.03,55.03,55.03,55.03,350,0
BIB.US,5,20230622,191500,55.0481,55.0481,55.0481,55.0481,390,0
BIB.US,5,20230622,202000,55.01,55.01,55.01,55.01,300,0
BIB.US,5,20230622,203500,55.09,55.09,55.09,55.09,100,0
BIB.US,5,20230622,204500,55.1547,55.1547,55.1547,55.1547,100,0
BIB.US,5,20230622,215500,55.12,55.19,55.12,55.19,214,0
BIB.US,5,20230623,153000,54.26,54.44,54.26,54.44,761,0
BIB.US,5,20230623,170500,53.7927,53.7927,53.7501,53.7501,326,0
BIB.US,5,20230623,172500,53.56,53.56,53.56,53.56,100,0
BIB.US,5,20230623,173500,53.56,53.56,53.56,53.56,100,0
BIB.US,5,20230623,175500,53.77,53.77,53.77,53.77,100,0
BIB.US,5,20230623,180000,53.76,53.76,53.76,53.76,200,0
BIB.US,5,20230623,195500,54.2,54.2,54.19,54.2,800,0
BIB.US,5,20230623,215500,53.68,53.82,53.68,53.82,746,0
BIB.US,5,20230626,155000,52.7359,52.7359,52.67,52.68,500,0
BIB.US,5,20230626,155500,52.2825,52.2825,52.2825,52.2825,500,0
BIB.US,5,20230626,160000,52.23,52.23,52.15,52.15,248,0
BIB.US,5,20230626,161000,52.28,52.28,52.28,52.28,148,0
BIB.US,5,20230626,161500,52.49,52.49,52.49,52.49,110,0
BIB.US,5,20230626,162500,52.52,52.5739,52.52,52.5739,360,0
BIB.US,5,20230626,174500,52.44,52.44,52.44,52.44,100,0
BIB.US,5,20230626,175500,52.5991,52.5991,52.5991,52.5991,191,0
BIB.US,5,20230626,183500,52.52,52.52,52.52,52.52,100,0
BIB.US,5,20230626,184500,52.42,52.42,52.42,52.42,100,0
BIB.US,5,20230626,210000,52.75,52.75,52.75,52.75,100,0
BIB.US,5,20230626,215000,52.4627,52.4627,52.45,52.45,452,0
BIB.US,5,20230626,215500,52.44,52.45,52.35,52.45,609,0
BIB.US,5,20230627,153000,52.33,52.33,52.33,52.33,188,0
BIB.US,5,20230627,154000,51.9,51.9,51.76,51.76,220,0
BIB.US,5,20230627,154500,52,52,51.825,51.825,250,0
BIB.US,5,20230627,161000,51.35,51.35,51.35,51.35,100,0
BIB.US,5,20230627,163000,51.3411,51.3411,51.3411,51.3411,200,0
BIB.US,5,20230627,164500,51.38,51.38,51.3677,51.3677,400,0
BIB.US,5,20230627,165000,51.3812,51.3812,51.3812,51.3812,200,0
BIB.US,5,20230627,170000,51.4391,51.4391,51.4391,51.4391,100,0
BIB.US,5,20230627,171000,51.3,51.3,51.3,51.3,100,0
BIB.US,5,20230627,172500,51.3,51.3,51.3,51.3,200,0
BIB.US,5,20230627,175500,51.445,51.445,51.445,51.445,382,0
BIB.US,5,20230627,183000,51.49,51.49,51.49,51.49,200,0
BIB.US,5,20230627,200000,51.85,51.85,51.85,51.85,100,0
BIB.US,5,20230627,204500,51.88,51.88,51.645,51.645,600,0
BIB.US,5,20230627,205500,51.7,51.7,51.7,51.7,200,0
BIB.US,5,20230627,210000,51.5995,51.5995,51.5995,51.5995,387,0
BIB.US,5,20230627,211500,51.28,51.3,50.92,50.925,2919,0
BIB.US,5,20230627,215000,51.14,51.18,51.135,51.155,3333,0
BIB.US,5,20230627,215500,51.15,51.26,51.13,51.26,738,0
BIB.US,5,20230628,153000,50.77,50.77,50.751,50.751,519,0
BIB.US,5,20230628,153500,50.5,50.5,50.5,50.5,200,0
BIB.US,5,20230628,163000,50.89,50.89,50.89,50.89,200,0
BIB.US,5,20230628,164000,50.9583,50.9583,50.9583,50.9583,200,0
BIB.US,5,20230628,174000,51.5,51.5,51.5,51.5,350,0
BIB.US,5,20230628,185000,51.385,51.385,51.385,51.385,100,0
BIB.US,5,20230628,185500,51.35,51.36,51.33,51.36,2200,0
BIB.US,5,20230628,190000,51.25,51.25,51.25,51.25,600,0
BIB.US,5,20230628,203500,51.4574,51.48,51.4574,51.48,1800,0
BIB.US,5,20230628,210000,51.45,51.45,51.45,51.45,2000,0
BIB.US,5,20230628,214000,51.3811,51.3811,51.3811,51.3811,250,0
BIB.US,5,20230628,215000,51.48,51.52,51.48,51.52,766,0
BIB.US,5,20230628,215500,51.69,51.69,51.69,51.69,303,0
BIB.US,5,20230629,153000,51.16,51.16,51.16,51.16,583,0
BIB.US,5,20230629,162000,51.7,51.71,51.7,51.71,200,0
BIB.US,5,20230629,163000,51.665,51.665,51.665,51.665,500,0
BIB.US,5,20230629,170000,51.5403,51.5403,51.5403,51.5403,145,0
BIB.US,5,20230629,171000,51.45,51.45,51.45,51.45,100,0
BIB.US,5,20230629,172500,51.5254,51.5254,51.5254,51.5254,100,0
BIB.US,5,20230629,174500,51.44,51.44,51.44,51.44,100,0
BIB.US,5,20230629,180500,51.33,51.33,51.33,51.33,100,0
BIB.US,5,20230629,184500,51.6156,51.6156,51.6156,51.6156,500,0
BIB.US,5,20230629,185000,51.65,51.65,51.65,51.65,200,0
BIB.US,5,20230629,200000,51.19,51.19,51.19,51.19,100,0
BIB.US,5,20230629,200500,51.11,51.11,51.06,51.06,5780,0
BIB.US,5,20230629,202500,51.14,51.16,51.0801,51.0801,5789,0
BIB.US,5,20230629,204000,51,51,51,51,100,0
BIB.US,5,20230629,210000,51.1305,51.1827,51.1305,51.1827,1000,0
BIB.US,5,20230629,213500,51.102,51.102,51.102,51.102,100,0
BIB.US,5,20230629,215000,51.25,51.25,51.21,51.21,588,0
BIB.US,5,20230629,215500,51.1099,51.23,51.1099,51.23,555,0
BIB.US,5,20230630,153000,51.54,51.54,51.54,51.54,157,0
BIB.US,5,20230630,153500,51.8824,52.0686,51.8824,52.0686,588,0
BIB.US,5,20230630,154000,51.9001,51.9001,51.9001,51.9001,150,0
BIB.US,5,20230630,161500,52.1499,52.1499,52.1499,52.1499,200,0
BIB.US,5,20230630,165000,51.8399,51.8399,51.8399,51.8399,200,0
BIB.US,5,20230630,165500,51.815,51.815,51.77,51.8001,1200,0
BIB.US,5,20230630,175500,51.89,51.89,51.89,51.89,232,0
BIB.US,5,20230630,183000,52.1831,52.1831,52.1831,52.1831,300,0
BIB.US,5,20230630,185000,52.1099,52.1099,52.1099,52.1099,1000,0
BIB.US,5,20230630,203000,52.25,52.25,52.1873,52.1873,792,0
BIB.US,5,20230630,210000,52.105,52.105,52.105,52.105,500,0
BIB.US,5,20230630,211500,52.0501,52.0501,52.0501,52.0501,100,0
BIB.US,5,20230630,212500,52.0504,52.0504,52.0504,52.0504,100,0
BIB.US,5,20230630,213500,52.03,52.03,52.03,52.03,150,0
BIB.US,5,20230630,214500,51.95,51.95,51.95,51.95,760,0
BIB.US,5,20230703,153000,51.08,51.12,51.08,51.12,727,0
BIB.US,5,20230703,154000,51.2188,51.2188,51.0536,51.0536,650,0
BIB.US,5,20230703,154500,51.2729,51.2729,51.2729,51.2729,100,0
BIB.US,5,20230703,155000,51.215,51.28,51.215,51.28,225,0
BIB.US,5,20230703,155500,51.46,51.46,51.46,51.46,300,0
BIB.US,5,20230703,160500,51.4227,51.58,51.4227,51.58,300,0
BIB.US,5,20230703,161000,51.43,51.43,51.43,51.43,100,0
BIB.US,5,20230703,165000,51.158,51.158,51.158,51.158,150,0
BIB.US,5,20230703,172000,51.055,51.055,51.055,51.055,100,0
BIB.US,5,20230703,174500,51.24,51.24,51.24,51.24,100,0
BIB.US,5,20230703,180000,51.27,51.278,51.26,51.26,300,0
BIB.US,5,20230703,181000,51.255,51.255,51.22,51.22,3799,0
BIB.US,5,20230703,182000,51.29,51.29,51.29,51.29,200,0
BIB.US,5,20230703,183000,51.4,51.46,51.38,51.46,2264,0
BIB.US,5,20230703,185000,51.39,51.39,51.39,51.39,200,0
BIB.US,5,20230703,185500,51.46,51.5,51.46,51.5,200,0
BIB.US,5,20230705,153000,51.51,51.51,51.0701,51.0701,680,0
BIB.US,5,20230705,155000,51.76,51.76,51.75,51.75,900,0
BIB.US,5,20230705,164500,51.351,51.4,51.351,51.4,2100,0
BIB.US,5,20230705,170000,51.575,51.575,51.575,51.575,107,0
BIB.US,5,20230705,174500,51.8643,51.8643,51.8643,51.8643,200,0
BIB.US,5,20230705,175000,51.73,51.73,51.73,51.73,300,0
BIB.US,5,20230705,184500,51.56,51.56,51.56,51.56,100,0
BIB.US,5,20230705,185500,51.645,51.648,51.6392,51.64,1400,0
BIB.US,5,20230705,191500,51.6476,51.6476,51.6476,51.6476,400,0
BIB.US,5,20230705,194000,51.5,51.5,51.5,51.5,125,0
BIB.US,5,20230705,200500,51.65,51.74,51.65,51.74,10100,0
BIB.US,5,20230705,201000,51.69,51.69,51.66,51.67,2500,0
BIB.US,5,20230705,201500,51.56,51.56,51.56,51.56,2641,0
BIB.US,5,20230705,202500,51.55,51.55,51.55,51.55,100,0
BIB.US,5,20230705,203500,51.68,51.68,51.68,51.68,100,0
BIB.US,5,20230705,213500,51.8814,51.8814,51.8814,51.8814,146,0
BIB.US,5,20230705,215500,51.83,51.83,51.83,51.83,222,0
BIB.US,5,20230706,153000,51.42,51.42,50.6,50.6,711,0
BIB.US,5,20230706,153500,50.5599,50.5599,50.2,50.28,993,0
BIB.US,5,20230706,154000,50.49,50.49,50.49,50.49,100,0
BIB.US,5,20230706,154500,50.47,50.47,50.38,50.38,3300,0
BIB.US,5,20230706,155500,50.3,50.3012,50.3,50.3012,200,0
BIB.US,5,20230706,161500,50,50,49.89,49.9,2688,0
BIB.US,5,20230706,163000,49.82,49.82,49.65,49.65,800,0
BIB.US,5,20230706,163500,49.71,49.73,49.71,49.73,883,0
BIB.US,5,20230706,164000,49.869,49.869,49.869,49.869,198,0
BIB.US,5,20230706,170500,50.03,50.03,50.03,50.03,1000,0
BIB.US,5,20230706,171000,49.8901,49.8901,49.8901,49.8901,100,0
BIB.US,5,20230706,174000,50.15,50.17,50.15,50.17,1000,0
BIB.US,5,20230706,174500,50.11,50.11,50.11,50.11,500,0
BIB.US,5,20230706,175000,50.01,50.01,50.01,50.01,100,0
BIB.US,5,20230706,191500,50.3274,50.3274,50.3274,50.3274,367,0
BIB.US,5,20230706,192500,50.33,50.33,50.33,50.33,100,0
BIB.US,5,20230706,203500,50.495,50.495,50.495,50.495,100,0
BIB.US,5,20230706,214500,50.34,50.34,50.34,50.34,192,0
BIB.US,5,20230706,215000,50.34,50.35,50.34,50.35,200,0
BIB.US,5,20230706,215500,50.38,50.38,50.335,50.36,464,0
BIB.US,5,20230707,153000,50.61,50.61,50.25,50.25,1238,0
BIB.US,5,20230707,153500,50.1,50.145,50.036,50.145,850,0
BIB.US,5,20230707,154500,50.0891,50.0891,50.0891,50.0891,100,0
BIB.US,5,20230707,162000,50.22,50.22,50.22,50.22,100,0
BIB.US,5,20230707,164000,50.201,50.201,50.201,50.201,200,0
BIB.US,5,20230707,164500,50.07,50.07,50.07,50.07,704,0
BIB.US,5,20230707,170500,49.82,49.82,49.82,49.82,100,0
BIB.US,5,20230707,174500,49.54,49.54,49.54,49.54,586,0
BIB.US,5,20230707,175000,49.5,49.5,49.5,49.5,340,0
BIB.US,5,20230707,180500,49.5724,49.64,49.5724,49.64,243,0
BIB.US,5,20230707,181000,49.595,49.595,49.595,49.595,107,0
BIB.US,5,20230707,182000,49.68,49.68,49.63,49.63,250,0
BIB.US,5,20230707,182500,49.6786,49.6786,49.6786,49.6786,225,0
BIB.US,5,20230707,185000,49.77,49.77,49.77,49.77,652,0
BIB.US,5,20230707,190500,49.95,49.95,49.95,49.95,1100,0
BIB.US,5,20230707,191000,49.95,49.95,49.95,49.95,168,0
BIB.US,5,20230707,201500,49.8,49.8,49.8,49.8,100,0
BIB.US,5,20230707,205500,49.7,49.7,49.7,49.7,100,0
BIB.US,5,20230707,212500,49.7101,49.7101,49.7101,49.7101,100,0
BIB.US,5,20230707,214000,49.63,49.63,49.63,49.63,100,0
BIB.US,5,20230707,214500,49.55,49.55,49.55,49.55,100,0
BIB.US,5,20230707,215000,49.536,49.54,49.5,49.5,1000,0
BIB.US,5,20230707,215500,49.47,49.52,49.4687,49.52,1261,0
