<TICKER>,<PER>,<DATE>,<TIME>,<OPEN>,<HIGH>,<LOW>,<CLOSE>,<VOL>,<OPENINT>
BJK.US,5,20230522,153000,45.1,45.1,45.1,45.1,424,0
BJK.US,5,20230522,154000,45.4862,45.4862,45.4862,45.4862,1000,0
BJK.US,5,20230522,154500,45.4899,45.4899,45.4899,45.4899,225,0
BJK.US,5,20230522,160000,45.45,45.45,45.45,45.45,100,0
BJK.US,5,20230522,173000,45.43,45.43,45.43,45.43,100,0
BJK.US,5,20230522,175000,45.18,45.4399,45.18,45.4399,578,0
BJK.US,5,20230522,181000,45.44,45.44,45.43,45.43,200,0
BJK.US,5,20230522,181500,45.44,45.44,45.44,45.44,100,0
BJK.US,5,20230522,185500,45.5844,45.5844,45.5844,45.5844,200,0
BJK.US,5,20230522,200500,45.6999,45.6999,45.6999,45.6999,300,0
BJK.US,5,20230522,205000,45.41,45.41,45.41,45.41,1092,0
BJK.US,5,20230522,205500,45.56,45.56,45.56,45.56,100,0
BJK.US,5,20230522,211500,45.49,45.49,45.49,45.49,651,0
BJK.US,5,20230522,214500,45.387,45.387,45.387,45.387,100,0
BJK.US,5,20230522,215500,45.36,45.36,45.36,45.36,123,0
BJK.US,5,20230523,153000,45.09,45.09,45.09,45.09,280,0
BJK.US,5,20230523,162000,44.625,44.625,44.625,44.625,100,0
BJK.US,5,20230523,162500,44.5783,44.5783,44.5783,44.5783,100,0
BJK.US,5,20230523,165000,44.78,44.78,44.78,44.78,100,0
BJK.US,5,20230523,171000,44.76,44.76,44.625,44.625,300,0
BJK.US,5,20230523,171500,44.646,44.73,44.646,44.73,200,0
BJK.US,5,20230523,172000,44.5414,44.5414,44.5414,44.5414,100,0
BJK.US,5,20230523,181000,44.5785,44.5785,44.48,44.48,800,0
BJK.US,5,20230523,182500,44.0626,44.24,44.0626,44.17,460,0
BJK.US,5,20230523,183000,44.15,44.15,44.15,44.15,186,0
BJK.US,5,20230523,185500,44.04,44.04,44.04,44.04,400,0
BJK.US,5,20230523,190000,43.9601,44,43.9601,44,300,0
BJK.US,5,20230523,190500,44.23,44.23,44,44,450,0
BJK.US,5,20230523,193500,43.865,43.865,43.865,43.865,100,0
BJK.US,5,20230523,200500,44.2499,44.2499,44.2499,44.2499,200,0
BJK.US,5,20230523,201000,44.085,44.085,44.085,44.085,450,0
BJK.US,5,20230523,202500,43.84,43.84,43.84,43.84,175,0
BJK.US,5,20230523,203000,43.89,43.89,43.89,43.89,100,0
BJK.US,5,20230523,205500,43.85,43.99,43.85,43.85,413,0
BJK.US,5,20230523,210500,43.995,43.995,43.995,43.995,100,0
BJK.US,5,20230523,211000,43.995,43.995,43.995,43.995,100,0
BJK.US,5,20230523,211500,43.97,43.97,43.97,43.97,200,0
BJK.US,5,20230523,212500,43.905,43.905,43.905,43.905,224,0
BJK.US,5,20230523,215500,43.78,43.781,43.5,43.5,5197,0
BJK.US,5,20230524,153000,43.01,43.01,43.01,43.01,225,0
BJK.US,5,20230524,153500,43.51,43.51,42.9367,43.39,2560,0
BJK.US,5,20230524,154000,43.28,43.28,43.28,43.28,700,0
BJK.US,5,20230524,155000,43,43,43,43,348,0
BJK.US,5,20230524,161500,42.83,42.83,42.83,42.83,1000,0
BJK.US,5,20230524,163500,42.99,43,42.99,43,300,0
BJK.US,5,20230524,170500,42.83,42.83,42.83,42.83,200,0
BJK.US,5,20230524,171500,42.98,42.98,42.98,42.98,100,0
BJK.US,5,20230524,173500,43.15,43.15,43.15,43.15,100,0
BJK.US,5,20230524,175000,43.12,43.12,42.99,42.99,578,0
BJK.US,5,20230524,182500,43.23,43.23,43.23,43.23,100,0
BJK.US,5,20230524,183500,43.19,43.19,43.19,43.19,100,0
BJK.US,5,20230524,185500,43.11,43.11,43.11,43.11,100,0
BJK.US,5,20230524,190000,43.07,43.07,43.07,43.07,100,0
BJK.US,5,20230524,193500,43.7,43.7,43.7,43.7,1439,0
BJK.US,5,20230524,211500,43.12,43.14,43.12,43.14,300,0
BJK.US,5,20230525,155000,43.32,43.371,43.32,43.371,1000,0
BJK.US,5,20230525,155500,43.3401,43.3401,43.3401,43.3401,125,0
BJK.US,5,20230525,161000,43.17,43.4072,43.17,43.4072,301,0
BJK.US,5,20230525,174500,42.74,42.74,42.74,42.74,100,0
BJK.US,5,20230525,175000,42.74,42.74,42.74,42.74,152,0
BJK.US,5,20230525,204500,42.91,43.12,42.7,43.08,4964,0
BJK.US,5,20230525,210000,42.97,42.97,42.97,42.97,100,0
BJK.US,5,20230525,211000,42.7402,42.99,42.7402,42.99,900,0
BJK.US,5,20230525,212500,42.99,42.99,42.96,42.99,1100,0
BJK.US,5,20230526,153000,43.06,43.06,43.06,43.06,444,0
BJK.US,5,20230526,154000,43.12,43.13,43.12,43.13,2330,0
BJK.US,5,20230526,161500,43.3299,43.3299,43.3299,43.3299,100,0
BJK.US,5,20230526,163000,43.225,43.225,43.225,43.225,200,0
BJK.US,5,20230526,164000,43.33,43.33,43.235,43.235,500,0
BJK.US,5,20230526,172000,43.43,43.44,43.43,43.44,200,0
BJK.US,5,20230526,173500,43.285,43.285,43.285,43.285,100,0
BJK.US,5,20230526,174500,43.35,43.35,43.35,43.35,100,0
BJK.US,5,20230526,175000,43.4,43.4,43.4,43.4,100,0
BJK.US,5,20230526,175500,43.39,43.4,43.39,43.4,1833,0
BJK.US,5,20230526,185000,43.3,43.3,43.22,43.3,500,0
BJK.US,5,20230526,192500,43.1301,43.1301,43.1301,43.1301,500,0
BJK.US,5,20230526,203500,43.38,43.38,43.38,43.38,100,0
BJK.US,5,20230526,205000,43.4889,43.4889,43.4889,43.4889,450,0
BJK.US,5,20230526,212000,43.44,43.45,43.44,43.45,220,0
BJK.US,5,20230526,214000,43.3353,43.3353,43.3353,43.3353,275,0
BJK.US,5,20230526,215500,43.09,43.09,43.09,43.09,135,0
BJK.US,5,20230530,153000,43.52,43.52,43.35,43.35,1877,0
BJK.US,5,20230530,155500,43.26,43.26,43.13,43.253,1100,0
BJK.US,5,20230530,161000,43.15,43.38,42.21,42.8,49764,0
BJK.US,5,20230530,161500,42.9,43.1195,42.8737,43.1195,7233,0
BJK.US,5,20230530,165500,42.8471,42.8471,42.8471,42.8471,102,0
BJK.US,5,20230530,170500,42.91,42.91,42.91,42.91,100,0
BJK.US,5,20230530,171000,42.88,42.88,42.88,42.88,100,0
BJK.US,5,20230530,171500,42.85,42.85,42.84,42.84,200,0
BJK.US,5,20230530,172000,42.76,42.76,42.76,42.76,100,0
BJK.US,5,20230530,172500,42.82,42.82,42.82,42.82,100,0
BJK.US,5,20230530,173000,42.815,42.815,42.815,42.815,200,0
BJK.US,5,20230530,173500,42.78,42.78,42.78,42.78,868,0
BJK.US,5,20230530,174500,42.765,42.765,42.73,42.73,200,0
BJK.US,5,20230530,185000,42.82,42.82,42.82,42.82,100,0
BJK.US,5,20230530,193500,42.72,42.73,42.71,42.711,2600,0
BJK.US,5,20230530,194000,42.735,42.735,42.735,42.735,200,0
BJK.US,5,20230530,195000,42.56,42.56,42.56,42.56,125,0
BJK.US,5,20230530,200000,42.7799,42.7799,42.67,42.67,332,0
BJK.US,5,20230530,204000,42.61,42.61,42.61,42.61,300,0
BJK.US,5,20230530,210500,42.865,42.865,42.865,42.865,100,0
BJK.US,5,20230530,213000,42.67,42.67,42.66,42.66,511,0
BJK.US,5,20230530,214000,42.78,42.78,42.78,42.78,108,0
BJK.US,5,20230531,155000,42.92,42.965,42.92,42.965,200,0
BJK.US,5,20230531,160500,42.48,42.55,42.48,42.48,960,0
BJK.US,5,20230531,161000,42.19,42.43,42.02,42.03,14200,0
BJK.US,5,20230531,161500,42.04,42.26,42.02,42.26,50421,0
BJK.US,5,20230531,162500,42.12,42.19,42.02,42.19,2090,0
BJK.US,5,20230531,163000,42.07,42.07,42.07,42.07,100,0
BJK.US,5,20230531,163500,42.085,42.085,42.055,42.055,782,0
BJK.US,5,20230531,164000,42.1999,42.1999,42.1999,42.1999,100,0
BJK.US,5,20230531,170000,42.2,42.2,42.2,42.2,400,0
BJK.US,5,20230531,170500,42.2,42.24,41.68,42.05,51375,0
BJK.US,5,20230531,171000,42.09,42.13,41.895,41.895,2200,0
BJK.US,5,20230531,171500,41.98,41.98,41.98,41.98,100,0
BJK.US,5,20230531,172500,41.995,42.11,41.995,42.11,300,0
BJK.US,5,20230531,173000,42.18,42.18,42.18,42.18,100,0
BJK.US,5,20230531,173500,42.2,42.2,42.2,42.2,100,0
BJK.US,5,20230531,174000,42.2,42.2,42.17,42.17,400,0
BJK.US,5,20230531,175500,42.2399,42.2399,42.2399,42.2399,200,0
BJK.US,5,20230531,180000,42.22,42.23,42.21,42.21,500,0
BJK.US,5,20230531,181000,41.85,41.885,41.85,41.885,250,0
BJK.US,5,20230531,181500,42.21,42.21,42.04,42.04,200,0
BJK.US,5,20230531,182000,42.22,42.25,42.2,42.25,500,0
BJK.US,5,20230531,182500,42.05,42.05,42.05,42.05,100,0
BJK.US,5,20230531,184000,42.24,42.24,42.24,42.24,100,0
BJK.US,5,20230531,191000,42.33,42.33,42.31,42.31,306,0
BJK.US,5,20230531,191500,42.31,42.32,42.31,42.32,200,0
BJK.US,5,20230531,192500,42.31,42.33,42.31,42.33,900,0
BJK.US,5,20230531,193000,42.24,42.24,42.24,42.24,131,0
BJK.US,5,20230531,193500,42.39,42.4,42.39,42.4,215,0
BJK.US,5,20230531,194000,42.3063,42.4,42.3063,42.4,13000,0
BJK.US,5,20230531,194500,42.28,42.28,42.27,42.27,400,0
BJK.US,5,20230531,195000,42.27,42.27,42.27,42.27,200,0
BJK.US,5,20230531,200000,42.27,42.27,42.27,42.27,300,0
BJK.US,5,20230531,201500,42.39,42.66,42.39,42.66,8099,0
BJK.US,5,20230531,205500,42.55,42.55,42.55,42.55,300,0
BJK.US,5,20230531,213500,42.4401,42.4401,42.4401,42.4401,100,0
BJK.US,5,20230601,153000,42.64,42.895,42.46,42.895,5790,0
BJK.US,5,20230601,163000,42.89,42.89,42.89,42.89,115,0
BJK.US,5,20230601,164000,42.87,42.87,42.85,42.85,1033,0
BJK.US,5,20230601,165500,43.04,43.04,43.04,43.04,115,0
BJK.US,5,20230601,175500,43.13,43.13,43.13,43.13,200,0
BJK.US,5,20230601,183000,43.27,43.27,43.26,43.26,7598,0
BJK.US,5,20230601,185500,43.31,43.31,43.31,43.31,900,0
BJK.US,5,20230601,190500,43.633,43.633,43.525,43.525,2649,0
BJK.US,5,20230601,191000,43.39,43.39,43.39,43.39,900,0
BJK.US,5,20230601,192000,43.45,43.45,43.45,43.45,100,0
BJK.US,5,20230601,193000,43.22,43.22,43.22,43.22,100,0
BJK.US,5,20230601,202500,43.265,43.265,43.265,43.265,107,0
BJK.US,5,20230601,203500,43.27,43.27,43.27,43.27,100,0
BJK.US,5,20230601,204000,43.15,43.15,43.13,43.15,725,0
BJK.US,5,20230601,205000,43.275,43.275,43.275,43.275,200,0
BJK.US,5,20230601,205500,43.295,43.295,43.295,43.295,100,0
BJK.US,5,20230601,210000,43.3,43.3,43.3,43.3,700,0
BJK.US,5,20230601,214500,42.94,42.94,42.94,42.94,100,0
BJK.US,5,20230602,153000,43.56,43.56,43.56,43.56,488,0
BJK.US,5,20230602,154000,43.89,43.89,43.89,43.89,165,0
BJK.US,5,20230602,155500,44.19,44.19,44.19,44.19,200,0
BJK.US,5,20230602,160000,43.93,43.93,43.92,43.93,1010,0
BJK.US,5,20230602,165000,43.78,44.1,43.78,44.1,900,0
BJK.US,5,20230602,165500,43.84,43.84,43.84,43.84,100,0
BJK.US,5,20230602,170000,44.11,44.15,44.11,44.14,300,0
BJK.US,5,20230602,171000,44.15,44.15,44.15,44.15,100,0
BJK.US,5,20230602,173500,43.9001,43.9001,43.9001,43.9001,100,0
BJK.US,5,20230602,174000,44.1,44.1,44.1,44.1,700,0
BJK.US,5,20230602,174500,43.88,44.035,43.88,44.035,200,0
BJK.US,5,20230602,175000,44.05,44.05,44.05,44.05,300,0
BJK.US,5,20230602,180500,44.2399,44.2399,44.11,44.11,440,0
BJK.US,5,20230602,181000,44.1,44.11,44.1,44.11,200,0
BJK.US,5,20230602,183000,44.2,44.21,44.2,44.21,200,0
BJK.US,5,20230602,184500,44.27,44.27,44.27,44.27,200,0
BJK.US,5,20230602,185000,44.27,44.27,44.27,44.27,100,0
BJK.US,5,20230602,185500,44.27,44.27,44.27,44.27,100,0
BJK.US,5,20230602,192500,44.58,44.58,44.58,44.58,335,0
BJK.US,5,20230602,193500,44.625,44.625,44.6032,44.6032,355,0
BJK.US,5,20230602,201500,44.525,44.525,44.525,44.525,350,0
BJK.US,5,20230602,205500,44.4,44.4,44.4,44.4,500,0
BJK.US,5,20230602,210000,44.4,44.4,44.4,44.4,431,0
BJK.US,5,20230602,214500,44.4399,44.4399,44.22,44.22,1054,0
BJK.US,5,20230605,153000,44.12,44.12,44.12,44.12,808,0
BJK.US,5,20230605,153500,44.23,44.23,44.23,44.23,400,0
BJK.US,5,20230605,155500,44.23,44.23,44.23,44.23,100,0
BJK.US,5,20230605,161500,44.16,44.17,44.15,44.17,800,0
BJK.US,5,20230605,163000,44.15,44.15,44.15,44.15,888,0
BJK.US,5,20230605,164500,44.06,44.06,44.06,44.06,100,0
BJK.US,5,20230605,170000,43.9625,43.9625,43.9625,43.9625,100,0
BJK.US,5,20230605,171500,43.97,43.97,43.97,43.97,100,0
BJK.US,5,20230605,174500,44.02,44.03,44.02,44.03,300,0
BJK.US,5,20230605,194000,44.1422,44.1422,44.1422,44.1422,171,0
BJK.US,5,20230605,201000,44.16,44.16,44.16,44.16,1746,0
BJK.US,5,20230605,201500,44,44,44,44,100,0
BJK.US,5,20230605,213000,44.01,44.01,44.01,44.01,100,0
BJK.US,5,20230605,214000,44.12,44.12,44.12,44.12,350,0
BJK.US,5,20230605,215500,43.98,43.98,43.98,43.98,159,0
BJK.US,5,20230606,164000,44.06,44.06,44.04,44.04,300,0
BJK.US,5,20230606,171500,44.23,44.23,44.23,44.23,200,0
BJK.US,5,20230606,172000,44.14,44.14,44.14,44.14,272,0
BJK.US,5,20230606,173500,44.3,44.3,44.3,44.3,200,0
BJK.US,5,20230606,181000,44.68,44.68,44.68,44.68,100,0
BJK.US,5,20230606,182500,44.41,44.41,44.39,44.39,200,0
BJK.US,5,20230606,205500,44.39,44.39,44.39,44.39,200,0
BJK.US,5,20230606,213000,44.36,44.36,44.36,44.36,148,0
BJK.US,5,20230606,214500,44.49,44.49,44.49,44.49,100,0
BJK.US,5,20230607,154500,44.865,44.865,44.72,44.72,700,0
BJK.US,5,20230607,160500,44.5501,44.5501,44.5501,44.5501,608,0
BJK.US,5,20230607,161000,44.7989,44.7989,44.7989,44.7989,240,0
BJK.US,5,20230607,163500,44.5,44.5,44.5,44.5,174,0
BJK.US,5,20230607,164500,44.1475,44.1475,44.1475,44.1475,200,0
BJK.US,5,20230607,165000,44.22,44.22,44.22,44.22,100,0
BJK.US,5,20230607,165500,44.21,44.22,44.21,44.22,871,0
BJK.US,5,20230607,193000,43.97,43.9701,43.97,43.9701,652,0
BJK.US,5,20230607,200500,44.23,44.23,44.23,44.23,100,0
BJK.US,5,20230607,212500,44.1201,44.1201,44.1201,44.1201,230,0
BJK.US,5,20230607,215000,44.369,44.37,44.13,44.13,400,0
BJK.US,5,20230607,215500,44.37,44.37,44.15,44.15,6270,0
BJK.US,5,20230608,153500,44.31,44.31,44.3,44.3,800,0
BJK.US,5,20230608,165000,44.29,44.29,44.29,44.29,100,0
BJK.US,5,20230608,181500,44.33,44.33,44.33,44.33,260,0
BJK.US,5,20230608,193000,44.715,44.715,44.715,44.715,100,0
BJK.US,5,20230608,212000,44.64,44.64,44.511,44.511,2655,0
BJK.US,5,20230608,213000,44.18,44.43,44.18,44.43,300,0
BJK.US,5,20230608,214000,44.34,44.34,44.34,44.34,700,0
BJK.US,5,20230609,153000,44.47,44.47,44.47,44.47,251,0
BJK.US,5,20230609,154000,44.7083,44.7083,44.7083,44.7083,100,0
BJK.US,5,20230609,160000,44.745,44.745,44.745,44.745,325,0
BJK.US,5,20230609,161000,44.5628,44.5628,44.5628,44.5628,375,0
BJK.US,5,20230609,162500,44.84,44.84,44.84,44.84,200,0
BJK.US,5,20230609,164500,44.58,44.58,44.58,44.58,270,0
BJK.US,5,20230609,170500,44.62,44.63,44.62,44.63,200,0
BJK.US,5,20230609,172000,44.57,44.57,44.57,44.57,100,0
BJK.US,5,20230609,172500,44.52,44.52,44.49,44.49,200,0
BJK.US,5,20230609,175500,44.25,44.25,44.25,44.25,100,0
BJK.US,5,20230609,201000,44.44,44.44,44.44,44.44,100,0
BJK.US,5,20230609,205500,44.44,44.44,44.44,44.44,100,0
BJK.US,5,20230609,211500,44.44,44.44,44.44,44.44,100,0
BJK.US,5,20230609,215500,44.38,44.44,44.38,44.44,500,0
BJK.US,5,20230612,153000,44.48,44.48,44.48,44.48,174,0
BJK.US,5,20230612,153500,44.755,44.755,44.755,44.755,108,0
BJK.US,5,20230612,162000,44.48,44.48,44.41,44.41,200,0
BJK.US,5,20230612,162500,44.395,44.4775,44.395,44.4775,400,0
BJK.US,5,20230612,165500,44.7,44.7,44.7,44.7,168,0
BJK.US,5,20230612,170000,44.6901,44.6901,44.6901,44.6901,108,0
BJK.US,5,20230612,174000,44.7,44.7,44.7,44.7,556,0
BJK.US,5,20230612,175000,44.57,44.57,44.57,44.57,38025,0
BJK.US,5,20230612,183000,44.6,44.6,44.52,44.53,2318,0
BJK.US,5,20230612,195000,44.54,44.54,44.54,44.54,1954,0
BJK.US,5,20230612,201500,44.7887,44.7887,44.7887,44.7887,215,0
BJK.US,5,20230612,204500,44.5,44.5,44.5,44.5,600,0
BJK.US,5,20230612,211000,44.755,44.755,44.755,44.755,380,0
BJK.US,5,20230612,215000,44.9,44.9,44.9,44.9,100,0
BJK.US,5,20230612,215500,44.9,44.9,44.9,44.9,111,0
BJK.US,5,20230613,153000,45.06,45.2473,45.06,45.2473,1624,0
BJK.US,5,20230613,155500,45.53,45.53,45.53,45.53,100,0
BJK.US,5,20230613,170500,45.27,45.27,45.27,45.27,500,0
BJK.US,5,20230613,171500,45.27,45.27,45.27,45.27,470,0
BJK.US,5,20230613,205500,45.255,45.255,45.255,45.255,100,0
BJK.US,5,20230613,215500,45.42,45.42,45.42,45.42,222,0
BJK.US,5,20230614,153000,45.22,45.22,45.22,45.22,500,0
BJK.US,5,20230614,162500,45.44,45.44,45.44,45.44,100,0
BJK.US,5,20230614,163500,45.3125,45.3125,45.3125,45.3125,100,0
BJK.US,5,20230614,170500,45.3325,45.3325,45.3325,45.3325,100,0
BJK.US,5,20230614,180000,45.35,45.35,45.35,45.35,185,0
BJK.US,5,20230614,183500,45.44,45.44,45.44,45.44,110,0
BJK.US,5,20230614,192000,45.26,45.26,45.26,45.26,100,0
BJK.US,5,20230614,195000,45.244,45.244,45.244,45.244,173,0
BJK.US,5,20230614,202500,44.805,44.805,44.805,44.805,1000,0
BJK.US,5,20230614,203500,44.94,44.94,44.94,44.94,100,0
BJK.US,5,20230614,205500,45.45,45.45,45.44,45.45,300,0
BJK.US,5,20230614,215500,44.985,44.985,44.985,44.985,100,0
BJK.US,5,20230615,154000,45.16,45.232,45.16,45.232,885,0
BJK.US,5,20230615,163000,45.15,45.15,45.15,45.15,700,0
BJK.US,5,20230615,184500,45.2499,45.25,45.2499,45.25,500,0
BJK.US,5,20230615,194500,45.24,45.25,45.24,45.25,400,0
BJK.US,5,20230615,195500,45.4027,45.4027,45.4027,45.4027,120,0
BJK.US,5,20230615,211500,45.24,45.24,45.24,45.24,100,0
BJK.US,5,20230615,214000,45.2,45.2,45.2,45.2,300,0
BJK.US,5,20230615,214500,45.4099,45.4099,45.4099,45.4099,204,0
BJK.US,5,20230616,160500,45.79,45.79,45.79,45.79,134,0
BJK.US,5,20230616,163000,45.5001,45.5001,45.5001,45.5001,127,0
BJK.US,5,20230616,165000,45.41,45.41,45.41,45.41,200,0
BJK.US,5,20230616,173000,45.36,45.36,45.36,45.36,300,0
BJK.US,5,20230616,173500,45.36,45.36,45.36,45.36,100,0
BJK.US,5,20230616,203000,45.46,45.46,45.46,45.46,105,0
BJK.US,5,20230616,205500,45.45,45.45,44.765,45.1,1076,0
BJK.US,5,20230616,211000,45.091,45.101,44.99,44.99,999,0
BJK.US,5,20230616,212500,45.25,45.25,45.25,45.25,1100,0
BJK.US,5,20230616,214500,45.25,45.25,45.25,45.25,100,0
BJK.US,5,20230620,154500,45.18,45.18,45.05,45.14,2600,0
BJK.US,5,20230620,155000,45.12,45.14,45.12,45.14,900,0
BJK.US,5,20230620,155500,45.43,45.49,45.16,45.16,2100,0
BJK.US,5,20230620,160000,45.0896,45.0896,44.96,44.96,900,0
BJK.US,5,20230620,164500,44.68,44.75,44.5625,44.5625,600,0
BJK.US,5,20230620,165000,44.55,44.55,44.55,44.55,100,0
BJK.US,5,20230620,173000,44.835,44.841,44.83,44.831,3300,0
BJK.US,5,20230620,173500,44.83,44.84,44.83,44.83,300,0
BJK.US,5,20230620,174500,44.83,44.94,44.83,44.83,600,0
BJK.US,5,20230620,181000,44.83,44.83,44.83,44.83,489,0
BJK.US,5,20230620,182500,45.02,45.03,45.02,45.03,800,0
BJK.US,5,20230620,183000,45.1303,45.1303,45.1303,45.1303,335,0
BJK.US,5,20230620,185000,44.98,44.98,44.98,44.98,100,0
BJK.US,5,20230620,185500,45.0999,45.1,45.0999,45.1,800,0
BJK.US,5,20230620,191500,45.12,45.12,45.09,45.09,200,0
BJK.US,5,20230620,192000,45.09,45.09,45.09,45.09,100,0
BJK.US,5,20230620,192500,45.09,45.09,45.09,45.09,477,0
BJK.US,5,20230620,193500,45.22,45.22,45.22,45.22,160,0
BJK.US,5,20230620,201000,45.35,45.36,45.35,45.36,337,0
BJK.US,5,20230620,201500,45.4799,45.4799,45.4799,45.4799,110,0
BJK.US,5,20230620,202500,45.35,45.35,45.35,45.35,700,0
BJK.US,5,20230620,204000,45.26,45.26,45.14,45.14,1141,0
BJK.US,5,20230620,204500,45.04,45.04,45.04,45.04,200,0
BJK.US,5,20230620,212000,45.095,45.095,45.095,45.095,200,0
BJK.US,5,20230620,214500,45.16,45.16,45.15,45.15,800,0
BJK.US,5,20230621,153000,45.42,45.57,45.42,45.57,614,0
BJK.US,5,20230621,153500,45.17,45.17,45.17,45.17,439,0
BJK.US,5,20230621,155500,45.26,45.26,45.26,45.26,290,0
BJK.US,5,20230621,160000,45.255,45.26,44.871,45.1932,4255,0
BJK.US,5,20230621,160500,44.88,44.88,44.74,44.74,2310,0
BJK.US,5,20230621,161000,44.82,44.82,44.82,44.82,6240,0
BJK.US,5,20230621,161500,44.94,44.94,44.94,44.94,700,0
BJK.US,5,20230621,162000,44.9386,44.9386,44.9386,44.9386,120,0
BJK.US,5,20230621,163500,45.09,45.09,45.09,45.09,254,0
BJK.US,5,20230621,164000,44.82,44.98,44.82,44.98,478586,0
BJK.US,5,20230621,171000,44.9,44.9,44.9,44.9,451,0
BJK.US,5,20230621,171500,44.9,44.9,44.7801,44.8892,896,0
BJK.US,5,20230622,153000,44.19,44.55,44.19,44.55,1096,0
BJK.US,5,20230622,160000,44.66,44.76,44.49,44.548,1760,0
BJK.US,5,20230622,191000,44.475,44.48,44.33,44.33,1000,0
BJK.US,5,20230622,213000,44.4,44.4,44.4,44.4,109,0
BJK.US,5,20230622,214500,44.425,44.425,44.425,44.425,112,0
BJK.US,5,20230622,215000,44.29,44.29,44.29,44.29,900,0
BJK.US,5,20230623,153000,44,44,44,44,107,0
BJK.US,5,20230623,171500,43.8,43.8,43.8,43.8,100,0
BJK.US,5,20230623,183000,43.9,43.9,43.86,43.86,200,0
BJK.US,5,20230623,200000,43.982,43.982,43.982,43.982,100,0
BJK.US,5,20230623,203000,43.82,43.82,43.82,43.82,138,0
BJK.US,5,20230623,204500,43.8215,43.8215,43.8215,43.8215,206,0
BJK.US,5,20230623,212000,43.7,43.7,43.7,43.7,221,0
BJK.US,5,20230623,214000,43.6901,43.6901,43.6901,43.6901,200,0
BJK.US,5,20230626,154500,44.04,44.04,44.04,44.04,850,0
BJK.US,5,20230626,155500,44.08,44.0801,44.08,44.0801,400,0
BJK.US,5,20230626,160500,44.14,44.14,44.14,44.14,303,0
BJK.US,5,20230626,185500,44.005,44.005,44.005,44.005,100,0
BJK.US,5,20230626,202000,44.147,44.147,43.9,44.02,4297,0
BJK.US,5,20230626,214000,44.02,44.02,44.02,44.02,200,0
BJK.US,5,20230627,161500,43.8301,43.8301,43.8301,43.8301,438,0
BJK.US,5,20230627,190000,44.16,44.16,44.16,44.16,500,0
BJK.US,5,20230627,191000,44.155,44.155,44.14,44.15,600,0
BJK.US,5,20230627,205000,44.3872,44.3872,44.3872,44.3872,182,0
BJK.US,5,20230627,211000,44.2,44.2,44.2,44.2,1200,0
BJK.US,5,20230628,153000,44.21,44.21,44.21,44.21,195,0
BJK.US,5,20230628,163500,44.52,44.52,44.52,44.52,100,0
BJK.US,5,20230628,172500,44.25,44.25,44.25,44.25,400,0
BJK.US,5,20230628,185000,44.35,44.35,44.35,44.35,100,0
BJK.US,5,20230628,185500,44.24,44.24,44.24,44.24,220,0
BJK.US,5,20230628,190500,44.25,44.25,44.17,44.17,397,0
BJK.US,5,20230628,191500,44.145,44.145,44.131,44.14,410,0
BJK.US,5,20230628,201000,44.2101,44.2101,44.2101,44.2101,167,0
BJK.US,5,20230628,203000,44.4603,44.4603,44.4603,44.4603,1613,0
BJK.US,5,20230628,203500,44.28,44.28,44.28,44.28,120,0
BJK.US,5,20230628,210000,44.43,44.43,44.43,44.43,100,0
BJK.US,5,20230628,211000,44.39,44.42,44.39,44.42,300,0
BJK.US,5,20230628,213500,44.192,44.192,44.192,44.192,2270,0
BJK.US,5,20230628,214000,44.28,44.28,44.28,44.28,100,0
BJK.US,5,20230629,153000,43.929,43.929,43.929,43.929,102,0
BJK.US,5,20230629,164500,44.06,44.06,44.06,44.06,100,0
BJK.US,5,20230629,165500,44.2058,44.2058,44.2058,44.2058,500,0
BJK.US,5,20230629,173000,44.37,44.37,44.37,44.37,100,0
BJK.US,5,20230629,181500,44.44,44.46,44.44,44.46,700,0
BJK.US,5,20230629,190000,44.38,44.38,44.38,44.38,771,0
BJK.US,5,20230629,192000,44.322,44.322,44.322,44.322,200,0
BJK.US,5,20230629,201000,44.33,44.33,44.33,44.33,273,0
BJK.US,5,20230629,212000,44.3,44.3,44.3,44.3,100,0
BJK.US,5,20230630,153000,44.45,44.45,44.42,44.42,307,0
BJK.US,5,20230630,154000,44.3301,44.48,44.33,44.43,2493,0
BJK.US,5,20230630,154500,44.47,44.47,44.47,44.47,100,0
BJK.US,5,20230630,155500,44.56,44.56,44.56,44.56,300,0
BJK.US,5,20230630,185000,44.71,44.71,44.71,44.71,100,0
BJK.US,5,20230630,192000,44.8499,44.8499,44.8499,44.8499,100,0
BJK.US,5,20230630,193500,44.8,44.8,44.8,44.8,177,0
BJK.US,5,20230630,202500,44.7366,44.7366,44.7366,44.7366,239,0
BJK.US,5,20230630,205000,44.7,44.7,44.7,44.7,100,0
BJK.US,5,20230703,153000,45.32,45.32,45.19,45.1901,3187,0
BJK.US,5,20230703,153500,45.1901,45.1901,45.19,45.19,309,0
BJK.US,5,20230703,155000,45.01,45.01,45.01,45.01,550,0
BJK.US,5,20230703,160000,44.91,44.93,44.91,44.93,1794,0
BJK.US,5,20230703,161500,44.92,44.92,44.92,44.92,100,0
BJK.US,5,20230703,162000,44.92,44.92,44.92,44.92,200,0
BJK.US,5,20230703,175000,45.108,45.34,45.108,45.34,1584,0
BJK.US,5,20230703,180000,45.09,45.09,45.09,45.09,100,0
BJK.US,5,20230703,183000,45.05,45.05,45.03,45.03,200,0
BJK.US,5,20230703,183500,45.05,45.05,45.05,45.05,200,0
BJK.US,5,20230703,184500,44.9501,45.0449,44.9501,45.0449,274,0
BJK.US,5,20230705,153000,44.97,44.97,44.97,44.97,198,0
BJK.US,5,20230705,162000,44.265,44.265,44.265,44.265,461,0
BJK.US,5,20230705,163000,44.15,44.28,44.15,44.28,1000,0
BJK.US,5,20230705,163500,44.34,44.34,44.34,44.34,111,0
BJK.US,5,20230705,170500,43.985,43.985,43.985,43.985,100,0
BJK.US,5,20230705,171000,44.47,44.48,44.47,44.48,400,0
BJK.US,5,20230705,173500,44.31,44.31,44.31,44.31,379,0
BJK.US,5,20230705,180000,44.24,44.24,44.24,44.24,100,0
BJK.US,5,20230705,180500,44.24,44.24,44.24,44.24,100,0
BJK.US,5,20230705,181500,44.34,44.34,44.34,44.34,100,0
BJK.US,5,20230705,191500,44.0717,44.0717,44.0717,44.0717,508,0
BJK.US,5,20230705,200000,44.02,44.02,44.02,44.02,100,0
BJK.US,5,20230705,200500,44.07,44.07,44.07,44.07,100,0
BJK.US,5,20230705,210500,44.15,44.15,44.15,44.15,100,0
BJK.US,5,20230705,214500,44.19,44.19,44.19,44.19,200,0
BJK.US,5,20230706,153000,43.17,43.22,42.71,43.22,635,0
BJK.US,5,20230706,161500,42.8244,42.8244,42.8244,42.8244,100,0
BJK.US,5,20230706,164500,42.685,42.685,42.685,42.685,300,0
BJK.US,5,20230706,181500,42.71,42.71,42.71,42.71,164,0
BJK.US,5,20230706,191000,42.9599,42.9599,42.9599,42.9599,375,0
BJK.US,5,20230706,193000,42.94,42.95,42.94,42.95,272,0
BJK.US,5,20230706,202500,42.78,42.78,42.78,42.78,100,0
BJK.US,5,20230707,162500,43.35,43.35,43.35,43.35,178,0
BJK.US,5,20230707,174500,43.35,43.35,43.35,43.35,600,0
BJK.US,5,20230707,200000,43.64,43.64,43.64,43.64,100,0
BJK.US,5,20230707,201000,43.64,43.64,43.64,43.64,350,0
BJK.US,5,20230707,201500,43.83,43.83,43.83,43.83,100,0
BJK.US,5,20230707,202500,43.8399,43.8399,43.8399,43.8399,150,0
BJK.US,5,20230707,210000,43.82,44.12,43.73,43.9525,17465,0
BJK.US,5,20230707,211500,44.04,44.04,43.96,43.97,516,0
