<TICKER>,<PER>,<DATE>,<TIME>,<OPEN>,<HIGH>,<LOW>,<CLOSE>,<VOL>,<OPENINT>
BKCH.US,5,20230522,153000,24.25,24.25,23.98,24.13,1012,0
BKCH.US,5,20230522,153500,24.15,24.18,24.15,24.17,873,0
BKCH.US,5,20230522,154000,24.26,24.37,24.26,24.37,2074,0
BKCH.US,5,20230522,161000,24.13,24.15,24.13,24.15,300,0
BKCH.US,5,20230522,161500,24.33,24.33,24.27,24.27,980,0
BKCH.US,5,20230522,162000,24.29,24.34,24.205,24.205,1225,0
BKCH.US,5,20230522,163500,24.44,24.44,24.44,24.44,196,0
BKCH.US,5,20230522,173500,24.46,24.46,24.46,24.46,123,0
BKCH.US,5,20230522,175500,24.72,24.72,24.72,24.72,763,0
BKCH.US,5,20230522,181500,24.91,24.91,24.88,24.88,700,0
BKCH.US,5,20230522,182000,24.83,24.83,24.83,24.83,200,0
BKCH.US,5,20230522,182500,24.79,24.79,24.79,24.79,200,0
BKCH.US,5,20230522,190500,25.09,25.09,25.09,25.09,160,0
BKCH.US,5,20230522,192500,25.04,25.04,25.04,25.04,200,0
BKCH.US,5,20230522,200500,25.1317,25.1317,25.1001,25.1001,440,0
BKCH.US,5,20230522,202500,25.092,25.092,25.092,25.092,286,0
BKCH.US,5,20230522,203000,25.11,25.11,25.11,25.11,100,0
BKCH.US,5,20230522,203500,25.14,25.15,25.14,25.15,800,0
BKCH.US,5,20230522,210500,25.2,25.2,25.2,25.2,180,0
BKCH.US,5,20230522,212000,25.131,25.131,25.131,25.131,422,0
BKCH.US,5,20230522,212500,25.098,25.098,25.098,25.098,500,0
BKCH.US,5,20230522,213000,25.1799,25.1799,25.1799,25.1799,100,0
BKCH.US,5,20230522,214000,25.17,25.17,25.17,25.17,100,0
BKCH.US,5,20230522,215000,25.11,25.11,25.11,25.11,300,0
BKCH.US,5,20230523,153000,25.3,25.3,25.3,25.3,345,0
BKCH.US,5,20230523,155500,25.99,26,25.92,25.92,955,0
BKCH.US,5,20230523,160000,25.94,25.94,25.93,25.93,875,0
BKCH.US,5,20230523,160500,26,26,26,26,400,0
BKCH.US,5,20230523,161000,25.95,25.95,25.95,25.95,760,0
BKCH.US,5,20230523,161500,26.01,26.02,26.01,26.02,319,0
BKCH.US,5,20230523,162000,26,26,26,26,268,0
BKCH.US,5,20230523,163000,25.58,25.58,25.58,25.58,100,0
BKCH.US,5,20230523,163500,25.705,25.705,25.705,25.705,219,0
BKCH.US,5,20230523,164000,25.73,25.73,25.73,25.73,200,0
BKCH.US,5,20230523,164500,25.737,25.737,25.73,25.73,574,0
BKCH.US,5,20230523,165000,25.73,25.73,25.73,25.73,100,0
BKCH.US,5,20230523,173500,25.7716,25.7716,25.67,25.67,620,0
BKCH.US,5,20230523,175000,25.42,25.4299,25.42,25.4299,300,0
BKCH.US,5,20230523,180000,25.55,25.55,25.55,25.55,100,0
BKCH.US,5,20230523,181000,25.41,25.41,25.41,25.41,100,0
BKCH.US,5,20230523,182000,25.42,25.42,25.42,25.42,100,0
BKCH.US,5,20230523,183000,25.3,25.3,25.19,25.19,320,0
BKCH.US,5,20230523,183500,25.1,25.11,25.005,25.05,600,0
BKCH.US,5,20230523,190000,25.01,25.01,24.8601,24.8601,540,0
BKCH.US,5,20230523,192500,24.8823,24.8823,24.76,24.77,2240,0
BKCH.US,5,20230523,193000,24.83,24.84,24.83,24.84,925,0
BKCH.US,5,20230523,194000,24.81,24.82,24.81,24.82,232,0
BKCH.US,5,20230523,195000,24.75,24.75,24.75,24.75,351,0
BKCH.US,5,20230523,202000,24.53,24.55,24.53,24.55,1016,0
BKCH.US,5,20230523,205500,24.4899,24.4899,24.4899,24.4899,2500,0
BKCH.US,5,20230523,210000,24.475,24.49,24.475,24.485,850,0
BKCH.US,5,20230523,210500,24.47,24.47,24.47,24.47,100,0
BKCH.US,5,20230523,214000,24.62,24.62,24.62,24.62,259,0
BKCH.US,5,20230523,214500,24.51,24.51,24.51,24.51,200,0
BKCH.US,5,20230523,215500,24.55,24.55,24.42,24.52,1300,0
BKCH.US,5,20230524,153000,24.12,24.12,24.08,24.1,3708,0
BKCH.US,5,20230524,153500,24.42,24.42,24.3,24.3,290,0
BKCH.US,5,20230524,154000,24.37,24.37,24.37,24.37,200,0
BKCH.US,5,20230524,154500,24.04,24.04,23.98,24.0124,3000,0
BKCH.US,5,20230524,155000,23.74,23.765,23.74,23.765,2000,0
BKCH.US,5,20230524,161000,23.65,23.67,23.63,23.67,500,0
BKCH.US,5,20230524,161500,23.7,23.7,23.67,23.67,200,0
BKCH.US,5,20230524,163000,23.49,23.49,23.49,23.49,100,0
BKCH.US,5,20230524,163500,23.64,23.64,23.64,23.64,212,0
BKCH.US,5,20230524,164500,23.5908,23.5908,23.5908,23.5908,160,0
BKCH.US,5,20230524,170000,23.51,23.54,23.51,23.54,252,0
BKCH.US,5,20230524,170500,23.54,23.54,23.54,23.54,400,0
BKCH.US,5,20230524,171000,23.58,23.58,23.58,23.58,193,0
BKCH.US,5,20230524,175000,24.0709,24.0709,24.0709,24.0709,291,0
BKCH.US,5,20230524,180500,24.32,24.3483,24.32,24.3483,665,0
BKCH.US,5,20230524,190000,24.15,24.15,24.15,24.15,100,0
BKCH.US,5,20230524,200000,24.27,24.27,24.18,24.22,878,0
BKCH.US,5,20230524,201000,24.185,24.185,24.185,24.185,100,0
BKCH.US,5,20230524,211500,24.42,24.42,24.42,24.42,100,0
BKCH.US,5,20230524,212000,24.5,24.5,24.5,24.5,1000,0
BKCH.US,5,20230524,214500,24.6116,24.6116,24.6116,24.6116,926,0
BKCH.US,5,20230524,215500,24.38,24.38,24.38,24.38,179,0
BKCH.US,5,20230525,153000,25.11,25.11,25.11,25.11,107,0
BKCH.US,5,20230525,153500,24.88,24.88,24.88,24.88,200,0
BKCH.US,5,20230525,154000,24.5,24.5,24.5,24.5,966,0
BKCH.US,5,20230525,154500,24.4599,24.4599,24.4599,24.4599,150,0
BKCH.US,5,20230525,155500,24.35,24.35,24.3402,24.3402,200,0
BKCH.US,5,20230525,160000,24.37,24.37,24.37,24.37,100,0
BKCH.US,5,20230525,172000,23.85,23.85,23.85,23.85,250,0
BKCH.US,5,20230525,182500,23.7444,23.7444,23.7444,23.7444,100,0
BKCH.US,5,20230525,183500,23.6,23.6,23.6,23.6,211,0
BKCH.US,5,20230525,192000,23.69,23.69,23.69,23.69,300,0
BKCH.US,5,20230525,194500,23.94,23.94,23.94,23.94,100,0
BKCH.US,5,20230525,200000,23.96,23.96,23.96,23.96,200,0
BKCH.US,5,20230525,202500,23.97,23.97,23.97,23.97,100,0
BKCH.US,5,20230525,205000,23.835,23.835,23.835,23.835,157,0
BKCH.US,5,20230525,213000,24.14,24.14,24.14,24.14,100,0
BKCH.US,5,20230525,215000,24.1699,24.1699,24.1699,24.1699,128,0
BKCH.US,5,20230525,215500,24.03,24.03,24.03,24.03,146,0
BKCH.US,5,20230526,153000,24.28,24.28,24.23,24.23,461,0
BKCH.US,5,20230526,154000,24.28,24.28,24.26,24.26,300,0
BKCH.US,5,20230526,155000,24.14,24.14,24.14,24.14,800,0
BKCH.US,5,20230526,161000,24.49,24.49,24.49,24.49,113,0
BKCH.US,5,20230526,164000,24.88,24.917,24.86,24.86,700,0
BKCH.US,5,20230526,165000,24.8991,24.8991,24.8991,24.8991,138,0
BKCH.US,5,20230526,170500,24.77,24.77,24.77,24.77,300,0
BKCH.US,5,20230526,171500,24.55,24.55,24.55,24.55,188,0
BKCH.US,5,20230526,180500,24.215,24.215,24.215,24.215,408,0
BKCH.US,5,20230526,182000,24.2472,24.2472,24.2155,24.2155,705,0
BKCH.US,5,20230526,190000,24.2501,24.2501,24.2501,24.2501,100,0
BKCH.US,5,20230526,191000,24.38,24.38,24.38,24.38,2520,0
BKCH.US,5,20230526,201000,23.84,23.84,23.84,23.84,1886,0
BKCH.US,5,20230526,202000,23.8399,23.8501,23.8399,23.8501,1664,0
BKCH.US,5,20230526,202500,23.89,23.89,23.89,23.89,200,0
BKCH.US,5,20230526,203000,23.86,23.86,23.86,23.86,700,0
BKCH.US,5,20230526,211500,24.2,24.31,24.2,24.31,2000,0
BKCH.US,5,20230526,213000,24.03,24.03,24.03,24.03,100,0
BKCH.US,5,20230530,153000,24.95,25.52,24.95,25.45,1270,0
BKCH.US,5,20230530,153500,25.77,26.03,25.77,26.03,2539,0
BKCH.US,5,20230530,154000,25.88,26.07,25.88,26.02,594,0
BKCH.US,5,20230530,154500,26.07,26.18,26,26.18,800,0
BKCH.US,5,20230530,155000,26.116,26.116,25.77,25.77,300,0
BKCH.US,5,20230530,155500,25.6515,25.6515,25.6515,25.6515,500,0
BKCH.US,5,20230530,160000,25.35,25.35,25.3,25.35,700,0
BKCH.US,5,20230530,160500,25.43,25.7,25.43,25.7,2045,0
BKCH.US,5,20230530,161000,25.69,25.69,25.69,25.69,100,0
BKCH.US,5,20230530,161500,25.7,25.94,25.7,25.94,1400,0
BKCH.US,5,20230530,162000,25.95,26.01,25.95,26.01,1400,0
BKCH.US,5,20230530,162500,26,26,25.7,25.7,2225,0
BKCH.US,5,20230530,164000,25.55,25.55,25.55,25.55,100,0
BKCH.US,5,20230530,171500,25.6,25.6643,25.5741,25.6643,520,0
BKCH.US,5,20230530,172000,25.55,25.56,25.55,25.56,500,0
BKCH.US,5,20230530,172500,25.31,25.31,25.31,25.31,650,0
BKCH.US,5,20230530,173000,25.35,25.35,25.35,25.35,206,0
BKCH.US,5,20230530,173500,25.58,25.58,25.48,25.48,200,0
BKCH.US,5,20230530,174000,25.69,25.7,25.69,25.7,500,0
BKCH.US,5,20230530,174500,25.48,25.48,25.48,25.48,100,0
BKCH.US,5,20230530,180000,25.435,25.435,25.435,25.435,250,0
BKCH.US,5,20230530,182000,25.23,25.23,25.23,25.23,150,0
BKCH.US,5,20230530,183000,25.2068,25.2068,25.2068,25.2068,159,0
BKCH.US,5,20230530,183500,25.2,25.2,25.2,25.2,100,0
BKCH.US,5,20230530,184000,25.11,25.11,25.11,25.11,400,0
BKCH.US,5,20230530,185000,25.255,25.255,25.255,25.255,100,0
BKCH.US,5,20230530,200000,25.2,25.2,25.2,25.2,100,0
BKCH.US,5,20230530,212500,25.4831,25.4831,25.4831,25.4831,875,0
BKCH.US,5,20230530,215000,25.6999,25.6999,25.6999,25.6999,400,0
BKCH.US,5,20230530,215500,25.62,25.62,25.62,25.62,224,0
BKCH.US,5,20230531,153000,25.14,25.14,24.98,24.98,1160,0
BKCH.US,5,20230531,153500,24.9,24.96,24.79,24.96,3748,0
BKCH.US,5,20230531,154500,25.2265,25.2265,24.97,24.97,2050,0
BKCH.US,5,20230531,161000,24.84,24.84,24.84,24.84,500,0
BKCH.US,5,20230531,161500,24.61,24.61,24.57,24.57,500,0
BKCH.US,5,20230531,162000,24.685,24.7285,24.61,24.7285,2800,0
BKCH.US,5,20230531,162500,24.63,24.63,24.63,24.63,100,0
BKCH.US,5,20230531,163000,24.74,24.9274,24.74,24.9274,1100,0
BKCH.US,5,20230531,164500,25.05,25.05,25.05,25.05,100,0
BKCH.US,5,20230531,165000,25.02,25.02,25.02,25.02,100,0
BKCH.US,5,20230531,170000,24.82,24.82,24.82,24.82,200,0
BKCH.US,5,20230531,172000,24.7673,24.7673,24.7673,24.7673,500,0
BKCH.US,5,20230531,174000,24.845,24.845,24.845,24.845,135,0
BKCH.US,5,20230531,175500,24.96,24.96,24.96,24.96,200,0
BKCH.US,5,20230531,181000,24.996,24.996,24.996,24.996,102,0
BKCH.US,5,20230531,190500,25,25,25,25,200,0
BKCH.US,5,20230531,194000,25.3,25.3,25.3,25.3,109,0
BKCH.US,5,20230531,195500,25.37,25.48,25.37,25.48,580,0
BKCH.US,5,20230531,200000,25.37,25.37,25.37,25.37,200,0
BKCH.US,5,20230531,203500,25.4999,25.5,25.4999,25.5,230,0
BKCH.US,5,20230531,214500,25.6217,25.69,25.6217,25.69,350,0
BKCH.US,5,20230531,215500,25.63,25.63,25.63,25.63,322,0
BKCH.US,5,20230601,153000,25.75,25.75,25.75,25.75,200,0
BKCH.US,5,20230601,153500,25.56,25.57,25.56,25.57,200,0
BKCH.US,5,20230601,154000,25.57,25.6,25.54,25.6,347,0
BKCH.US,5,20230601,155000,25.37,25.38,25.35,25.3799,3506,0
BKCH.US,5,20230601,155500,25.554,25.56,25.554,25.5599,1700,0
BKCH.US,5,20230601,160000,25.575,25.6896,25.46,25.6896,900,0
BKCH.US,5,20230601,162000,25.78,25.78,25.57,25.57,395,0
BKCH.US,5,20230601,165500,25.8321,25.8321,25.8321,25.8321,200,0
BKCH.US,5,20230601,170000,25.83,25.85,25.83,25.85,478,0
BKCH.US,5,20230601,172000,25.919,26,25.91,26,400,0
BKCH.US,5,20230601,172500,26,26,26,26,500,0
BKCH.US,5,20230601,173000,26.01,26.03,26.01,26.03,1798,0
BKCH.US,5,20230601,173500,26.24,26.24,26.24,26.24,380,0
BKCH.US,5,20230601,180500,26,26,26,26,100,0
BKCH.US,5,20230601,181500,26.14,26.14,26.05,26.05,700,0
BKCH.US,5,20230601,182000,26.2,26.2,26.2,26.2,150,0
BKCH.US,5,20230601,183000,26.26,26.26,26.21,26.21,800,0
BKCH.US,5,20230601,183500,26.17,26.18,26.17,26.17,400,0
BKCH.US,5,20230601,184000,26.11,26.11,26.11,26.11,200,0
BKCH.US,5,20230601,185000,26.25,26.26,26.25,26.26,200,0
BKCH.US,5,20230601,210000,26.4101,26.4101,26.4101,26.4101,523,0
BKCH.US,5,20230601,211000,26.55,26.55,26.55,26.55,200,0
BKCH.US,5,20230601,211500,26.58,26.58,26.58,26.58,100,0
BKCH.US,5,20230601,212000,26.5943,26.6026,26.5943,26.6026,570,0
BKCH.US,5,20230601,212500,26.37,26.37,26.31,26.31,490,0
BKCH.US,5,20230601,215000,26.105,26.1599,26.105,26.115,1067,0
BKCH.US,5,20230601,215500,26.01,26.01,26.01,26.01,182,0
BKCH.US,5,20230602,153000,26.64,26.6409,26.64,26.6409,931,0
BKCH.US,5,20230602,153500,26.6,26.6,26.546,26.546,480,0
BKCH.US,5,20230602,154500,26.35,26.39,26.28,26.28,1498,0
BKCH.US,5,20230602,155000,26.21,26.21,26.21,26.21,200,0
BKCH.US,5,20230602,160000,25.9,25.97,25.9,25.97,200,0
BKCH.US,5,20230602,161500,25.7986,25.7986,25.7986,25.7986,260,0
BKCH.US,5,20230602,162500,25.8171,25.8171,25.8171,25.8171,256,0
BKCH.US,5,20230602,164500,25.9166,25.9166,25.9166,25.9166,276,0
BKCH.US,5,20230602,171500,25.82,25.86,25.82,25.86,200,0
BKCH.US,5,20230602,172500,25.75,25.75,25.75,25.75,100,0
BKCH.US,5,20230602,174500,25.795,25.795,25.795,25.795,105,0
BKCH.US,5,20230602,181500,25.7473,25.7473,25.7473,25.7473,200,0
BKCH.US,5,20230602,193000,25.9,25.9,25.9,25.9,100,0
BKCH.US,5,20230602,193500,25.81,25.81,25.81,25.81,765,0
BKCH.US,5,20230602,200500,25.6725,25.6725,25.6725,25.6725,175,0
BKCH.US,5,20230602,201500,25.595,25.595,25.595,25.595,165,0
BKCH.US,5,20230602,202000,25.57,25.58,25.56,25.56,5000,0
BKCH.US,5,20230602,205000,25.785,25.785,25.785,25.785,312,0
BKCH.US,5,20230602,211500,25.94,25.9405,25.94,25.9405,255,0
BKCH.US,5,20230602,212500,25.9,25.92,25.85,25.85,4000,0
BKCH.US,5,20230602,213500,26.0699,26.0699,26.0699,26.0699,100,0
BKCH.US,5,20230602,215500,25.93,25.93,25.9,25.9,355,0
BKCH.US,5,20230605,153000,25.6,25.6,25.5,25.5,999,0
BKCH.US,5,20230605,154000,25.67,25.67,25.67,25.67,100,0
BKCH.US,5,20230605,155500,23.5001,23.5001,23.5001,23.5001,250,0
BKCH.US,5,20230605,160000,25.384,25.384,25.384,25.384,118,0
BKCH.US,5,20230605,161000,25.13,25.13,25.09,25.09,690,0
BKCH.US,5,20230605,161500,25.125,25.125,25.0601,25.125,2162,0
BKCH.US,5,20230605,162000,25.0301,25.0301,25.0301,25.0301,125,0
BKCH.US,5,20230605,162500,25.12,25.17,25.12,25.17,700,0
BKCH.US,5,20230605,163000,25.1,25.25,25.1,25.25,380,0
BKCH.US,5,20230605,170000,25.26,25.26,25.26,25.26,119,0
BKCH.US,5,20230605,171000,25.0901,25.1338,25.0901,25.13,300,0
BKCH.US,5,20230605,172500,24.9,24.9,24.85,24.85,4794,0
BKCH.US,5,20230605,173000,24.85,24.85,24.85,24.85,200,0
BKCH.US,5,20230605,173500,24.69,24.69,24.69,24.69,200,0
BKCH.US,5,20230605,182500,24.73,24.74,24.73,24.74,200,0
BKCH.US,5,20230605,183500,24.6673,24.6673,24.6673,24.6673,146,0
BKCH.US,5,20230605,184500,24.5843,24.59,24.57,24.57,809,0
BKCH.US,5,20230605,193500,24.44,24.44,24.44,24.44,100,0
BKCH.US,5,20230605,194000,24.435,24.435,24.435,24.435,205,0
BKCH.US,5,20230605,194500,24.58,24.58,24.58,24.58,120,0
BKCH.US,5,20230605,200000,24.55,24.55,24.53,24.53,200,0
BKCH.US,5,20230605,200500,24.49,24.51,24.49,24.51,268,0
BKCH.US,5,20230605,202500,24.4394,24.4394,24.4394,24.4394,155,0
BKCH.US,5,20230605,204000,24.3501,24.3792,24.3501,24.3792,3000,0
BKCH.US,5,20230605,212500,24.36,24.366,24.36,24.366,510,0
BKCH.US,5,20230605,214000,24.3713,24.3713,24.3713,24.3713,620,0
BKCH.US,5,20230605,215500,24.5,24.5,24.4,24.4,385,0
BKCH.US,5,20230606,153000,23.53,23.53,23.15,23.15,5272,0
BKCH.US,5,20230606,153500,23.09,23.1003,23,23.1003,611,0
BKCH.US,5,20230606,154000,23.1301,23.23,23.13,23.23,2645,0
BKCH.US,5,20230606,154500,23.4499,23.45,23.34,23.4,1249,0
BKCH.US,5,20230606,155000,23.25,23.25,23.22,23.22,484,0
BKCH.US,5,20230606,155500,23.4,23.4,23.4,23.4,100,0
BKCH.US,5,20230606,161500,23.68,23.68,23.68,23.68,100,0
BKCH.US,5,20230606,162000,24.0199,24.05,24.0199,24.05,290,0
BKCH.US,5,20230606,164500,24.16,24.17,24.12,24.12,350,0
BKCH.US,5,20230606,171000,24.25,24.2701,24.24,24.24,1351,0
BKCH.US,5,20230606,172000,24.3,24.3,24.12,24.13,550,0
BKCH.US,5,20230606,173500,24.17,24.21,24.17,24.21,700,0
BKCH.US,5,20230606,175000,24.3101,24.3101,24.3101,24.3101,100,0
BKCH.US,5,20230606,175500,24.36,24.36,24.36,24.36,200,0
BKCH.US,5,20230606,180000,24.48,24.56,24.4709,24.56,992,0
BKCH.US,5,20230606,183000,24.51,24.51,24.5,24.51,1000,0
BKCH.US,5,20230606,183500,24.47,24.47,24.45,24.45,1000,0
BKCH.US,5,20230606,185000,24.28,24.37,24.28,24.37,1200,0
BKCH.US,5,20230606,185500,24.32,24.35,24.32,24.35,200,0
BKCH.US,5,20230606,191500,24.5,24.5,24.5,24.5,608,0
BKCH.US,5,20230606,192500,24.57,24.7,24.57,24.7,445,0
BKCH.US,5,20230606,194000,24.8291,24.8291,24.8291,24.8291,500,0
BKCH.US,5,20230606,194500,24.72,24.72,24.72,24.72,403,0
BKCH.US,5,20230606,195000,24.71,24.71,24.71,24.71,200,0
BKCH.US,5,20230606,201000,24.6,24.6,24.6,24.6,400,0
BKCH.US,5,20230606,212500,24.84,24.84,24.84,24.84,125,0
BKCH.US,5,20230606,213500,24.79,24.79,24.78,24.78,700,0
BKCH.US,5,20230606,214500,24.7301,24.74,24.7301,24.74,510,0
BKCH.US,5,20230606,215000,24.75,24.75,24.75,24.75,200,0
BKCH.US,5,20230607,153000,24.95,25.11,24.95,25.11,602,0
BKCH.US,5,20230607,153500,25.23,25.23,24.93,24.9406,3700,0
BKCH.US,5,20230607,154500,24.9301,25.1141,24.9301,25.1141,1950,0
BKCH.US,5,20230607,155500,25.52,25.52,25.52,25.52,300,0
BKCH.US,5,20230607,160500,25.15,25.15,25.15,25.15,2000,0
BKCH.US,5,20230607,161000,24.9918,24.9918,24.9,24.9,1600,0
BKCH.US,5,20230607,162000,24.8,24.8,24.52,24.52,2208,0
BKCH.US,5,20230607,170000,24.2,24.2,24.2,24.2,500,0
BKCH.US,5,20230607,172500,24.475,24.475,24.475,24.475,1405,0
BKCH.US,5,20230607,174500,24.44,24.44,24.44,24.44,600,0
BKCH.US,5,20230607,175000,24.37,24.37,24.37,24.37,600,0
BKCH.US,5,20230607,183500,24.37,24.37,24.37,24.37,200,0
BKCH.US,5,20230607,185000,24.37,24.37,24.37,24.37,251,0
BKCH.US,5,20230607,191000,24.32,24.4,24.32,24.4,14581,0
BKCH.US,5,20230607,193000,24.25,24.25,24.25,24.25,200,0
BKCH.US,5,20230607,194000,24.22,24.22,24.08,24.08,1644,0
BKCH.US,5,20230607,194500,24.1259,24.1259,24.1259,24.1259,562,0
BKCH.US,5,20230607,202000,24.41,24.41,24.41,24.41,100,0
BKCH.US,5,20230607,203000,24.3583,24.3583,24.3583,24.3583,582,0
BKCH.US,5,20230607,204500,24.21,24.2101,24.2,24.2,1503,0
BKCH.US,5,20230607,205000,24.1401,24.2201,24.1401,24.2201,398,0
BKCH.US,5,20230607,205500,24.23,24.2395,24.01,24.01,4644,0
BKCH.US,5,20230607,210500,24.24,24.24,24.24,24.24,200,0
BKCH.US,5,20230607,214000,23.95,23.95,23.95,23.95,100,0
BKCH.US,5,20230607,215000,24.05,24.05,24.05,24.05,100,0
BKCH.US,5,20230607,215500,24.07,24.07,24.07,24.07,388,0
BKCH.US,5,20230608,153000,24.14,24.14,24,24.03,989,0
BKCH.US,5,20230608,153500,24.33,24.41,24.33,24.4,1500,0
BKCH.US,5,20230608,155000,24.21,24.23,24.21,24.23,200,0
BKCH.US,5,20230608,160000,23.955,23.955,23.9374,23.9374,200,0
BKCH.US,5,20230608,160500,24.0046,24.0046,23.95,23.95,200,0
BKCH.US,5,20230608,161500,24.16,24.16,24.16,24.16,100,0
BKCH.US,5,20230608,163500,24.521,24.521,24.47,24.47,300,0
BKCH.US,5,20230608,170000,24.55,24.55,24.55,24.55,285,0
BKCH.US,5,20230608,171000,24.4829,24.4829,24.4829,24.4829,500,0
BKCH.US,5,20230608,171500,24.39,24.39,24.26,24.26,527,0
BKCH.US,5,20230608,175000,24.6318,24.6318,24.6318,24.6318,300,0
BKCH.US,5,20230608,180500,24.6112,24.6112,24.6112,24.6112,100,0
BKCH.US,5,20230608,181500,24.65,24.65,24.65,24.65,102,0
BKCH.US,5,20230608,183500,24.56,24.56,24.56,24.56,162,0
BKCH.US,5,20230608,194500,24.13,24.13,24.11,24.12,600,0
BKCH.US,5,20230608,202500,24.2101,24.2101,24.2101,24.2101,3750,0
BKCH.US,5,20230608,205500,24.3701,24.3701,24.3701,24.3701,625,0
BKCH.US,5,20230608,212000,24.39,24.39,24.39,24.39,250,0
BKCH.US,5,20230608,215500,24.28,24.28,24.28,24.28,564,0
BKCH.US,5,20230609,153000,24.63,24.6321,24.63,24.6321,2105,0
BKCH.US,5,20230609,154000,24.53,24.53,24.52,24.52,200,0
BKCH.US,5,20230609,160500,24.55,24.55,24.54,24.54,200,0
BKCH.US,5,20230609,162000,24.55,24.55,24.55,24.55,407,0
BKCH.US,5,20230609,163000,24.46,24.46,24.45,24.45,400,0
BKCH.US,5,20230609,164500,24.14,24.14,24.14,24.14,900,0
BKCH.US,5,20230609,165000,23.98,23.98,23.97,23.97,200,0
BKCH.US,5,20230609,170500,24.1,24.1,24.1,24.1,200,0
BKCH.US,5,20230609,171500,24.1,24.13,24.1,24.13,550,0
BKCH.US,5,20230609,172500,24,24,24,24,3000,0
BKCH.US,5,20230609,173000,23.8921,23.9899,23.8921,23.9899,370,0
BKCH.US,5,20230609,182500,23.8098,23.8098,23.8098,23.8098,300,0
BKCH.US,5,20230609,183500,23.75,23.77,23.6745,23.6745,2770,0
BKCH.US,5,20230609,185000,23.73,23.73,23.73,23.73,300,0
BKCH.US,5,20230609,190500,23.895,23.895,23.895,23.895,300,0
BKCH.US,5,20230609,191500,23.8506,23.8506,23.8506,23.8506,300,0
BKCH.US,5,20230609,192500,23.93,23.93,23.93,23.93,200,0
BKCH.US,5,20230609,194500,23.85,23.85,23.85,23.85,500,0
BKCH.US,5,20230609,201500,23.85,23.85,23.85,23.85,200,0
BKCH.US,5,20230609,203500,23.7787,23.7787,23.7787,23.7787,167,0
BKCH.US,5,20230609,211000,23.7016,23.705,23.7016,23.705,500,0
BKCH.US,5,20230609,212500,23.62,23.62,23.62,23.62,1203,0
BKCH.US,5,20230609,213000,23.6948,23.6948,23.6948,23.6948,175,0
BKCH.US,5,20230609,213500,23.6,23.6,23.6,23.6,1055,0
BKCH.US,5,20230609,214500,23.68,23.68,23.68,23.68,1000,0
BKCH.US,5,20230609,215000,23.64,23.64,23.5,23.5,1299,0
BKCH.US,5,20230609,215500,23.6,23.61,23.6,23.61,350,0
BKCH.US,5,20230612,153000,23.48,23.684,23.46,23.684,3106,0
BKCH.US,5,20230612,153500,23.2219,23.41,23.2219,23.41,407,0
BKCH.US,5,20230612,155000,23.65,23.6906,23.65,23.6906,700,0
BKCH.US,5,20230612,155500,23.85,23.85,23.85,23.85,100,0
BKCH.US,5,20230612,160500,23.67,23.73,23.67,23.73,300,0
BKCH.US,5,20230612,161000,23.78,23.9,23.78,23.9,400,0
BKCH.US,5,20230612,161500,23.89,23.9,23.8,23.8,600,0
BKCH.US,5,20230612,163000,23.8418,23.8418,23.8418,23.8418,225,0
BKCH.US,5,20230612,164000,23.71,23.83,23.6,23.8208,1136,0
BKCH.US,5,20230612,164500,23.86,23.86,23.86,23.86,100,0
BKCH.US,5,20230612,165000,23.87,23.87,23.813,23.813,2550,0
BKCH.US,5,20230612,165500,23.8399,23.8399,23.8399,23.8399,100,0
BKCH.US,5,20230612,170000,23.77,23.77,23.77,23.77,100,0
BKCH.US,5,20230612,171000,23.82,23.9023,23.81,23.8936,500,0
BKCH.US,5,20230612,173000,23.7612,23.82,23.7612,23.82,659,0
BKCH.US,5,20230612,174000,23.9064,23.9064,23.9064,23.9064,100,0
BKCH.US,5,20230612,174500,23.9116,23.9116,23.9116,23.9116,200,0
BKCH.US,5,20230612,175500,23.9082,23.9082,23.9082,23.9082,255,0
BKCH.US,5,20230612,180500,23.88,23.88,23.88,23.88,100,0
BKCH.US,5,20230612,182500,24.04,24.04,24.04,24.04,140,0
BKCH.US,5,20230612,190000,23.88,23.88,23.69,23.69,999,0
BKCH.US,5,20230612,191000,23.835,23.835,23.835,23.835,178,0
BKCH.US,5,20230612,194500,23.95,23.95,23.95,23.95,1900,0
BKCH.US,5,20230612,200000,23.88,23.88,23.87,23.87,600,0
BKCH.US,5,20230612,202500,23.9,23.9,23.9,23.9,100,0
BKCH.US,5,20230612,203500,23.92,23.96,23.89,23.96,4455,0
BKCH.US,5,20230612,205000,23.9799,23.9799,23.9799,23.9799,420,0
BKCH.US,5,20230612,211500,23.9301,23.9301,23.92,23.92,302,0
BKCH.US,5,20230612,212500,23.85,23.85,23.85,23.85,200,0
BKCH.US,5,20230612,214000,23.89,23.89,23.89,23.89,840,0
BKCH.US,5,20230612,214500,23.86,23.86,23.86,23.86,200,0
BKCH.US,5,20230612,215000,23.88,23.88,23.88,23.88,200,0
BKCH.US,5,20230612,215500,23.87,23.87,23.85,23.85,649,0
BKCH.US,5,20230613,153000,24.46,24.46,24.2865,24.37,1171,0
BKCH.US,5,20230613,153500,24.41,24.41,24.37,24.41,2135,0
BKCH.US,5,20230613,154000,24.4,24.69,24.4,24.69,1526,0
BKCH.US,5,20230613,154500,24.52,24.52,24.52,24.52,200,0
BKCH.US,5,20230613,155500,24.7469,24.7469,24.7469,24.7469,1000,0
BKCH.US,5,20230613,161500,24.3,24.3,24.21,24.21,500,0
BKCH.US,5,20230613,162000,24.23,24.23,24.23,24.23,200,0
BKCH.US,5,20230613,164500,24.1423,24.1423,24.1047,24.1047,440,0
BKCH.US,5,20230613,170500,24.2564,24.2564,24.2564,24.2564,100,0
BKCH.US,5,20230613,173000,24.1358,24.1358,24.1358,24.1358,150,0
BKCH.US,5,20230613,173500,24.1249,24.1249,24.1249,24.1249,200,0
BKCH.US,5,20230613,175500,23.9801,24.04,23.98,23.982,3088,0
BKCH.US,5,20230613,180500,24.09,24.09,24.09,24.09,100,0
BKCH.US,5,20230613,181000,24.15,24.15,24.15,24.15,200,0
BKCH.US,5,20230613,191500,24.39,24.39,24.39,24.39,144,0
BKCH.US,5,20230613,192500,24.29,24.29,24.28,24.28,290,0
BKCH.US,5,20230613,200000,24.2,24.2,24.06,24.06,751,0
BKCH.US,5,20230613,201000,24.37,24.38,24.36,24.38,500,0
BKCH.US,5,20230613,203500,24.1619,24.1619,24.1619,24.1619,2000,0
BKCH.US,5,20230613,210000,24.4,24.4,24.4,24.4,163,0
BKCH.US,5,20230613,213500,24.5464,24.5464,24.5464,24.5464,400,0
BKCH.US,5,20230613,215500,24.4,24.4,24.38,24.38,325,0
BKCH.US,5,20230614,153000,24.68,24.68,24.68,24.68,1054,0
BKCH.US,5,20230614,154000,24.32,24.54,24.32,24.54,320,0
BKCH.US,5,20230614,154500,24.56,24.6,24.56,24.6,466,0
BKCH.US,5,20230614,155000,24.53,24.53,24.53,24.53,100,0
BKCH.US,5,20230614,155500,24.521,24.521,24.521,24.521,100,0
BKCH.US,5,20230614,160500,24.71,24.71,24.71,24.71,100,0
BKCH.US,5,20230614,162000,24.71,24.72,24.71,24.72,700,0
BKCH.US,5,20230614,162500,24.4901,24.4901,24.4901,24.4901,108,0
BKCH.US,5,20230614,165000,24.84,24.84,24.84,24.84,200,0
BKCH.US,5,20230614,170500,24.935,25,24.935,25,2315,0
BKCH.US,5,20230614,171000,25.03,25.03,24.98,24.98,400,0
BKCH.US,5,20230614,171500,24.96,24.96,24.9012,24.9012,575,0
BKCH.US,5,20230614,172000,25,25,25,25,100,0
BKCH.US,5,20230614,181500,25,25,25,25,1693,0
BKCH.US,5,20230614,182000,24.9001,24.9001,24.9001,24.9001,407,0
BKCH.US,5,20230614,182500,24.94,24.94,24.94,24.94,802,0
BKCH.US,5,20230614,183500,24.9925,24.9925,24.9925,24.9925,400,0
BKCH.US,5,20230614,185000,25,25,25,25,1397,0
BKCH.US,5,20230614,192000,24.65,24.65,24.65,24.65,100,0
BKCH.US,5,20230614,192500,24.65,24.65,24.65,24.65,100,0
BKCH.US,5,20230614,193000,24.7768,24.7768,24.7768,24.7768,160,0
BKCH.US,5,20230614,200500,24.49,24.49,24.49,24.49,200,0
BKCH.US,5,20230614,204000,24.56,24.56,24.56,24.56,200,0
BKCH.US,5,20230614,205000,24.59,24.59,24.59,24.59,600,0
BKCH.US,5,20230614,215500,24.53,24.57,24.53,24.57,754,0
BKCH.US,5,20230615,153000,24.3,24.3,23.75,23.82,3022,0
BKCH.US,5,20230615,153500,23.67,23.67,23.5801,23.5801,480,0
BKCH.US,5,20230615,155500,23.75,23.75,23.75,23.75,316,0
BKCH.US,5,20230615,160000,23.8771,23.8771,23.8771,23.8771,200,0
BKCH.US,5,20230615,160500,23.91,23.91,23.91,23.91,100,0
BKCH.US,5,20230615,161500,23.935,23.935,23.935,23.935,147,0
BKCH.US,5,20230615,162500,24.04,24.0655,24.04,24.0655,1319,0
BKCH.US,5,20230615,163000,24.08,24.08,24.08,24.08,364,0
BKCH.US,5,20230615,164500,24.12,24.12,24.12,24.12,300,0
BKCH.US,5,20230615,170000,23.95,23.95,23.95,23.95,100,0
BKCH.US,5,20230615,171000,24.08,24.08,24.08,24.08,460,0
BKCH.US,5,20230615,172000,24.1999,24.1999,24.1999,24.1999,206,0
BKCH.US,5,20230615,175000,24.04,24.04,24.04,24.04,100,0
BKCH.US,5,20230615,180500,24.14,24.14,24.14,24.14,250,0
BKCH.US,5,20230615,181500,24.0358,24.0358,24.0358,24.0358,800,0
BKCH.US,5,20230615,182000,24.05,24.05,24.05,24.05,200,0
BKCH.US,5,20230615,185500,24.02,24.0528,24.02,24.0528,217,0
BKCH.US,5,20230615,190000,24.0314,24.0314,24.0314,24.0314,176,0
BKCH.US,5,20230615,193000,24.1186,24.1186,24.1186,24.1186,278,0
BKCH.US,5,20230615,195000,24.2245,24.2245,24.2245,24.2245,235,0
BKCH.US,5,20230615,204000,24.35,24.35,24.35,24.35,200,0
BKCH.US,5,20230615,204500,24.35,24.35,24.33,24.33,360,0
BKCH.US,5,20230615,214000,24.33,24.349,24.33,24.349,339,0
BKCH.US,5,20230615,214500,24.32,24.32,24.31,24.32,306,0
BKCH.US,5,20230615,215500,24.3625,24.3625,24.32,24.32,454,0
BKCH.US,5,20230616,153500,24.68,24.68,24.68,24.68,100,0
BKCH.US,5,20230616,154500,24.38,24.38,24.38,24.38,408,0
BKCH.US,5,20230616,160500,24.2099,24.2099,24.2099,24.2099,100,0
BKCH.US,5,20230616,164000,24.51,24.51,24.51,24.51,200,0
BKCH.US,5,20230616,164500,24.29,24.3,24.25,24.25,360,0
BKCH.US,5,20230616,165000,24.1803,24.1803,24.1803,24.1803,304,0
BKCH.US,5,20230616,170000,24.47,24.47,24.47,24.47,460,0
BKCH.US,5,20230616,171500,24.57,24.64,24.57,24.64,509,0
BKCH.US,5,20230616,172500,24.36,24.37,24.36,24.37,300,0
BKCH.US,5,20230616,173000,24.43,24.43,24.43,24.43,100,0
BKCH.US,5,20230616,181000,24.76,24.76,24.76,24.76,239,0
BKCH.US,5,20230616,182000,24.826,24.85,24.826,24.85,200,0
BKCH.US,5,20230616,183000,24.85,24.85,24.85,24.85,200,0
BKCH.US,5,20230616,184500,24.92,24.92,24.92,24.92,200,0
BKCH.US,5,20230616,190500,25.1,25.1,25.1,25.1,494,0
BKCH.US,5,20230616,191500,25.0057,25.0057,25.0057,25.0057,150,0
BKCH.US,5,20230616,192000,25.08,25.0801,25.08,25.0801,358,0
BKCH.US,5,20230616,194000,25.14,25.14,25.14,25.14,264,0
BKCH.US,5,20230616,194500,25.2,25.36,25.2,25.36,800,0
BKCH.US,5,20230616,195000,25.307,25.307,25.307,25.307,263,0
BKCH.US,5,20230616,200000,25.41,25.41,25.41,25.41,200,0
BKCH.US,5,20230616,200500,25.42,25.42,25.42,25.42,711,0
BKCH.US,5,20230616,201500,25.5099,25.5099,25.5099,25.5099,100,0
BKCH.US,5,20230616,202000,25.504,25.504,25.504,25.504,100,0
BKCH.US,5,20230616,203000,25.41,25.41,25.4,25.4,300,0
BKCH.US,5,20230616,204500,25.5517,25.5517,25.5517,25.5517,100,0
BKCH.US,5,20230616,213500,25.5,25.5,25.5,25.5,100,0
BKCH.US,5,20230616,214000,25.5,25.5,25.5,25.5,187,0
BKCH.US,5,20230616,214500,25.49,25.49,25.49,25.49,200,0
BKCH.US,5,20230616,215000,25.45,25.5,25.45,25.5,413,0
BKCH.US,5,20230616,215500,25.34,25.34,25.34,25.34,200,0
BKCH.US,5,20230620,153000,25.94,25.94,25.791,25.8404,4743,0
BKCH.US,5,20230620,153500,26.58,26.58,26.58,26.58,1000,0
BKCH.US,5,20230620,154000,26.38,26.38,26.3,26.3,900,0
BKCH.US,5,20230620,154500,26.33,26.49,26.33,26.465,685,0
BKCH.US,5,20230620,155000,26.465,26.465,26.465,26.465,200,0
BKCH.US,5,20230620,160500,25.9,25.9,25.71,25.71,400,0
BKCH.US,5,20230620,161000,25.9806,25.9806,25.9806,25.9806,100,0
BKCH.US,5,20230620,161500,25.635,25.6789,25.635,25.6789,550,0
BKCH.US,5,20230620,163500,25.4424,25.57,25.4424,25.57,380,0
BKCH.US,5,20230620,170000,25.8043,25.9,25.8043,25.9,620,0
BKCH.US,5,20230620,170500,25.9,25.9,25.9,25.9,720,0
BKCH.US,5,20230620,171500,25.82,25.82,25.82,25.82,100,0
BKCH.US,5,20230620,172500,25.795,25.847,25.795,25.847,655,0
BKCH.US,5,20230620,173500,25.8,25.8,25.8,25.8,100,0
BKCH.US,5,20230620,174500,26.05,26.05,26.05,26.05,300,0
BKCH.US,5,20230620,175000,26.2,26.2,26.2,26.2,399,0
BKCH.US,5,20230620,175500,26.25,26.25,26.25,26.25,476,0
BKCH.US,5,20230620,182000,26.4885,26.4885,26.4601,26.4601,200,0
BKCH.US,5,20230620,182500,26.67,26.6802,26.6,26.6,1000,0
BKCH.US,5,20230620,183000,26.67,26.7,26.59,26.7,666,0
BKCH.US,5,20230620,183500,26.6898,26.6898,26.6892,26.6892,225,0
BKCH.US,5,20230620,184000,26.7,26.7988,26.7,26.7988,500,0
BKCH.US,5,20230620,184500,26.8,26.87,26.795,26.8276,1000,0
BKCH.US,5,20230620,185000,26.8,26.8,26.78,26.78,600,0
BKCH.US,5,20230620,190000,26.94,26.94,26.94,26.94,200,0
BKCH.US,5,20230620,190500,27,27,26.98,26.98,1768,0
BKCH.US,5,20230620,191000,26.93,27.02,26.912,27.02,3375,0
BKCH.US,5,20230620,192000,26.9,26.9,26.9,26.9,1890,0
BKCH.US,5,20230620,193000,27.032,27.24,27.032,27.095,800,0
BKCH.US,5,20230620,194000,27.05,27.132,27.05,27.132,272,0
BKCH.US,5,20230620,194500,27.25,27.25,27.25,27.25,106,0
BKCH.US,5,20230620,195000,27.196,27.196,27.196,27.196,110,0
BKCH.US,5,20230620,200000,27.26,27.26,27.22,27.25,1926,0
BKCH.US,5,20230620,201000,27.41,27.41,27.385,27.385,572,0
BKCH.US,5,20230620,203000,27.43,27.43,27.42,27.42,400,0
BKCH.US,5,20230620,210000,27.505,27.505,27.4874,27.4874,300,0
BKCH.US,5,20230620,210500,27.33,27.33,27.2128,27.2128,300,0
BKCH.US,5,20230620,211500,27.33,27.33,27.2704,27.2704,520,0
BKCH.US,5,20230620,212000,27.39,27.4,27.39,27.4,718,0
BKCH.US,5,20230620,213000,27.47,27.47,27.47,27.47,100,0
BKCH.US,5,20230620,214000,27.43,27.44,27.4299,27.4299,1700,0
BKCH.US,5,20230620,214500,27.44,27.44,27.405,27.405,320,0
BKCH.US,5,20230620,215000,27.55,27.55,27.55,27.55,750,0
BKCH.US,5,20230620,215500,27.395,27.475,27.35,27.4,1171,0
BKCH.US,5,20230621,153000,28.53,28.91,28.14,28.88,7870,0
BKCH.US,5,20230621,153500,28.95,29,28.61,28.61,723,0
BKCH.US,5,20230621,154000,29,29.03,28.9,28.98,877,0
BKCH.US,5,20230621,154500,28.825,29.13,28.825,29.06,5053,0
BKCH.US,5,20230621,155000,29.21,29.38,29.145,29.38,1158,0
BKCH.US,5,20230621,155500,29.21,29.21,28.7028,28.8223,2230,0
BKCH.US,5,20230621,160000,28.41,28.47,28.24,28.47,1377,0
BKCH.US,5,20230621,160500,28.4707,28.4707,28.25,28.25,800,0
BKCH.US,5,20230621,161000,28.24,28.32,28.24,28.32,1052,0
BKCH.US,5,20230621,161500,28.24,28.4383,28.24,28.4383,706,0
BKCH.US,5,20230621,162000,28.266,28.47,28.266,28.47,325,0
BKCH.US,5,20230621,162500,28.6,28.6,28.48,28.48,710,0
BKCH.US,5,20230621,163000,28.495,28.9099,28.495,28.9099,601,0
BKCH.US,5,20230621,163500,28.91,29.06,28.89,29.06,8651,0
BKCH.US,5,20230621,164500,28.43,28.47,28.43,28.47,300,0
BKCH.US,5,20230621,165000,28.45,28.45,28.43,28.43,459,0
BKCH.US,5,20230621,165500,28.3539,28.42,28.3539,28.42,400,0
BKCH.US,5,20230621,170000,28.6,28.75,28.6,28.72,520,0
BKCH.US,5,20230621,170500,28.55,28.55,28.3139,28.3139,200,0
BKCH.US,5,20230621,171000,28.4696,28.4696,28.4696,28.4696,177,0
BKCH.US,5,20230621,171500,28.63,28.63,28.63,28.63,400,0
BKCH.US,5,20230621,172000,28.71,28.75,28.71,28.75,220,0
BKCH.US,5,20230621,173000,29,29,29,29,100,0
BKCH.US,5,20230621,173500,29.08,29.11,28.9,28.9,445,0
BKCH.US,5,20230621,174000,28.72,28.72,28.72,28.72,100,0
BKCH.US,5,20230621,175500,28.54,28.55,28.54,28.54,1000,0
BKCH.US,5,20230621,180000,28.44,28.599,28.44,28.599,581,0
BKCH.US,5,20230621,180500,28.599,28.64,28.599,28.64,800,0
BKCH.US,5,20230621,181500,28.885,28.885,28.885,28.885,100,0
BKCH.US,5,20230621,182000,28.99,29.04,28.99,29.04,800,0
BKCH.US,5,20230621,182500,29.11,29.2,29.11,29.2,488,0
BKCH.US,5,20230621,183000,29.04,29.1745,29.02,29.1745,900,0
BKCH.US,5,20230621,183500,29.23,29.23,29.23,29.23,100,0
BKCH.US,5,20230621,184000,29.26,29.2682,29.1901,29.1901,600,0
BKCH.US,5,20230621,184500,29.16,29.27,29.06,29.07,1571,0
BKCH.US,5,20230621,185000,29,29,29,29,582,0
BKCH.US,5,20230621,190000,28.76,28.86,28.76,28.86,200,0
BKCH.US,5,20230621,190500,28.91,28.91,28.775,28.775,1100,0
BKCH.US,5,20230621,191000,28.79,28.81,28.53,28.53,600,0
BKCH.US,5,20230621,192000,28.4392,28.4392,28.4392,28.4392,300,0
BKCH.US,5,20230621,194000,28.3764,28.3764,28.3764,28.3764,100,0
BKCH.US,5,20230621,195500,28.5363,28.5363,28.45,28.45,450,0
BKCH.US,5,20230621,201000,28.8,28.815,28.8,28.815,240,0
BKCH.US,5,20230621,203500,28.84,28.849,28.72,28.785,1000,0
BKCH.US,5,20230621,204500,28.72,28.72,28.72,28.72,100,0
BKCH.US,5,20230621,205000,28.66,28.66,28.61,28.62,500,0
BKCH.US,5,20230621,205500,28.76,28.76,28.76,28.76,100,0
BKCH.US,5,20230621,210000,28.555,28.555,28.555,28.555,100,0
BKCH.US,5,20230621,211000,28.68,28.68,28.68,28.68,100,0
BKCH.US,5,20230621,211500,28.69,28.69,28.68,28.68,238,0
BKCH.US,5,20230621,213500,28.442,28.442,28.442,28.442,225,0
BKCH.US,5,20230621,214000,28.483,28.483,28.483,28.483,100,0
BKCH.US,5,20230621,215000,28.48,28.48,28.48,28.48,2400,0
BKCH.US,5,20230621,215500,28.47,28.48,28.47,28.48,634,0
BKCH.US,5,20230622,153000,28.87,28.87,28.5076,28.73,3355,0
BKCH.US,5,20230622,153500,28.6148,28.6148,28.6148,28.6148,174,0
BKCH.US,5,20230622,154000,28.74,28.74,28.54,28.54,900,0
BKCH.US,5,20230622,154500,28.4524,28.4524,28.4524,28.4524,472,0
BKCH.US,5,20230622,155500,28.45,28.45,28.45,28.45,100,0
BKCH.US,5,20230622,160000,28.21,28.21,28.09,28.1,550,0
BKCH.US,5,20230622,160500,27.84,27.84,27.84,27.84,300,0
BKCH.US,5,20230622,162000,28.4,28.4,28.4,28.4,453,0
BKCH.US,5,20230622,163000,28.0025,28.0025,28.0025,28.0025,5000,0
BKCH.US,5,20230622,164000,27.42,27.42,27.26,27.26,1300,0
BKCH.US,5,20230622,165000,27.43,27.43,27.43,27.43,100,0
BKCH.US,5,20230622,170000,27.41,27.5,27.41,27.5,400,0
BKCH.US,5,20230622,170500,27.75,27.75,27.68,27.68,420,0
BKCH.US,5,20230622,174000,27.77,27.77,27.77,27.77,175,0
BKCH.US,5,20230622,175000,27.95,27.95,27.95,27.95,100,0
BKCH.US,5,20230622,180500,28,28,28,28,100,0
BKCH.US,5,20230622,181000,28.04,28.04,28.04,28.04,100,0
BKCH.US,5,20230622,183500,28.34,28.34,28.34,28.34,100,0
BKCH.US,5,20230622,184000,28.28,28.28,28.28,28.28,100,0
BKCH.US,5,20230622,184500,28.105,28.105,28.105,28.105,900,0
BKCH.US,5,20230622,185000,28,28,28,28,100,0
BKCH.US,5,20230622,192500,28.244,28.244,28.244,28.244,225,0
BKCH.US,5,20230622,193000,28.3,28.3,28.3,28.3,100,0
BKCH.US,5,20230622,194500,28.4,28.45,28.4,28.45,650,0
BKCH.US,5,20230622,195000,28.3254,28.3254,28.3254,28.3254,175,0
BKCH.US,5,20230622,200000,28.4414,28.4414,28.4414,28.4414,175,0
BKCH.US,5,20230622,201500,28.32,28.32,28.32,28.32,175,0
BKCH.US,5,20230622,203000,28.45,28.51,28.45,28.51,1500,0
BKCH.US,5,20230622,203500,28.4999,28.4999,28.4999,28.4999,100,0
BKCH.US,5,20230622,204000,28.47,28.47,28.47,28.47,100,0
BKCH.US,5,20230622,204500,28.45,28.45,28.45,28.45,350,0
BKCH.US,5,20230622,205000,28.5,28.5,28.5,28.5,320,0
BKCH.US,5,20230622,205500,28.57,28.57,28.57,28.57,369,0
BKCH.US,5,20230622,210000,28.5319,28.5319,28.5319,28.5319,100,0
BKCH.US,5,20230622,210500,28.51,28.51,28.51,28.51,100,0
BKCH.US,5,20230622,211000,28.55,28.55,28.49,28.49,1320,0
BKCH.US,5,20230622,212500,28.45,28.45,28.39,28.39,1800,0
BKCH.US,5,20230622,213000,28.35,28.35,28.35,28.35,400,0
BKCH.US,5,20230622,214000,28.2627,28.2627,28.2627,28.2627,150,0
BKCH.US,5,20230622,215000,28.32,28.32,28.32,28.32,100,0
BKCH.US,5,20230622,215500,28.4323,28.51,28.4202,28.51,717,0
BKCH.US,5,20230623,154000,28.37,28.37,28.2983,28.2983,326,0
BKCH.US,5,20230623,154500,28.44,28.7,28.045,28.36,2350,0
BKCH.US,5,20230623,155000,28.09,28.1,28.09,28.09,1500,0
BKCH.US,5,20230623,155500,28.29,28.29,28.29,28.29,140,0
BKCH.US,5,20230623,161500,29.06,29.06,29.06,29.06,100,0
BKCH.US,5,20230623,162000,29.05,29.05,28.9984,28.9984,2100,0
BKCH.US,5,20230623,162500,29.0384,29.0384,28.78,28.78,390,0
BKCH.US,5,20230623,165500,29.22,29.3,29.22,29.3,881,0
BKCH.US,5,20230623,170000,29.3999,29.4626,29.31,29.4626,4600,0
BKCH.US,5,20230623,170500,29.5,29.6497,29.5,29.6497,1525,0
BKCH.US,5,20230623,171000,29.51,29.51,29.4207,29.5,1166,0
BKCH.US,5,20230623,171500,29.4,29.6,29.4,29.6,810,0
BKCH.US,5,20230623,172000,29.6,29.66,29.595,29.66,916,0
BKCH.US,5,20230623,172500,29.74,29.75,29.74,29.75,488,0
BKCH.US,5,20230623,173000,29.65,29.65,29.65,29.65,100,0
BKCH.US,5,20230623,173500,29.75,29.83,29.75,29.83,1500,0
BKCH.US,5,20230623,174000,29.9299,29.99,29.891,29.99,487,0
BKCH.US,5,20230623,174500,29.9817,29.9817,29.835,29.835,474,0
BKCH.US,5,20230623,175000,29.9909,29.9909,29.9909,29.9909,100,0
BKCH.US,5,20230623,175500,29.9961,29.9961,29.955,29.955,300,0
BKCH.US,5,20230623,180000,30,30.12,29.9955,30,2558,0
BKCH.US,5,20230623,181500,30.05,30.05,30.05,30.05,200,0
BKCH.US,5,20230623,182500,29.6967,29.6967,29.6967,29.6967,195,0
BKCH.US,5,20230623,183500,29.63,29.63,29.5512,29.61,300,0
BKCH.US,5,20230623,184000,29.61,29.61,29.61,29.61,133,0
BKCH.US,5,20230623,185500,29.8857,29.8857,29.87,29.87,350,0
BKCH.US,5,20230623,190000,29.8275,29.8275,29.7001,29.7001,501,0
BKCH.US,5,20230623,191000,29.97,29.97,29.97,29.97,200,0
BKCH.US,5,20230623,193000,29.735,29.7887,29.735,29.7887,330,0
BKCH.US,5,20230623,193500,29.81,29.84,29.7001,29.735,1400,0
BKCH.US,5,20230623,194500,29.86,29.86,29.86,29.86,130,0
BKCH.US,5,20230623,195500,29.7222,29.7222,29.7222,29.7222,500,0
BKCH.US,5,20230623,200500,29.75,29.75,29.7,29.7,650,0
BKCH.US,5,20230623,201500,29.6,29.6,29.4112,29.4112,200,0
BKCH.US,5,20230623,202000,29.3576,29.3576,29.3576,29.3576,1700,0
BKCH.US,5,20230623,202500,29.35,29.35,29.25,29.3,2000,0
BKCH.US,5,20230623,203000,29.31,29.31,29.21,29.21,200,0
BKCH.US,5,20230623,205000,29.2,29.2,29.2,29.2,200,0
BKCH.US,5,20230623,215000,29.095,29.095,29.05,29.05,1200,0
BKCH.US,5,20230623,215500,29.2281,29.24,29.02,29.02,616,0
BKCH.US,5,20230626,154000,29.61,29.61,29.3323,29.36,2435,0
BKCH.US,5,20230626,154500,29.4533,29.4533,29.3701,29.3701,509,0
BKCH.US,5,20230626,155000,29.2178,29.43,29.2178,29.43,1800,0
BKCH.US,5,20230626,155500,29.56,29.56,29.56,29.56,1000,0
BKCH.US,5,20230626,160000,29.85,29.9,29.752,29.752,3100,0
BKCH.US,5,20230626,160500,29.934,29.934,29.8557,29.8557,567,0
BKCH.US,5,20230626,161000,29.8,29.8,29.7221,29.74,672,0
BKCH.US,5,20230626,162000,29.68,29.68,29.64,29.64,2309,0
BKCH.US,5,20230626,162500,29.785,29.99,29.785,29.99,5634,0
BKCH.US,5,20230626,163500,29.5,29.5,29.5,29.5,925,0
BKCH.US,5,20230626,164000,29.47,29.47,29.47,29.47,200,0
BKCH.US,5,20230626,164500,29.3101,29.3101,29.3101,29.3101,205,0
BKCH.US,5,20230626,165000,29.19,29.19,29.19,29.19,172,0
BKCH.US,5,20230626,170000,29.23,29.23,29.21,29.21,200,0
BKCH.US,5,20230626,171000,28.97,28.97,28.97,28.97,200,0
BKCH.US,5,20230626,171500,28.87,28.87,28.69,28.69,1444,0
BKCH.US,5,20230626,172000,28.4901,28.4901,28.4901,28.4901,500,0
BKCH.US,5,20230626,172500,28.6005,28.6005,28.59,28.59,200,0
BKCH.US,5,20230626,173000,28.658,28.658,28.658,28.658,229,0
BKCH.US,5,20230626,173500,28.63,28.63,28.63,28.63,200,0
BKCH.US,5,20230626,175000,28.655,28.655,28.655,28.655,100,0
BKCH.US,5,20230626,175500,28.68,28.68,28.68,28.68,100,0
BKCH.US,5,20230626,180000,28.49,28.49,28.49,28.49,200,0
BKCH.US,5,20230626,180500,28.505,28.505,28.49,28.49,500,0
BKCH.US,5,20230626,181000,28.245,28.245,28.245,28.245,200,0
BKCH.US,5,20230626,181500,28.2,28.2,28.2,28.2,125,0
BKCH.US,5,20230626,182500,28.045,28.045,28.045,28.045,531,0
BKCH.US,5,20230626,183500,27.96,27.96,27.96,27.96,100,0
BKCH.US,5,20230626,184000,27.8725,27.8725,27.8725,27.8725,1000,0
BKCH.US,5,20230626,184500,27.66,27.66,27.66,27.66,100,0
BKCH.US,5,20230626,185500,27.74,27.74,27.74,27.74,230,0
BKCH.US,5,20230626,190500,27.855,27.855,27.855,27.855,500,0
BKCH.US,5,20230626,191000,27.83,27.86,27.83,27.86,200,0
BKCH.US,5,20230626,191500,27.85,27.85,27.85,27.85,100,0
BKCH.US,5,20230626,192000,27.9,28.04,27.8,28.02,5133,0
BKCH.US,5,20230626,193000,28.115,28.115,28.115,28.115,100,0
BKCH.US,5,20230626,194000,27.94,27.94,27.94,27.94,100,0
BKCH.US,5,20230626,201500,28.11,28.16,27.62,27.62,648,0
BKCH.US,5,20230626,202000,28.11,28.11,28.11,28.11,100,0
BKCH.US,5,20230626,202500,28.1,28.1,28.1,28.1,158,0
BKCH.US,5,20230626,204500,28.265,28.265,28.265,28.265,100,0
BKCH.US,5,20230626,205000,28.2663,28.2663,28.2663,28.2663,200,0
BKCH.US,5,20230626,212000,28.0001,28.02,28.0001,28.02,200,0
BKCH.US,5,20230626,213000,28.06,28.06,28.06,28.06,100,0
BKCH.US,5,20230626,214500,28.01,28.01,27.97,27.97,428,0
BKCH.US,5,20230626,215000,27.8855,27.905,27.8855,27.905,600,0
BKCH.US,5,20230626,215500,27.95,27.98,27.9051,27.97,4827,0
BKCH.US,5,20230627,153000,28.48,28.48,28.4,28.4,294,0
BKCH.US,5,20230627,153500,28.41,28.41,28.41,28.41,100,0
BKCH.US,5,20230627,154000,28.37,28.37,28.37,28.37,200,0
BKCH.US,5,20230627,154500,28.46,28.46,28.46,28.46,100,0
BKCH.US,5,20230627,155000,28.58,28.58,28.58,28.58,1000,0
BKCH.US,5,20230627,155500,28.77,28.77,28.77,28.77,100,0
BKCH.US,5,20230627,160500,29.1613,29.1613,29.1613,29.1613,100,0
BKCH.US,5,20230627,161000,28.94,28.94,28.77,28.77,300,0
BKCH.US,5,20230627,162000,29.16,29.16,29.16,29.16,500,0
BKCH.US,5,20230627,163000,29.2476,29.2476,29.2476,29.2476,350,0
BKCH.US,5,20230627,163500,29.15,29.15,29.15,29.15,202,0
BKCH.US,5,20230627,165500,29.39,29.41,29.39,29.41,1100,0
BKCH.US,5,20230627,170000,29.43,29.44,29.43,29.44,800,0
BKCH.US,5,20230627,170500,29.14,29.17,29.14,29.17,235,0
BKCH.US,5,20230627,171000,28.868,28.868,28.7916,28.8123,1450,0
BKCH.US,5,20230627,171500,28.74,28.7632,28.72,28.7632,451,0
BKCH.US,5,20230627,172000,28.91,28.91,28.91,28.91,150,0
BKCH.US,5,20230627,174500,28.87,28.87,28.87,28.87,200,0
BKCH.US,5,20230627,175000,28.78,28.8329,28.78,28.8329,343,0
BKCH.US,5,20230627,181000,28.95,28.96,28.94,28.96,1714,0
BKCH.US,5,20230627,182500,28.77,28.77,28.77,28.77,200,0
BKCH.US,5,20230627,183000,29,29.078,29,29.078,1599,0
BKCH.US,5,20230627,183500,28.93,29.06,28.93,29.052,300,0
BKCH.US,5,20230627,190500,29.31,29.32,29.235,29.3013,805,0
BKCH.US,5,20230627,195000,29.54,29.54,29.54,29.54,100,0
BKCH.US,5,20230627,200500,29.62,29.62,29.62,29.62,300,0
BKCH.US,5,20230627,201000,29.81,29.92,29.72,29.72,3890,0
BKCH.US,5,20230627,201500,29.6469,29.6469,29.6469,29.6469,1000,0
BKCH.US,5,20230627,202500,29.6,29.65,29.6,29.65,1045,0
BKCH.US,5,20230627,203000,29.655,29.655,29.6115,29.6115,328,0
BKCH.US,5,20230627,203500,29.677,29.7,29.67,29.7,1000,0
BKCH.US,5,20230627,205000,29.75,29.75,29.75,29.75,100,0
BKCH.US,5,20230627,205500,29.74,29.74,29.74,29.74,1146,0
BKCH.US,5,20230627,210000,29.885,29.885,29.885,29.885,100,0
BKCH.US,5,20230627,211000,29.82,29.87,29.81,29.85,1545,0
BKCH.US,5,20230627,211500,29.78,29.78,29.78,29.78,200,0
BKCH.US,5,20230627,212000,29.77,29.77,29.6637,29.76,1411,0
BKCH.US,5,20230627,212500,29.7737,29.7737,29.7737,29.7737,104,0
BKCH.US,5,20230627,213000,29.8068,29.8068,29.8068,29.8068,400,0
BKCH.US,5,20230627,213500,29.7686,29.7686,29.76,29.76,200,0
BKCH.US,5,20230627,215000,29.82,29.83,29.7577,29.7577,2566,0
BKCH.US,5,20230627,215500,29.7513,29.82,29.74,29.74,334,0
BKCH.US,5,20230628,153000,29.06,29.06,28.97,28.97,667,0
BKCH.US,5,20230628,153500,28.97,28.97,28.8529,28.8529,475,0
BKCH.US,5,20230628,154000,28.9607,28.9607,28.8,28.8,553,0
BKCH.US,5,20230628,155000,28.9108,28.9108,28.9058,28.9058,362,0
BKCH.US,5,20230628,155500,29.0521,29.08,29.0521,29.08,500,0
BKCH.US,5,20230628,160000,29.1,29.1,29.1,29.1,226,0
BKCH.US,5,20230628,160500,29.23,29.23,29.23,29.23,100,0
BKCH.US,5,20230628,161500,29.53,29.53,29.53,29.53,100,0
BKCH.US,5,20230628,162000,29.74,29.74,29.6964,29.6964,1900,0
BKCH.US,5,20230628,162500,29.78,29.78,29.78,29.78,267,0
BKCH.US,5,20230628,164000,30.3227,30.36,30.2201,30.36,2296,0
BKCH.US,5,20230628,165000,30.159,30.159,30.159,30.159,100,0
BKCH.US,5,20230628,165500,29.9,29.9,29.8307,29.8307,340,0
BKCH.US,5,20230628,170000,29.935,29.935,29.935,29.935,110,0
BKCH.US,5,20230628,170500,30.15,30.15,30.15,30.15,100,0
BKCH.US,5,20230628,171000,30.1203,30.1203,29.825,29.825,300,0
BKCH.US,5,20230628,171500,29.81,29.81,29.78,29.78,300,0
BKCH.US,5,20230628,172500,29.75,29.75,29.75,29.75,275,0
BKCH.US,5,20230628,173000,29.92,29.92,29.91,29.91,400,0
BKCH.US,5,20230628,174000,30.09,30.09,30.09,30.09,363,0
BKCH.US,5,20230628,175000,30.14,30.2399,30.14,30.2399,265,0
BKCH.US,5,20230628,175500,30.1639,30.1639,30.1639,30.1639,115,0
BKCH.US,5,20230628,180500,30.3981,30.4,30.39,30.4,300,0
BKCH.US,5,20230628,181500,30.37,30.37,30.29,30.29,319,0
BKCH.US,5,20230628,182500,30.15,30.15,30.07,30.07,1454,0
BKCH.US,5,20230628,183500,29.91,29.91,29.88,29.88,900,0
BKCH.US,5,20230628,184500,29.69,29.69,29.69,29.69,1000,0
BKCH.US,5,20230628,185000,29.5825,29.5825,29.5825,29.5825,1300,0
BKCH.US,5,20230628,185500,29.52,29.52,29.52,29.52,2588,0
BKCH.US,5,20230628,192000,29.77,29.79,29.7512,29.7512,2800,0
BKCH.US,5,20230628,194500,29.847,29.847,29.847,29.847,758,0
BKCH.US,5,20230628,195000,29.785,29.785,29.785,29.785,108,0
BKCH.US,5,20230628,200500,29.89,29.89,29.89,29.89,100,0
BKCH.US,5,20230628,202000,30.02,30.02,30.02,30.02,159,0
BKCH.US,5,20230628,202500,30.0683,30.0683,30.0683,30.0683,500,0
BKCH.US,5,20230628,203000,30.0176,30.0176,30.0176,30.0176,162,0
BKCH.US,5,20230628,204500,29.9784,29.9784,29.9784,29.9784,750,0
BKCH.US,5,20230628,210500,29.78,29.78,29.78,29.78,400,0
BKCH.US,5,20230628,212000,29.9433,29.9433,29.9433,29.9433,100,0
BKCH.US,5,20230628,214000,29.8099,29.8099,29.8099,29.8099,100,0
BKCH.US,5,20230628,215500,29.88,29.88,29.88,29.88,266,0
BKCH.US,5,20230629,153000,30.2,30.8277,30.2,30.82,2527,0
BKCH.US,5,20230629,153500,30.94,31.164,30.94,31.164,3000,0
BKCH.US,5,20230629,154000,30.99,30.99,30.92,30.92,200,0
BKCH.US,5,20230629,154500,31.06,31.06,31.05,31.05,200,0
BKCH.US,5,20230629,155000,31.2,31.43,31.2,31.285,2238,0
BKCH.US,5,20230629,155500,31.05,31.05,31.05,31.05,100,0
BKCH.US,5,20230629,160000,31.021,31.0299,31.021,31.0299,650,0
BKCH.US,5,20230629,160500,31.04,31.04,30.7,30.701,1250,0
BKCH.US,5,20230629,161000,30.4936,30.64,30.4936,30.64,3200,0
BKCH.US,5,20230629,161500,30.7773,30.83,30.7773,30.83,207,0
BKCH.US,5,20230629,162500,30.8349,30.8349,30.815,30.815,1380,0
BKCH.US,5,20230629,163000,30.7,30.7,30.7,30.7,100,0
BKCH.US,5,20230629,163500,30.58,30.7,30.58,30.7,987,0
BKCH.US,5,20230629,164000,30.62,30.62,30.62,30.62,162,0
BKCH.US,5,20230629,165500,30.372,30.3791,30.345,30.345,2100,0
BKCH.US,5,20230629,170000,30.2715,30.2715,30.2715,30.2715,125,0
BKCH.US,5,20230629,171000,30.34,30.34,30.2518,30.2518,1185,0
BKCH.US,5,20230629,171500,30.38,30.38,30.38,30.38,100,0
BKCH.US,5,20230629,172500,30.48,30.48,30.42,30.42,583,0
BKCH.US,5,20230629,173500,30.39,30.39,30.39,30.39,850,0
BKCH.US,5,20230629,174500,30.32,30.32,30.32,30.32,150,0
BKCH.US,5,20230629,175500,30.25,30.25,30.0042,30.0899,2563,0
BKCH.US,5,20230629,180000,30.055,30.13,30.055,30.13,400,0
BKCH.US,5,20230629,180500,30.0329,30.0329,30.0329,30.0329,600,0
BKCH.US,5,20230629,181000,30.26,30.2699,30.1462,30.2699,504,0
BKCH.US,5,20230629,183000,30.12,30.1621,30.12,30.125,1500,0
BKCH.US,5,20230629,190000,30,30,29.9001,29.9001,362,0
BKCH.US,5,20230629,190500,29.9,29.9,29.9,29.9,150,0
BKCH.US,5,20230629,192500,30.15,30.15,30.15,30.15,1823,0
BKCH.US,5,20230629,193000,30.245,30.245,30.1034,30.1034,2405,0
BKCH.US,5,20230629,194000,29.948,29.948,29.948,29.948,200,0
BKCH.US,5,20230629,195000,29.96,30.1017,29.96,30.1017,200,0
BKCH.US,5,20230629,200000,30.105,30.105,30.105,30.105,250,0
BKCH.US,5,20230629,200500,30.095,30.12,30.095,30.12,300,0
BKCH.US,5,20230629,202000,30.33,30.33,30.33,30.33,200,0
BKCH.US,5,20230629,202500,30.26,30.26,30.26,30.26,100,0
BKCH.US,5,20230629,204000,30.27,30.27,30.27,30.27,500,0
BKCH.US,5,20230629,204500,30.2722,30.2722,30.2722,30.2722,166,0
BKCH.US,5,20230629,210000,30.2626,30.2626,30.2626,30.2626,415,0
BKCH.US,5,20230629,211000,30.2274,30.2274,30.2274,30.2274,100,0
BKCH.US,5,20230629,211500,30.2041,30.2041,30.2041,30.2041,825,0
BKCH.US,5,20230629,212000,30.208,30.208,30.208,30.208,554,0
BKCH.US,5,20230629,214000,30.34,30.34,30.34,30.34,100,0
BKCH.US,5,20230629,214500,30.33,30.35,30.33,30.35,222,0
BKCH.US,5,20230629,215000,30.47,30.47,30.33,30.33,270,0
BKCH.US,5,20230629,215500,30.375,30.46,30.31,30.46,936,0
BKCH.US,5,20230630,153000,31.3,31.67,31.3,31.67,3425,0
BKCH.US,5,20230630,153500,31.6,31.6,30.81,30.81,2773,0
BKCH.US,5,20230630,154000,30.64,30.64,30.2336,30.43,2708,0
BKCH.US,5,20230630,154500,30.18,30.23,29.71,29.72,1180,0
BKCH.US,5,20230630,155000,29.67,30,29.67,29.93,900,0
BKCH.US,5,20230630,155500,29.71,29.9354,29.71,29.9354,1064,0
BKCH.US,5,20230630,160500,29.96,29.96,29.96,29.96,170,0
BKCH.US,5,20230630,161000,30,30.0492,30,30.0492,200,0
BKCH.US,5,20230630,162000,30.11,30.11,30.11,30.11,200,0
BKCH.US,5,20230630,163500,30.29,30.3,30.28,30.3,493,0
BKCH.US,5,20230630,164000,30.32,30.3991,30.23,30.3991,4440,0
BKCH.US,5,20230630,164500,30.47,30.47,30.06,30.06,10171,0
BKCH.US,5,20230630,165000,30.04,30.35,30.035,30.2887,6457,0
BKCH.US,5,20230630,165500,30.29,30.37,30.144,30.15,3470,0
BKCH.US,5,20230630,170500,30.13,30.13,30.13,30.13,105,0
BKCH.US,5,20230630,171000,30.33,30.42,30.33,30.42,315,0
BKCH.US,5,20230630,173000,30.2,30.2,30.2,30.2,100,0
BKCH.US,5,20230630,173500,30.0614,30.0614,30.0001,30.03,600,0
BKCH.US,5,20230630,175000,30.04,30.04,29.91,29.91,1276,0
BKCH.US,5,20230630,175500,29.89,30.05,29.89,30.05,200,0
BKCH.US,5,20230630,180500,29.93,29.93,29.733,29.733,2028,0
BKCH.US,5,20230630,181000,29.7505,29.8663,29.5117,29.7101,7684,0
BKCH.US,5,20230630,183500,30.5,30.5,30.5,30.5,209,0
BKCH.US,5,20230630,184000,30.645,30.6909,30.645,30.6909,411,0
BKCH.US,5,20230630,184500,30.57,30.5808,30.55,30.5808,555,0
BKCH.US,5,20230630,185000,30.6695,30.6695,30.6695,30.6695,164,0
BKCH.US,5,20230630,190000,30.64,30.64,30.64,30.64,378,0
BKCH.US,5,20230630,190500,30.83,30.84,30.83,30.84,400,0
BKCH.US,5,20230630,194500,30.93,30.93,30.93,30.93,100,0
BKCH.US,5,20230630,195000,30.925,30.925,30.925,30.925,1000,0
BKCH.US,5,20230630,201500,31,31,31,31,100,0
BKCH.US,5,20230630,202500,31,31,31,31,500,0
BKCH.US,5,20230630,203000,30.89,30.89,30.89,30.89,130,0
BKCH.US,5,20230630,205500,31.0281,31.0281,30.96,30.96,200,0
BKCH.US,5,20230630,210500,30.915,30.915,30.8464,30.8464,365,0
BKCH.US,5,20230630,211000,31.1,31.1,31.1,31.1,100,0
BKCH.US,5,20230630,211500,31,31,31,31,110,0
BKCH.US,5,20230630,213500,30.7615,30.9006,30.7615,30.865,1055,0
BKCH.US,5,20230630,214500,30.7488,30.81,30.72,30.72,1500,0
BKCH.US,5,20230630,215000,30.91,30.9299,30.88,30.9153,1440,0
BKCH.US,5,20230630,215500,30.88,30.88,30.88,30.88,289,0
BKCH.US,5,20230703,153000,31.02,31.5288,31,31.5288,2635,0
BKCH.US,5,20230703,153500,31.5459,31.8,31.5459,31.8,2602,0
BKCH.US,5,20230703,154000,31.81,32.11,31.64,32.0455,5818,0
BKCH.US,5,20230703,154500,31.93,32.38,31.93,32.38,466,0
BKCH.US,5,20230703,155000,32.16,32.415,32.16,32.37,1268,0
BKCH.US,5,20230703,155500,32.47,32.47,32.315,32.315,1515,0
BKCH.US,5,20230703,160000,32.25,32.5054,32.25,32.5054,1130,0
BKCH.US,5,20230703,160500,32.74,32.74,32.74,32.74,435,0
BKCH.US,5,20230703,161000,32.74,32.74,32.5,32.5,224,0
BKCH.US,5,20230703,161500,32.5,32.5231,32.36,32.52,1041,0
BKCH.US,5,20230703,162000,32.56,32.6391,32.37,32.6391,565,0
BKCH.US,5,20230703,162500,32.515,32.515,32.515,32.515,100,0
BKCH.US,5,20230703,164000,32.46,32.46,32.46,32.46,100,0
BKCH.US,5,20230703,165000,32.7192,32.7882,32.7192,32.7882,1703,0
BKCH.US,5,20230703,165500,32.7,32.7,32.66,32.66,268,0
BKCH.US,5,20230703,170500,33.16,33.28,33.14,33.14,415,0
BKCH.US,5,20230703,171000,33.3231,33.3231,33.3231,33.3231,130,0
BKCH.US,5,20230703,171500,33.18,33.18,33.0419,33.0419,679,0
BKCH.US,5,20230703,172000,33.19,33.19,33.11,33.11,1100,0
BKCH.US,5,20230703,172500,33.2,33.2,33.2,33.2,120,0
BKCH.US,5,20230703,173000,33.5,33.5,33.5,33.5,1000,0
BKCH.US,5,20230703,173500,33.6899,33.6899,33.4485,33.4485,1397,0
BKCH.US,5,20230703,174000,33.5,33.73,33.45,33.73,2400,0
BKCH.US,5,20230703,174500,33.47,33.47,33.47,33.47,311,0
BKCH.US,5,20230703,175000,33.72,33.72,33.72,33.72,200,0
BKCH.US,5,20230703,175500,33.5099,33.57,33.5099,33.5267,1500,0
BKCH.US,5,20230703,180000,33.45,33.45,33.45,33.45,2950,0
BKCH.US,5,20230703,180500,33.165,33.165,33.165,33.165,111,0
BKCH.US,5,20230703,181000,33.2899,33.2899,33.2899,33.2899,100,0
BKCH.US,5,20230703,181500,33.1901,33.1901,33.1901,33.1901,100,0
BKCH.US,5,20230703,182000,33.24,33.43,33.2091,33.2091,468,0
BKCH.US,5,20230703,183000,33.7128,33.74,33.19,33.7111,2050,0
BKCH.US,5,20230703,183500,33.73,33.73,33.6388,33.6388,647,0
BKCH.US,5,20230703,184500,33.69,33.69,33.69,33.69,500,0
BKCH.US,5,20230703,185000,33.75,33.7718,33.5336,33.5465,1499,0
BKCH.US,5,20230703,185500,33.69,33.74,33.69,33.74,433,0
BKCH.US,5,20230705,153000,33,33,32.33,32.34,11298,0
BKCH.US,5,20230705,153500,32.69,33.05,32.4501,33.05,1203,0
BKCH.US,5,20230705,154000,33.09,33.09,33.07,33.07,470,0
BKCH.US,5,20230705,154500,33.1221,33.378,33.1221,33.378,600,0
BKCH.US,5,20230705,155000,33.49,33.5,33.49,33.5,1373,0
BKCH.US,5,20230705,155500,33.43,33.48,33.43,33.48,306,0
BKCH.US,5,20230705,160500,33.5405,33.71,33.5405,33.69,1177,0
BKCH.US,5,20230705,161000,33.69,33.69,33.67,33.67,1100,0
BKCH.US,5,20230705,161500,33.96,33.96,33.96,33.96,198,0
BKCH.US,5,20230705,163000,33.6711,33.92,33.6711,33.92,447,0
BKCH.US,5,20230705,163500,33.92,33.95,33.8,33.95,1323,0
BKCH.US,5,20230705,164000,33.95,34.14,33.95,34.14,914,0
BKCH.US,5,20230705,164500,33.9,33.94,33.9,33.94,600,0
BKCH.US,5,20230705,165000,33.91,33.91,33.91,33.91,100,0
BKCH.US,5,20230705,165500,33.96,33.96,33.78,33.94,875,0
BKCH.US,5,20230705,170000,33.8,33.8,33.51,33.5238,1130,0
BKCH.US,5,20230705,171000,33.415,33.509,33.415,33.43,1100,0
BKCH.US,5,20230705,172000,33.21,33.3,33.1033,33.14,2970,0
BKCH.US,5,20230705,172500,33.28,33.28,33.28,33.28,100,0
BKCH.US,5,20230705,173000,33.25,33.25,33.25,33.25,199,0
BKCH.US,5,20230705,173500,33.16,33.16,33.16,33.16,200,0
BKCH.US,5,20230705,175000,33.4599,33.4599,33.4599,33.4599,500,0
BKCH.US,5,20230705,180000,33.39,33.409,33.39,33.409,300,0
BKCH.US,5,20230705,181500,33.75,33.85,33.735,33.85,1052,0
BKCH.US,5,20230705,182500,34,34,34,34,375,0
BKCH.US,5,20230705,183000,34.07,34.07,34.07,34.07,145,0
BKCH.US,5,20230705,184000,34.1902,34.199,34.18,34.18,500,0
BKCH.US,5,20230705,184500,34.18,34.18,34.18,34.18,100,0
BKCH.US,5,20230705,185500,34.1281,34.13,34.12,34.12,600,0
BKCH.US,5,20230705,190000,34.2,34.2,34.175,34.2,747,0
BKCH.US,5,20230705,191000,34.42,34.42,34.4,34.4,200,0
BKCH.US,5,20230705,191500,34.3001,34.4,34.3001,34.4,800,0
BKCH.US,5,20230705,193000,34.2913,34.2913,34.2913,34.2913,950,0
BKCH.US,5,20230705,194500,34.46,34.4781,34.46,34.47,300,0
BKCH.US,5,20230705,201000,34.345,34.345,34.345,34.345,150,0
BKCH.US,5,20230705,202000,34.19,34.3,34.11,34.11,2230,0
BKCH.US,5,20230705,202500,34.1199,34.17,33.9901,33.9901,1250,0
BKCH.US,5,20230705,203000,34.16,34.16,34.09,34.09,900,0
BKCH.US,5,20230705,204000,34.3215,34.3215,34.3215,34.3215,100,0
BKCH.US,5,20230705,204500,34.35,34.35,34.35,34.35,400,0
BKCH.US,5,20230705,205000,34.2001,34.2001,34.2001,34.2001,200,0
BKCH.US,5,20230705,205500,34.1801,34.39,34.1801,34.23,2265,0
BKCH.US,5,20230705,211500,34.2,34.2,34.2,34.2,144,0
BKCH.US,5,20230705,212000,34.2417,34.2417,34.2417,34.2417,100,0
BKCH.US,5,20230705,212500,34.19,34.24,34.19,34.2239,300,0
BKCH.US,5,20230705,214000,34.28,34.28,34.26,34.26,200,0
BKCH.US,5,20230705,214500,34.24,34.24,34.24,34.24,400,0
BKCH.US,5,20230705,215000,34.23,34.23,34.23,34.23,330,0
BKCH.US,5,20230705,215500,34.1174,34.12,33.96,34.07,911,0
BKCH.US,5,20230706,153000,34.14,34.14,34.14,34.14,2062,0
BKCH.US,5,20230706,153500,33.63,33.7,33.5,33.62,2565,0
BKCH.US,5,20230706,154500,33.34,33.34,33.18,33.18,1550,0
BKCH.US,5,20230706,155000,33.0812,33.09,32.95,33,3700,0
BKCH.US,5,20230706,155500,32.61,32.64,32.4811,32.4811,1909,0
BKCH.US,5,20230706,160000,32.5512,32.71,32.3,32.625,4000,0
BKCH.US,5,20230706,160500,32.4119,32.4306,32.41,32.42,500,0
BKCH.US,5,20230706,161000,32.225,32.59,32.225,32.59,760,0
BKCH.US,5,20230706,161500,32.52,32.5284,32.28,32.28,709,0
BKCH.US,5,20230706,162000,32.27,32.27,32.22,32.22,228,0
BKCH.US,5,20230706,162500,32.25,32.32,32,32,5918,0
BKCH.US,5,20230706,163000,32.01,32.01,32,32,3898,0
BKCH.US,5,20230706,163500,31.953,31.953,31.9201,31.9201,450,0
BKCH.US,5,20230706,164000,31.99,32.36,31.99,32.36,551,0
BKCH.US,5,20230706,165500,32.41,32.41,32.41,32.41,155,0
BKCH.US,5,20230706,170500,32.46,32.46,32.46,32.46,100,0
BKCH.US,5,20230706,171000,32.465,32.47,32.465,32.47,400,0
BKCH.US,5,20230706,171500,32.48,32.48,32.48,32.48,128,0
BKCH.US,5,20230706,172000,32.74,32.8,32.72,32.8,300,0
BKCH.US,5,20230706,173500,33,33.15,33,33.15,1123,0
BKCH.US,5,20230706,174000,33.0422,33.2,33.0422,33.2,212,0
BKCH.US,5,20230706,174500,33.2,33.2,33.0658,33.0658,1355,0
BKCH.US,5,20230706,175000,32.98,32.98,32.98,32.98,100,0
BKCH.US,5,20230706,175500,32.9,32.9,32.9,32.9,200,0
BKCH.US,5,20230706,180000,32.86,32.86,32.86,32.86,382,0
BKCH.US,5,20230706,180500,32.86,32.86,32.86,32.86,436,0
BKCH.US,5,20230706,181000,32.86,32.86,32.69,32.72,591,0
BKCH.US,5,20230706,181500,32.74,32.74,32.699,32.699,305,0
BKCH.US,5,20230706,182000,32.695,32.695,32.54,32.54,600,0
BKCH.US,5,20230706,183000,32.67,32.67,32.67,32.67,183,0
BKCH.US,5,20230706,183500,32.74,32.74,32.74,32.74,100,0
BKCH.US,5,20230706,184500,32.5,32.51,32.41,32.41,600,0
BKCH.US,5,20230706,185500,32.525,32.6005,32.525,32.6005,1140,0
BKCH.US,5,20230706,191500,32.7,32.7019,32.69,32.69,434,0
BKCH.US,5,20230706,192000,32.91,32.91,32.91,32.91,100,0
BKCH.US,5,20230706,192500,32.76,32.76,32.76,32.76,100,0
BKCH.US,5,20230706,193000,32.5,32.5,32.47,32.47,496,0
BKCH.US,5,20230706,202500,32.6719,32.7019,32.59,32.59,1485,0
BKCH.US,5,20230706,205000,32.82,32.82,32.82,32.82,100,0
BKCH.US,5,20230706,205500,33.0899,33.0899,33.0899,33.0899,100,0
BKCH.US,5,20230706,210000,33.065,33.065,33.065,33.065,309,0
BKCH.US,5,20230706,210500,33.17,33.17,33.05,33.05,450,0
BKCH.US,5,20230706,212000,33.07,33.07,33.05,33.05,2730,0
BKCH.US,5,20230706,212500,33.05,33.09,33.05,33.09,260,0
BKCH.US,5,20230706,213500,33.17,33.3,33.17,33.21,1038,0
BKCH.US,5,20230706,215500,33.3,33.3,33.2,33.2,677,0
BKCH.US,5,20230707,153000,33.36,33.9,33.36,33.9,7045,0
BKCH.US,5,20230707,153500,33.8727,33.8727,33.8727,33.8727,249,0
BKCH.US,5,20230707,154000,34.09,34.6,34.05,34.55,2150,0
BKCH.US,5,20230707,154500,34.5976,34.72,34.54,34.72,3500,0
BKCH.US,5,20230707,155000,34.7167,34.9,34.7167,34.9,4417,0
BKCH.US,5,20230707,155500,34.97,34.97,34.9438,34.9438,675,0
BKCH.US,5,20230707,160000,34.9999,35.15,34.9999,35.15,1381,0
BKCH.US,5,20230707,160500,34.94,34.94,34.774,34.774,250,0
BKCH.US,5,20230707,161000,34.78,34.78,34.78,34.78,500,0
BKCH.US,5,20230707,161500,34.95,34.95,34.6548,34.6548,1180,0
BKCH.US,5,20230707,162000,34.85,35.11,34.85,35.11,983,0
BKCH.US,5,20230707,162500,34.88,35.16,34.88,35.16,660,0
BKCH.US,5,20230707,163000,34.94,34.94,34.94,34.94,100,0
BKCH.US,5,20230707,163500,35.0576,35.37,35.0576,35.36,561,0
BKCH.US,5,20230707,164000,35.54,35.54,35.4321,35.4321,241,0
BKCH.US,5,20230707,164500,35.27,35.5,35.27,35.5,730,0
BKCH.US,5,20230707,165000,35.5,35.5,35.5,35.5,2522,0
BKCH.US,5,20230707,165500,35.62,35.68,35.5689,35.68,800,0
BKCH.US,5,20230707,170000,35.73,35.74,35.73,35.74,298,0
BKCH.US,5,20230707,171500,35.608,35.608,35.608,35.608,500,0
BKCH.US,5,20230707,172500,35.6055,35.6055,35.6055,35.6055,200,0
BKCH.US,5,20230707,173000,35.74,35.79,35.74,35.79,270,0
BKCH.US,5,20230707,173500,35.98,35.98,35.7969,35.7969,451,0
BKCH.US,5,20230707,174000,35.6966,35.7,35.6966,35.7,325,0
BKCH.US,5,20230707,175000,35.65,35.6501,35.65,35.6501,400,0
BKCH.US,5,20230707,180000,35.7997,35.7997,35.7,35.7,263,0
BKCH.US,5,20230707,181000,35.945,36,35.945,36,576,0
BKCH.US,5,20230707,182000,35.9316,35.9316,35.9316,35.9316,140,0
BKCH.US,5,20230707,183000,35.8362,35.8362,35.8362,35.8362,150,0
BKCH.US,5,20230707,183500,36,36,35.98,35.98,1056,0
BKCH.US,5,20230707,184000,35.9245,36.0395,35.88,35.88,1776,0
BKCH.US,5,20230707,184500,35.98,35.98,35.98,35.98,100,0
BKCH.US,5,20230707,185000,35.975,35.975,35.91,35.91,447,0
BKCH.US,5,20230707,191000,36.0786,36.0786,36.0786,36.0786,100,0
BKCH.US,5,20230707,191500,35.9801,36.09,35.9801,36.09,200,0
BKCH.US,5,20230707,192000,36.1,36.1,35.98,35.98,968,0
BKCH.US,5,20230707,192500,35.88,35.95,35.88,35.95,300,0
BKCH.US,5,20230707,194000,35.7,35.7,35.7,35.7,100,0
BKCH.US,5,20230707,195000,35.45,35.45,35.45,35.45,150,0
BKCH.US,5,20230707,195500,35.48,35.48,35.48,35.48,1000,0
BKCH.US,5,20230707,200000,35.5467,35.55,35.53,35.53,400,0
BKCH.US,5,20230707,201000,35.51,35.51,35.51,35.51,100,0
BKCH.US,5,20230707,201500,35.51,35.51,35.51,35.51,100,0
BKCH.US,5,20230707,203000,35.3,35.3,35.2974,35.2974,200,0
BKCH.US,5,20230707,203500,35.135,35.17,35.135,35.1699,722,0
BKCH.US,5,20230707,204000,35.142,35.169,35.0378,35.16,1390,0
BKCH.US,5,20230707,205000,35.0279,35.0279,35.0279,35.0279,200,0
BKCH.US,5,20230707,205500,35.14,35.14,35.14,35.14,210,0
BKCH.US,5,20230707,210500,35.07,35.07,35.07,35.07,250,0
BKCH.US,5,20230707,211000,35.015,35.04,34.89,35.04,53849,0
BKCH.US,5,20230707,211500,34.96,34.96,34.89,34.89,2607,0
BKCH.US,5,20230707,212000,34.97,34.98,34.93,34.93,1400,0
BKCH.US,5,20230707,212500,34.97,34.97,34.97,34.97,100,0
BKCH.US,5,20230707,213000,34.97,34.97,34.97,34.97,300,0
BKCH.US,5,20230707,213500,35.13,35.13,35.13,35.13,122,0
BKCH.US,5,20230707,214500,34.99,34.99,34.99,34.99,100,0
BKCH.US,5,20230707,215000,34.95,34.95,34.95,34.95,300,0
BKCH.US,5,20230707,215500,34.94,34.98,34.9243,34.98,518,0
