<TICKER>,<PER>,<DATE>,<TIME>,<OPEN>,<HIGH>,<LOW>,<CLOSE>,<VOL>,<OPENINT>
BLCN.US,5,20230522,153000,20.89,20.89,20.89,20.89,1440,0
BLCN.US,5,20230522,153500,20.9421,20.9421,20.9421,20.9421,117,0
BLCN.US,5,20230522,154500,21.0783,21.0783,21.0783,21.0783,100,0
BLCN.US,5,20230522,161500,20.9213,20.9213,20.9213,20.9213,255,0
BLCN.US,5,20230522,162500,21.39,21.39,21.39,21.39,120,0
BLCN.US,5,20230522,163000,21.1242,21.1242,21.1242,21.1242,203,0
BLCN.US,5,20230522,163500,20.7701,20.7701,20.7701,20.7701,150,0
BLCN.US,5,20230522,164500,21.08,21.08,21.08,21.08,100,0
BLCN.US,5,20230522,165000,20.78,21.3,20.78,21.27,399,0
BLCN.US,5,20230522,180000,21.1906,21.1906,21.1906,21.1906,110,0
BLCN.US,5,20230522,180500,21.2477,21.2477,20.91,20.91,320,0
BLCN.US,5,20230522,191000,21.115,21.115,21.115,21.115,100,0
BLCN.US,5,20230522,195500,21.25,21.25,21.25,21.25,100,0
BLCN.US,5,20230522,203500,21.2899,21.2899,21.2899,21.2899,533,0
BLCN.US,5,20230522,204500,21.29,21.29,21.29,21.29,142,0
BLCN.US,5,20230522,205000,21.29,21.29,21.29,21.29,100,0
BLCN.US,5,20230522,210500,21.23,21.3963,21.23,21.3963,200,0
BLCN.US,5,20230522,213500,21.159,21.159,21.1483,21.1483,488,0
BLCN.US,5,20230522,214000,21.1,21.1,21.1,21.1,100,0
BLCN.US,5,20230522,214500,21.225,21.225,21.225,21.225,142,0
BLCN.US,5,20230522,215000,21.225,21.28,21.225,21.27,400,0
BLCN.US,5,20230522,215500,21.25,21.28,21.25,21.27,300,0
BLCN.US,5,20230523,153000,21.23,21.23,21.23,21.23,357,0
BLCN.US,5,20230523,154500,21.365,21.365,21.365,21.365,500,0
BLCN.US,5,20230523,171000,21.19,21.19,21.19,21.19,136,0
BLCN.US,5,20230523,180500,21.71,21.71,21.71,21.71,200,0
BLCN.US,5,20230523,181000,21.62,21.62,21.22,21.22,200,0
BLCN.US,5,20230523,181500,21.22,21.22,21.22,21.22,100,0
BLCN.US,5,20230523,182500,21.44,21.44,21.44,21.44,100,0
BLCN.US,5,20230523,183000,21.25,21.25,21.25,21.25,100,0
BLCN.US,5,20230523,185000,21.2001,21.465,21.2001,21.465,200,0
BLCN.US,5,20230523,192000,21.395,21.395,21.395,21.395,100,0
BLCN.US,5,20230523,193000,21.23,21.315,21.2,21.315,1278,0
BLCN.US,5,20230523,201000,21,21.3987,21,21.32,494,0
BLCN.US,5,20230523,203500,21.01,21.01,21.01,21.01,100,0
BLCN.US,5,20230523,204000,20.93,20.93,20.93,20.93,100,0
BLCN.US,5,20230523,213500,21.0158,21.0158,21.0158,21.0158,150,0
BLCN.US,5,20230523,214500,20.87,20.965,20.87,20.965,200,0
BLCN.US,5,20230523,215000,20.965,20.965,20.965,20.965,448,0
BLCN.US,5,20230523,215500,21.03,21.08,20.86,21.08,2156,0
BLCN.US,5,20230524,153000,20.78,20.78,20.75,20.75,207,0
BLCN.US,5,20230524,153500,20.75,20.75,20.75,20.75,111,0
BLCN.US,5,20230524,170500,20.49,20.49,20.49,20.49,100,0
BLCN.US,5,20230524,171500,20.5739,20.5739,20.5739,20.5739,101,0
BLCN.US,5,20230524,172500,20.54,20.54,20.54,20.54,101,0
BLCN.US,5,20230524,173500,20.55,20.55,20.55,20.55,604,0
BLCN.US,5,20230524,174000,20.71,20.71,20.71,20.71,100,0
BLCN.US,5,20230524,180500,20.6999,20.6999,20.67,20.67,603,0
BLCN.US,5,20230524,181000,20.43,20.7,20.41,20.7,775,0
BLCN.US,5,20230524,210000,20.575,20.575,20.575,20.575,100,0
BLCN.US,5,20230524,212500,20.75,20.75,20.75,20.75,206,0
BLCN.US,5,20230524,215500,20.68,20.74,20.68,20.74,200,0
BLCN.US,5,20230525,153000,20.98,20.98,20.98,20.98,1511,0
BLCN.US,5,20230525,161000,21,21,21,21,100,0
BLCN.US,5,20230525,165500,20.5,20.5,20.5,20.5,100,0
BLCN.US,5,20230525,170000,20.5763,20.5763,20.5763,20.5763,100,0
BLCN.US,5,20230525,172000,20.55,20.55,20.51,20.5187,516,0
BLCN.US,5,20230525,172500,20.55,20.55,20.55,20.55,100,0
BLCN.US,5,20230525,173000,20.5,20.5,20.5,20.5,200,0
BLCN.US,5,20230525,173500,20.5005,20.5005,20.5005,20.5005,200,0
BLCN.US,5,20230525,174000,20.57,20.6539,20.5,20.5,554,0
BLCN.US,5,20230525,175000,20.5,20.5,20.5,20.5,100,0
BLCN.US,5,20230525,201500,20.51,20.51,20.51,20.51,100,0
BLCN.US,5,20230525,202000,20.5005,20.5005,20.5005,20.5005,100,0
BLCN.US,5,20230525,203000,20.85,20.92,20.5,20.5,804,0
BLCN.US,5,20230525,204000,20.5,20.5,20.5,20.5,200,0
BLCN.US,5,20230525,211000,20.75,20.75,20.75,20.75,145,0
BLCN.US,5,20230525,211500,20.511,20.511,20.511,20.511,100,0
BLCN.US,5,20230525,214500,20.99,20.99,20.54,20.54,300,0
BLCN.US,5,20230525,215500,20.541,20.541,20.541,20.541,100,0
BLCN.US,5,20230526,153000,20.55,20.55,20.55,20.55,746,0
BLCN.US,5,20230526,162500,20.97,21,20.97,21,610,0
BLCN.US,5,20230526,163500,21.29,21.29,21.29,21.29,100,0
BLCN.US,5,20230526,171000,20.9068,20.9068,20.9068,20.9068,280,0
BLCN.US,5,20230526,172500,21.09,21.09,21.09,21.09,100,0
BLCN.US,5,20230526,181500,20.96,20.96,20.96,20.96,100,0
BLCN.US,5,20230526,190000,20.9,20.9,20.9,20.9,100,0
BLCN.US,5,20230526,191000,20.95,20.95,20.95,20.95,100,0
BLCN.US,5,20230526,195000,21.021,21.021,21.021,21.021,100,0
BLCN.US,5,20230526,200500,20.865,20.865,20.865,20.865,500,0
BLCN.US,5,20230526,201500,20.8,20.8,20.8,20.8,1030,0
BLCN.US,5,20230526,203500,21.021,21.021,21.021,21.021,100,0
BLCN.US,5,20230526,204500,20.68,20.68,20.68,20.68,100,0
BLCN.US,5,20230526,210000,20.972,20.972,20.972,20.972,250,0
BLCN.US,5,20230526,212500,20.967,20.967,20.967,20.967,100,0
BLCN.US,5,20230526,213500,20.735,20.735,20.735,20.735,174,0
BLCN.US,5,20230526,215000,20.785,20.785,20.785,20.785,100,0
BLCN.US,5,20230526,215500,20.69,20.69,20.69,20.69,133,0
BLCN.US,5,20230530,153000,21.09,21.138,20.81,21.138,1979,0
BLCN.US,5,20230530,162500,21.0182,21.3,21.0182,21.3,868,0
BLCN.US,5,20230530,170500,20.92,20.92,20.904,20.904,500,0
BLCN.US,5,20230530,171000,21.25,21.25,21.25,21.25,290,0
BLCN.US,5,20230530,173000,21.3,21.3,21.3,21.3,200,0
BLCN.US,5,20230530,173500,20.91,20.91,20.91,20.91,384,0
BLCN.US,5,20230530,174000,21.285,21.285,21.285,21.285,200,0
BLCN.US,5,20230530,192500,20.77,20.77,20.77,20.77,100,0
BLCN.US,5,20230530,194000,21.3,21.3,21.3,21.3,106,0
BLCN.US,5,20230530,195000,21.005,21.005,21.005,21.005,100,0
BLCN.US,5,20230530,205000,21,21,21,21,209,0
BLCN.US,5,20230530,210000,21.045,21.045,21.045,21.045,100,0
BLCN.US,5,20230530,211000,20.8901,21.045,20.8901,21.045,200,0
BLCN.US,5,20230530,214500,21.045,21.045,21.045,21.045,100,0
BLCN.US,5,20230530,215500,20.965,20.965,20.965,20.965,100,0
BLCN.US,5,20230531,153000,20.78,20.78,20.78,20.78,343,0
BLCN.US,5,20230531,155000,20.72,20.8871,20.72,20.8871,200,0
BLCN.US,5,20230531,160000,20.955,20.955,20.955,20.955,200,0
BLCN.US,5,20230531,162500,20.7145,20.905,20.7145,20.905,310,0
BLCN.US,5,20230531,182500,20.379,20.379,20.379,20.379,238,0
BLCN.US,5,20230531,183500,20.39,20.7,20.37,20.7,520,0
BLCN.US,5,20230531,192500,20.81,20.81,20.615,20.615,200,0
BLCN.US,5,20230531,195500,20.5743,20.5743,20.5743,20.5743,500,0
BLCN.US,5,20230531,201500,20.78,20.88,20.78,20.88,500,0
BLCN.US,5,20230531,202000,20.7,20.7,20.7,20.7,150,0
BLCN.US,5,20230531,203500,20.71,20.88,20.71,20.88,240,0
BLCN.US,5,20230531,211000,20.89,20.89,20.83,20.83,400,0
BLCN.US,5,20230531,214500,20.89,20.89,20.89,20.89,100,0
BLCN.US,5,20230531,215500,20.69,20.69,20.69,20.69,133,0
BLCN.US,5,20230601,153000,20.91,20.91,20.91,20.91,284,0
BLCN.US,5,20230601,153500,20.85,20.85,20.85,20.85,100,0
BLCN.US,5,20230601,155500,20.95,20.95,20.92,20.95,300,0
BLCN.US,5,20230601,160500,20.94,20.94,20.94,20.94,310,0
BLCN.US,5,20230601,161000,20.96,20.96,20.96,20.96,100,0
BLCN.US,5,20230601,165000,21.05,21.05,21.05,21.05,100,0
BLCN.US,5,20230601,171500,21.05,21.05,21.05,21.05,100,0
BLCN.US,5,20230601,174000,21.2,21.2,21.2,21.2,100,0
BLCN.US,5,20230601,184000,21.31,21.31,21.31,21.31,100,0
BLCN.US,5,20230601,192500,21.21,21.21,21.21,21.21,200,0
BLCN.US,5,20230601,200000,21.25,21.36,21.25,21.36,401,0
BLCN.US,5,20230601,203500,21.3262,21.3262,21.3262,21.3262,225,0
BLCN.US,5,20230601,210000,21.36,21.36,21.36,21.36,500,0
BLCN.US,5,20230601,212500,21.23,21.36,21.23,21.33,2281,0
BLCN.US,5,20230601,213000,21.23,21.23,21.23,21.23,100,0
BLCN.US,5,20230601,215000,21.25,21.25,21.25,21.25,100,0
BLCN.US,5,20230601,215500,21.1771,21.33,21.1771,21.31,1129,0
BLCN.US,5,20230602,153000,21.5,21.5,21.5,21.5,424,0
BLCN.US,5,20230602,174500,21.48,21.48,21.48,21.48,254,0
BLCN.US,5,20230602,192500,21.4799,21.48,21.21,21.21,549,0
BLCN.US,5,20230602,193000,21.48,21.48,21.48,21.48,100,0
BLCN.US,5,20230602,195500,21.345,21.5,21.345,21.5,2280,0
BLCN.US,5,20230602,200000,21.5,21.5,21.5,21.5,137,0
BLCN.US,5,20230602,201000,21.35,21.5,21.35,21.5,602,0
BLCN.US,5,20230602,210500,21.5423,21.5423,21.5423,21.5423,207,0
BLCN.US,5,20230605,153000,21.38,21.38,21.38,21.38,1139,0
BLCN.US,5,20230605,160000,21.5,21.5,21.5,21.5,100,0
BLCN.US,5,20230605,165000,21.16,21.46,21.1112,21.46,1200,0
BLCN.US,5,20230605,170000,21.395,21.395,21.395,21.395,100,0
BLCN.US,5,20230605,170500,21.23,21.23,21.2,21.23,500,0
BLCN.US,5,20230605,174500,21.355,21.355,21.11,21.11,400,0
BLCN.US,5,20230605,180000,21.345,21.345,21.345,21.345,100,0
BLCN.US,5,20230605,184000,21.33,21.33,21.33,21.33,100,0
BLCN.US,5,20230605,195000,21.125,21.125,21.125,21.125,100,0
BLCN.US,5,20230605,201000,21.0928,21.0928,21.0928,21.0928,220,0
BLCN.US,5,20230605,204000,21.25,21.48,21.25,21.48,1556,0
BLCN.US,5,20230605,205500,21.1679,21.1679,21.1679,21.1679,100,0
BLCN.US,5,20230605,214000,21.12,21.49,21,21.49,1550,0
BLCN.US,5,20230606,153000,20.93,20.93,20.93,20.93,235,0
BLCN.US,5,20230606,154000,20.89,20.89,20.89,20.89,213,0
BLCN.US,5,20230606,154500,20.68,20.68,20.66,20.66,583,0
BLCN.US,5,20230606,155000,20.68,20.68,20.68,20.68,101,0
BLCN.US,5,20230606,161000,21,21,21,21,120,0
BLCN.US,5,20230606,162500,21.24,21.24,21.24,21.24,100,0
BLCN.US,5,20230606,164500,20.8301,20.8301,20.8301,20.8301,105,0
BLCN.US,5,20230606,165500,20.88,20.88,20.88,20.88,100,0
BLCN.US,5,20230606,170500,21.2,21.222,21.17,21.222,510,0
BLCN.US,5,20230606,171000,21.22,21.25,20.931,20.931,600,0
BLCN.US,5,20230606,171500,21.25,21.25,21.25,21.25,200,0
BLCN.US,5,20230606,174500,21.25,21.25,21.25,21.25,100,0
BLCN.US,5,20230606,175000,21.36,21.36,21.36,21.36,100,0
BLCN.US,5,20230606,201500,21.36,21.43,21.36,21.43,500,0
BLCN.US,5,20230606,202500,21.37,21.37,21.37,21.37,500,0
BLCN.US,5,20230606,204500,21.37,21.5,21.37,21.5,1300,0
BLCN.US,5,20230606,205500,21.43,21.43,21.43,21.43,196,0
BLCN.US,5,20230606,210500,21.37,21.37,21.37,21.37,328,0
BLCN.US,5,20230606,211000,21.5,21.5,21.37,21.37,300,0
BLCN.US,5,20230606,212500,21.48,21.48,21.48,21.48,594,0
BLCN.US,5,20230606,213000,21.3601,21.3601,21.3601,21.3601,125,0
BLCN.US,5,20230606,213500,21.5,21.5,21.5,21.5,192,0
BLCN.US,5,20230606,214500,21.45,21.45,21.45,21.45,120,0
BLCN.US,5,20230606,215000,21.37,21.37,21.37,21.37,302,0
BLCN.US,5,20230606,215500,21.4726,21.5,21.4726,21.5,350,0
BLCN.US,5,20230607,154500,21.5,21.5,21.5,21.5,147,0
BLCN.US,5,20230607,162500,21.3931,21.3931,21.3931,21.3931,504,0
BLCN.US,5,20230607,163000,21.4,21.4,21.4,21.4,300,0
BLCN.US,5,20230607,172000,21.43,21.43,21.43,21.43,825,0
BLCN.US,5,20230607,175000,21.43,21.43,21.43,21.43,102,0
BLCN.US,5,20230607,181000,21.74,21.74,21.74,21.74,100,0
BLCN.US,5,20230607,183500,21.415,21.415,21.415,21.415,125,0
BLCN.US,5,20230607,185500,21.4181,21.4181,21.4181,21.4181,100,0
BLCN.US,5,20230607,191000,21.293,21.293,21.293,21.293,168,0
BLCN.US,5,20230607,191500,21.4025,21.5,21.4025,21.5,2352,0
BLCN.US,5,20230607,194000,21.3499,21.3499,21.28,21.28,336,0
BLCN.US,5,20230607,194500,21.3178,21.3178,21.3178,21.3178,424,0
BLCN.US,5,20230607,195000,21.255,21.255,21.255,21.255,1000,0
BLCN.US,5,20230607,195500,21.255,21.255,21.255,21.255,103,0
BLCN.US,5,20230607,202000,21.3499,21.3499,21.315,21.315,200,0
BLCN.US,5,20230607,203000,21.315,21.315,21.315,21.315,668,0
BLCN.US,5,20230607,211500,21.315,21.315,21.315,21.315,113,0
BLCN.US,5,20230607,213000,21.315,21.315,21.315,21.315,2900,0
BLCN.US,5,20230607,214000,21.16,21.16,21.15,21.15,400,0
BLCN.US,5,20230607,215500,21.12,21.22,21.12,21.22,244,0
BLCN.US,5,20230608,154500,21.35,21.35,21.35,21.35,513,0
BLCN.US,5,20230608,171000,21.16,21.16,21.16,21.16,190,0
BLCN.US,5,20230608,180500,21.33,21.33,21.33,21.33,100,0
BLCN.US,5,20230608,182000,21.33,21.33,21.33,21.33,548,0
BLCN.US,5,20230608,183000,21.35,21.35,21.35,21.35,200,0
BLCN.US,5,20230608,184000,21.23,21.23,21.23,21.23,200,0
BLCN.US,5,20230608,185500,21.23,21.24,21.23,21.24,586,0
BLCN.US,5,20230608,191500,21.2,21.21,21.2,21.21,200,0
BLCN.US,5,20230608,192000,21.21,21.21,21.205,21.205,200,0
BLCN.US,5,20230608,192500,21.205,21.205,21.205,21.205,200,0
BLCN.US,5,20230608,193000,21.205,21.22,21.205,21.205,300,0
BLCN.US,5,20230608,193500,21.21,21.21,21.205,21.205,200,0
BLCN.US,5,20230608,194000,21.21,21.21,21.21,21.21,100,0
BLCN.US,5,20230608,194500,21.205,21.205,21.205,21.205,100,0
BLCN.US,5,20230608,195000,21.205,21.205,21.205,21.205,200,0
BLCN.US,5,20230608,195500,21.205,21.205,21.205,21.205,200,0
BLCN.US,5,20230608,200000,21.21,21.21,21.21,21.21,200,0
BLCN.US,5,20230608,200500,21.205,21.205,21.13,21.205,300,0
BLCN.US,5,20230608,201000,21.205,21.205,21.07,21.07,500,0
BLCN.US,5,20230608,201500,21.07,21.07,21.07,21.07,200,0
BLCN.US,5,20230608,202000,21.21,21.21,21.21,21.21,200,0
BLCN.US,5,20230608,202500,21.205,21.21,21.205,21.21,300,0
BLCN.US,5,20230608,203000,21.21,21.21,21.21,21.21,200,0
BLCN.US,5,20230608,203500,21.21,21.2398,21.08,21.2398,600,0
BLCN.US,5,20230608,204000,21.3471,21.3471,21.24,21.24,300,0
BLCN.US,5,20230608,204500,21.1,21.1,21.08,21.08,200,0
BLCN.US,5,20230608,205000,21.24,21.24,21.24,21.24,400,0
BLCN.US,5,20230608,205500,21.24,21.24,21.24,21.24,200,0
BLCN.US,5,20230608,210000,21.24,21.24,21.24,21.24,300,0
BLCN.US,5,20230608,210500,21.32,21.32,21.32,21.32,100,0
BLCN.US,5,20230608,211000,21.25,21.35,21.25,21.35,200,0
BLCN.US,5,20230608,211500,21.26,21.38,21.1,21.31,800,0
BLCN.US,5,20230608,212000,21.33,21.33,21.08,21.08,700,0
BLCN.US,5,20230608,212500,21.38,21.38,21.25,21.25,200,0
BLCN.US,5,20230608,213000,21.25,21.31,21.11,21.25,500,0
BLCN.US,5,20230608,213500,21.3587,21.3587,21.24,21.25,514,0
BLCN.US,5,20230608,214000,21.33,21.33,21.25,21.25,500,0
BLCN.US,5,20230608,214500,21.25,21.38,21.25,21.26,700,0
BLCN.US,5,20230608,215000,21.25,21.39,21.25,21.25,1000,0
BLCN.US,5,20230608,215500,21.14,21.4,21.09,21.09,2100,0
BLCN.US,5,20230609,153000,21.24,21.24,21.24,21.24,2582,0
BLCN.US,5,20230609,160000,21.5,21.5,21.35,21.5,550,0
BLCN.US,5,20230609,162500,21.61,21.61,21.61,21.61,100,0
BLCN.US,5,20230609,172000,21.2401,21.2401,21.2401,21.2401,400,0
BLCN.US,5,20230609,183000,21.23,21.32,21.21,21.215,900,0
BLCN.US,5,20230609,200500,21.39,21.39,21.39,21.39,100,0
BLCN.US,5,20230609,202500,21.3533,21.3533,21.3533,21.3533,100,0
BLCN.US,5,20230609,203000,21.2857,21.2857,20.9716,20.9716,1072,0
BLCN.US,5,20230609,212500,21.235,21.235,21.235,21.235,100,0
BLCN.US,5,20230609,214500,21.238,21.238,21.22,21.22,421,0
BLCN.US,5,20230609,215000,21.175,21.22,21.175,21.22,235,0
BLCN.US,5,20230612,153000,21.26,21.26,21.26,21.26,874,0
BLCN.US,5,20230612,154000,21.25,21.25,21.25,21.25,299,0
BLCN.US,5,20230612,155500,21.27,21.27,21.27,21.27,100,0
BLCN.US,5,20230612,162000,21.3,21.3,21.3,21.3,200,0
BLCN.US,5,20230612,174000,21.3929,21.3929,21.3929,21.3929,167,0
BLCN.US,5,20230612,180500,21.49,21.49,21.49,21.49,281,0
BLCN.US,5,20230612,181500,21.27,21.478,21.23,21.25,1879,0
BLCN.US,5,20230612,182000,21.04,21.04,21.04,21.04,100,0
BLCN.US,5,20230612,190500,21.4141,21.4141,21.4141,21.4141,149,0
BLCN.US,5,20230612,202000,21.33,21.33,21.02,21.02,1170,0
BLCN.US,5,20230612,202500,21.15,21.27,21.145,21.145,600,0
BLCN.US,5,20230612,203500,21.11,21.14,21.11,21.14,421,0
BLCN.US,5,20230612,204000,21.21,21.21,21.21,21.21,100,0
BLCN.US,5,20230612,204500,21.29,21.29,21.145,21.2094,1176,0
BLCN.US,5,20230612,205000,21.28,21.33,21.28,21.33,500,0
BLCN.US,5,20230612,211500,21.06,21.21,21.06,21.21,300,0
BLCN.US,5,20230612,214000,21.1882,21.1882,21.1882,21.1882,385,0
BLCN.US,5,20230612,214500,21.21,21.21,21.21,21.21,100,0
BLCN.US,5,20230612,215500,21.085,21.085,21.085,21.085,100,0
BLCN.US,5,20230613,153000,21.59,21.59,21.59,21.59,1847,0
BLCN.US,5,20230613,155500,21.4464,21.4464,21.4464,21.4464,100,0
BLCN.US,5,20230613,160000,21.45,21.45,21.45,21.45,500,0
BLCN.US,5,20230613,160500,21.41,21.41,21.39,21.39,200,0
BLCN.US,5,20230613,170500,21.45,21.45,21.45,21.45,500,0
BLCN.US,5,20230613,174000,21.5,21.67,21.5,21.67,454,0
BLCN.US,5,20230613,180500,21.6099,21.6099,21.6099,21.6099,100,0
BLCN.US,5,20230613,193000,21.62,21.7,21.62,21.7,684,0
BLCN.US,5,20230613,193500,21.7,21.7,21.7,21.7,100,0
BLCN.US,5,20230613,204000,21.5,21.5,21.5,21.5,150,0
BLCN.US,5,20230613,204500,21.38,21.38,21.38,21.38,183,0
BLCN.US,5,20230613,211000,21.565,21.565,21.565,21.565,200,0
BLCN.US,5,20230613,211500,21.445,21.445,21.445,21.445,100,0
BLCN.US,5,20230613,212500,21.445,21.445,21.445,21.445,100,0
BLCN.US,5,20230613,214000,21.55,21.55,21.55,21.55,125,0
BLCN.US,5,20230613,214500,21.56,21.56,21.56,21.56,100,0
BLCN.US,5,20230613,215000,21.58,21.58,21.58,21.58,100,0
BLCN.US,5,20230614,153000,21.63,21.63,21.63,21.63,850,0
BLCN.US,5,20230614,153500,21.5108,21.5108,21.5108,21.5108,100,0
BLCN.US,5,20230614,154000,21.7377,21.7377,21.7377,21.7377,500,0
BLCN.US,5,20230614,154500,21.8148,21.8148,21.8148,21.8148,100,0
BLCN.US,5,20230614,155000,21.9355,21.9355,21.9355,21.9355,227,0
BLCN.US,5,20230614,155500,21.85,21.98,21.85,21.98,1100,0
BLCN.US,5,20230614,173500,21.8,21.8,21.8,21.8,215,0
BLCN.US,5,20230614,175500,22,22,22,22,218,0
BLCN.US,5,20230614,180500,22,22,22,22,152,0
BLCN.US,5,20230614,181000,21.6027,21.6027,21.6027,21.6027,145,0
BLCN.US,5,20230614,194000,21.8,21.8,21.8,21.8,145,0
BLCN.US,5,20230614,204500,21.755,21.755,21.755,21.755,300,0
BLCN.US,5,20230614,205000,21.755,21.755,21.755,21.755,100,0
BLCN.US,5,20230614,205500,21.9391,21.9391,21.9391,21.9391,115,0
BLCN.US,5,20230614,212000,21.78,21.78,21.78,21.78,116,0
BLCN.US,5,20230614,213500,21.5601,21.5601,21.5601,21.5601,120,0
BLCN.US,5,20230614,215500,21.975,21.975,21.975,21.975,100,0
BLCN.US,5,20230615,153000,21.74,21.74,21.74,21.74,110,0
BLCN.US,5,20230615,155500,21.7,21.7,21.7,21.7,236,0
BLCN.US,5,20230615,161000,21.8584,21.8584,21.8584,21.8584,203,0
BLCN.US,5,20230615,163000,21.8707,21.8707,21.8707,21.8707,200,0
BLCN.US,5,20230615,163500,21.75,21.75,21.75,21.75,350,0
BLCN.US,5,20230615,170000,21.6827,21.6827,21.6827,21.6827,213,0
BLCN.US,5,20230615,174000,21.78,21.78,21.78,21.78,173,0
BLCN.US,5,20230615,184000,21.94,21.94,21.94,21.94,200,0
BLCN.US,5,20230615,201000,21.95,21.95,21.95,21.95,100,0
BLCN.US,5,20230615,204500,21.6501,21.6501,21.6501,21.6501,154,0
BLCN.US,5,20230615,205000,21.85,21.85,21.85,21.85,300,0
BLCN.US,5,20230615,205500,21.95,21.95,21.95,21.95,335,0
BLCN.US,5,20230615,210000,21.99,21.99,21.99,21.99,100,0
BLCN.US,5,20230615,210500,21.99,21.99,21.99,21.99,100,0
BLCN.US,5,20230615,213500,21.84,21.97,21.84,21.97,263,0
BLCN.US,5,20230615,215500,21.9899,21.99,21.9899,21.99,450,0
BLCN.US,5,20230616,153000,22.09,22.09,22.09,22.09,1436,0
BLCN.US,5,20230616,153500,21.78,21.78,21.78,21.78,101,0
BLCN.US,5,20230616,155000,21.9,21.9,21.9,21.9,300,0
BLCN.US,5,20230616,161500,21.925,21.925,21.925,21.925,100,0
BLCN.US,5,20230616,162500,21.98,21.98,21.98,21.98,100,0
BLCN.US,5,20230616,165000,22.09,22.09,21.82,21.82,1533,0
BLCN.US,5,20230616,170500,21.995,21.995,21.995,21.995,200,0
BLCN.US,5,20230616,171500,21.995,21.995,21.995,21.995,100,0
BLCN.US,5,20230616,172500,21.995,21.995,21.995,21.995,100,0
BLCN.US,5,20230616,173000,22.0899,22.0899,22.0899,22.0899,200,0
BLCN.US,5,20230616,173500,21.9909,21.9909,21.9909,21.9909,295,0
BLCN.US,5,20230616,174000,21.995,21.995,21.995,21.995,100,0
BLCN.US,5,20230616,175000,21.995,22.0895,21.995,22.0895,692,0
BLCN.US,5,20230616,175500,22.0701,22.0701,22.0701,22.0701,136,0
BLCN.US,5,20230616,183000,21.91,21.91,21.91,21.91,400,0
BLCN.US,5,20230616,184000,21.995,21.995,21.995,21.995,100,0
BLCN.US,5,20230616,185000,22.09,22.09,22.09,22.09,100,0
BLCN.US,5,20230616,185500,22.07,22.09,22.07,22.09,300,0
BLCN.US,5,20230616,190000,22.09,22.2,22.09,22.2,200,0
BLCN.US,5,20230616,194000,22.15,22.15,22.15,22.15,200,0
BLCN.US,5,20230616,211000,22.11,22.15,22.1,22.1,1400,0
BLCN.US,5,20230616,214500,22.19,22.19,22.19,22.19,300,0
BLCN.US,5,20230620,153000,21.9,21.9,21.9,21.9,857,0
BLCN.US,5,20230620,154000,22.005,22.005,22.005,22.005,183,0
BLCN.US,5,20230620,154500,21.86,21.86,21.84,21.84,200,0
BLCN.US,5,20230620,155000,22.005,22.005,21.8139,21.8139,538,0
BLCN.US,5,20230620,160500,21.6701,21.6701,21.6701,21.6701,150,0
BLCN.US,5,20230620,162500,21.6328,21.6328,21.6328,21.6328,225,0
BLCN.US,5,20230620,164500,21.92,21.92,21.92,21.92,230,0
BLCN.US,5,20230620,174000,21.68,21.68,21.68,21.68,303,0
BLCN.US,5,20230620,175500,21.6,21.6,21.6,21.6,285,0
BLCN.US,5,20230620,180000,22,22,22,22,178,0
BLCN.US,5,20230620,191000,21.64,21.64,21.52,21.52,200,0
BLCN.US,5,20230620,192000,21.924,21.924,21.924,21.924,114,0
BLCN.US,5,20230620,193500,21.5243,21.5243,21.5243,21.5243,101,0
BLCN.US,5,20230620,201000,21.65,22,21.5,22,5346,0
BLCN.US,5,20230620,201500,21.75,21.765,21.75,21.765,200,0
BLCN.US,5,20230620,202500,22,22,22,22,100,0
BLCN.US,5,20230620,203000,21.99,21.99,21.99,21.99,100,0
BLCN.US,5,20230620,203500,21.99,21.9975,21.99,21.9975,300,0
BLCN.US,5,20230620,204000,21.81,21.9995,21.81,21.97,300,0
BLCN.US,5,20230620,204500,21.999,21.999,21.999,21.999,200,0
BLCN.US,5,20230620,205000,22,22,22,22,200,0
BLCN.US,5,20230620,205500,22,22,22,22,100,0
BLCN.US,5,20230620,213000,21.78,21.98,21.78,21.98,225,0
BLCN.US,5,20230620,215000,21.781,21.781,21.781,21.781,100,0
BLCN.US,5,20230620,215500,21.785,21.785,21.785,21.785,100,0
BLCN.US,5,20230621,153000,21.76,21.76,21.69,21.69,812,0
BLCN.US,5,20230621,154000,21.6,21.6,21.6,21.6,373,0
BLCN.US,5,20230621,155000,21.64,21.64,21.64,21.64,250,0
BLCN.US,5,20230621,164500,21.6754,21.6754,21.6754,21.6754,203,0
BLCN.US,5,20230621,171500,21.85,21.85,21.85,21.85,100,0
BLCN.US,5,20230621,174000,21.745,21.745,21.745,21.745,227,0
BLCN.US,5,20230621,190500,21.6,21.6,21.6,21.6,540,0
BLCN.US,5,20230621,191000,21.745,21.745,21.745,21.745,100,0
BLCN.US,5,20230621,192000,21.6029,21.6029,21.6029,21.6029,180,0
BLCN.US,5,20230621,193500,21.8254,21.8254,21.8254,21.8254,1000,0
BLCN.US,5,20230621,194000,21.88,21.88,21.88,21.88,152,0
BLCN.US,5,20230621,195500,21.85,21.85,21.85,21.85,100,0
BLCN.US,5,20230621,202500,21.75,21.75,21.75,21.75,202,0
BLCN.US,5,20230621,203000,21.84,21.84,21.84,21.84,100,0
BLCN.US,5,20230621,212000,21.64,21.64,21.64,21.64,100,0
BLCN.US,5,20230621,213500,21.755,21.755,21.755,21.755,100,0
BLCN.US,5,20230621,215500,21.58,21.58,21.58,21.58,191,0
BLCN.US,5,20230622,153000,21.65,21.65,21.65,21.65,121,0
BLCN.US,5,20230622,165500,21.54,21.54,21.54,21.54,100,0
BLCN.US,5,20230622,170000,21.3301,21.3301,21.3301,21.3301,100,0
BLCN.US,5,20230622,172000,21.72,21.72,21.72,21.72,101,0
BLCN.US,5,20230622,173500,21.387,21.72,21.38,21.72,2336,0
BLCN.US,5,20230622,174000,21.72,21.72,21.72,21.72,166,0
BLCN.US,5,20230622,181000,21.4101,21.4101,21.4101,21.4101,208,0
BLCN.US,5,20230622,194500,21.565,21.565,21.565,21.565,100,0
BLCN.US,5,20230622,195000,21.45,21.72,21.45,21.72,890,0
BLCN.US,5,20230622,200500,21.6392,21.6392,21.6392,21.6392,114,0
BLCN.US,5,20230622,205500,21.5023,21.57,21.5023,21.57,272,0
BLCN.US,5,20230622,212000,21.43,21.69,21.42,21.69,4314,0
BLCN.US,5,20230622,212500,21.57,21.57,21.57,21.57,100,0
BLCN.US,5,20230622,213000,21.71,21.71,21.71,21.71,100,0
BLCN.US,5,20230622,213500,21.69,21.72,21.69,21.72,201,0
BLCN.US,5,20230622,215500,21.46,21.54,21.46,21.54,300,0
BLCN.US,5,20230623,153000,21.26,21.26,21.26,21.26,201,0
BLCN.US,5,20230623,163000,21.3881,21.3881,21.3881,21.3881,200,0
BLCN.US,5,20230623,165000,21.2,21.2,21.2,21.2,120,0
BLCN.US,5,20230623,171000,21.2329,21.2329,21.2329,21.2329,300,0
BLCN.US,5,20230623,172000,21.021,21.021,21.021,21.021,100,0
BLCN.US,5,20230623,192500,21.32,21.32,21.32,21.32,100,0
BLCN.US,5,20230623,193000,21.21,21.21,21.21,21.21,100,0
BLCN.US,5,20230623,194500,21.2112,21.2112,21.2112,21.2112,130,0
BLCN.US,5,20230623,201000,21.38,21.38,21.38,21.38,100,0
BLCN.US,5,20230623,203000,21.3946,21.3946,21.3946,21.3946,125,0
BLCN.US,5,20230623,203500,21.28,21.28,21.28,21.28,100,0
BLCN.US,5,20230623,210000,21.2,21.21,21.06,21.07,2740,0
BLCN.US,5,20230623,210500,21.04,21.06,21.04,21.05,400,0
BLCN.US,5,20230623,211000,21.0405,21.0405,21.0405,21.0405,100,0
BLCN.US,5,20230623,211500,21.0525,21.0525,21.0525,21.0525,100,0
BLCN.US,5,20230623,212000,21.0525,21.0525,21.0525,21.0525,100,0
BLCN.US,5,20230623,212500,21.2315,21.2315,21.2315,21.2315,131,0
BLCN.US,5,20230623,214500,21.06,21.06,21.06,21.06,166,0
BLCN.US,5,20230623,215500,21.09,21.09,21.09,21.09,179,0
BLCN.US,5,20230626,163500,21.0301,21.0301,21.0301,21.0301,102,0
BLCN.US,5,20230626,191000,20.8144,20.8144,20.8144,20.8144,150,0
BLCN.US,5,20230626,191500,20.81,20.81,20.7805,20.7805,1100,0
BLCN.US,5,20230626,192000,20.8143,20.8143,20.8143,20.8143,200,0
BLCN.US,5,20230626,193000,20.82,20.82,20.82,20.82,100,0
BLCN.US,5,20230626,195000,20.79,20.79,20.79,20.79,100,0
BLCN.US,5,20230626,201000,20.9324,20.9324,20.9324,20.9324,1000,0
BLCN.US,5,20230626,204000,20.863,20.863,20.863,20.863,122,0
BLCN.US,5,20230626,213500,20.91,20.91,20.91,20.91,203,0
BLCN.US,5,20230626,215500,20.9,20.9,20.9,20.9,102,0
BLCN.US,5,20230627,153000,20.89,20.89,20.89,20.89,615,0
BLCN.US,5,20230627,155500,20.895,20.895,20.895,20.895,100,0
BLCN.US,5,20230627,161500,20.835,20.8998,20.835,20.8998,392,0
BLCN.US,5,20230627,163000,20.885,20.885,20.885,20.885,200,0
BLCN.US,5,20230627,164500,20.875,20.875,20.875,20.875,100,0
BLCN.US,5,20230627,165000,20.87,20.87,20.87,20.87,200,0
BLCN.US,5,20230627,170000,20.885,20.8924,20.885,20.8924,203,0
BLCN.US,5,20230627,171000,20.84,20.84,20.84,20.84,100,0
BLCN.US,5,20230627,173500,20.9,20.9,20.9,20.9,959,0
BLCN.US,5,20230627,174000,20.95,20.95,20.9125,20.9125,306,0
BLCN.US,5,20230627,174500,20.9,20.9,20.9,20.9,500,0
BLCN.US,5,20230627,175500,20.89,20.89,20.89,20.89,100,0
BLCN.US,5,20230627,181500,21,21,20.89,20.89,200,0
BLCN.US,5,20230627,182000,20.894,20.894,20.89,20.89,240,0
BLCN.US,5,20230627,184500,20.9959,20.9959,20.9959,20.9959,650,0
BLCN.US,5,20230627,185000,20.96,20.96,20.96,20.96,200,0
BLCN.US,5,20230627,185500,20.96,20.96,20.96,20.96,100,0
BLCN.US,5,20230627,190500,20.975,20.975,20.975,20.975,100,0
BLCN.US,5,20230627,191500,21,21,21,21,100,0
BLCN.US,5,20230627,192000,20.995,21.02,20.99,20.99,956,0
BLCN.US,5,20230627,192500,21.195,21.195,21.195,21.195,509,0
BLCN.US,5,20230627,193000,21.195,21.195,20.99,20.99,316,0
BLCN.US,5,20230627,200500,21.215,21.215,21.215,21.215,200,0
BLCN.US,5,20230627,201500,21.04,21.215,21.04,21.215,203,0
BLCN.US,5,20230627,203500,21.1223,21.1223,21.08,21.08,200,0
BLCN.US,5,20230627,210000,21.06,21.07,21.06,21.07,236,0
BLCN.US,5,20230627,211000,21.0918,21.0918,21.08,21.08,1611,0
BLCN.US,5,20230627,211500,21.07,21.1317,21.07,21.1317,600,0
BLCN.US,5,20230627,212500,21.07,21.07,21.07,21.07,200,0
BLCN.US,5,20230627,213000,21.0914,21.0914,21.0914,21.0914,203,0
BLCN.US,5,20230627,215000,21.07,21.07,21.07,21.07,100,0
BLCN.US,5,20230627,215500,21.07,21.07,21.07,21.07,100,0
BLCN.US,5,20230628,153000,20.96,20.96,20.96,20.96,441,0
BLCN.US,5,20230628,153500,21.0281,21.0281,21.0281,21.0281,123,0
BLCN.US,5,20230628,154000,21,21,21,21,269,0
BLCN.US,5,20230628,160000,21.19,21.19,21.19,21.19,999,0
BLCN.US,5,20230628,162000,21.19,21.19,21.19,21.19,682,0
BLCN.US,5,20230628,164500,21.2,21.2,21.2,21.2,300,0
BLCN.US,5,20230628,165500,21.0481,21.0481,21.0481,21.0481,103,0
BLCN.US,5,20230628,171000,21.2,21.2,21.03,21.03,804,0
BLCN.US,5,20230628,171500,21.0435,21.0435,21.03,21.03,558,0
BLCN.US,5,20230628,172500,21.03,21.03,21.03,21.03,100,0
BLCN.US,5,20230628,175500,21.1573,21.1573,21.01,21.01,627,0
BLCN.US,5,20230628,182000,21.1091,21.1091,21.1091,21.1091,109,0
BLCN.US,5,20230628,182500,21.03,21.03,21.03,21.03,100,0
BLCN.US,5,20230628,190500,20.91,20.91,20.91,20.91,100,0
BLCN.US,5,20230628,201000,21.07,21.07,21.07,21.07,6119,0
BLCN.US,5,20230628,202000,20.97,20.97,20.97,20.97,160,0
BLCN.US,5,20230628,202500,21.085,21.085,21.085,21.085,250,0
BLCN.US,5,20230628,203000,21.085,21.1999,20.97,20.98,1698,0
BLCN.US,5,20230628,203500,20.98,20.98,20.98,20.98,200,0
BLCN.US,5,20230628,210500,21.015,21.015,21.015,21.015,137,0
BLCN.US,5,20230628,213500,21.1599,21.1599,20.93,20.93,676,0
BLCN.US,5,20230628,214000,21.109,21.109,21.045,21.045,333,0
BLCN.US,5,20230628,214500,21.1338,21.1338,20.95,20.95,426,0
BLCN.US,5,20230628,215500,20.95,20.95,20.95,20.95,100,0
BLCN.US,5,20230629,153000,20.8,21,20.8,21,465,0
BLCN.US,5,20230629,153500,21.2108,21.2108,21.2108,21.2108,101,0
BLCN.US,5,20230629,161000,21.2273,21.2273,21.2273,21.2273,165,0
BLCN.US,5,20230629,164000,21.2821,21.2821,21.2821,21.2821,357,0
BLCN.US,5,20230629,171000,21.11,21.12,21.09,21.12,500,0
BLCN.US,5,20230629,171500,21.1,21.1,21.1,21.1,200,0
BLCN.US,5,20230629,194500,21.265,21.265,21.141,21.141,287,0
BLCN.US,5,20230629,204500,21.3899,21.3899,21.16,21.16,500,0
BLCN.US,5,20230629,211500,21.39,21.39,21.39,21.39,200,0
BLCN.US,5,20230629,212000,21.18,21.18,21.18,21.18,100,0
BLCN.US,5,20230629,212500,21.3105,21.3105,21.3105,21.3105,101,0
BLCN.US,5,20230629,215000,21.21,21.21,21.21,21.21,100,0
BLCN.US,5,20230629,215500,21.295,21.295,21.21,21.21,420,0
BLCN.US,5,20230630,153000,21.47,21.8022,21.47,21.8022,2323,0
BLCN.US,5,20230630,155500,21.36,21.36,21.36,21.36,100,0
BLCN.US,5,20230630,160500,21.43,21.43,21.43,21.43,178,0
BLCN.US,5,20230630,175000,21.29,21.2943,21.29,21.2943,522,0
BLCN.US,5,20230630,180000,21.3,21.3,21.3,21.3,200,0
BLCN.US,5,20230630,181500,21.29,21.29,21.29,21.29,100,0
BLCN.US,5,20230630,182000,21.29,21.29,21.29,21.29,100,0
BLCN.US,5,20230630,183000,21.2925,21.2925,21.2925,21.2925,100,0
BLCN.US,5,20230630,184000,21.3101,21.3101,21.3101,21.3101,100,0
BLCN.US,5,20230630,185000,21.57,21.58,21.57,21.58,303,0
BLCN.US,5,20230630,191000,21.47,21.47,21.47,21.47,332,0
BLCN.US,5,20230630,191500,21.48,21.48,21.48,21.48,700,0
BLCN.US,5,20230630,200000,21.41,21.41,21.41,21.41,100,0
BLCN.US,5,20230630,200500,21.41,21.41,21.41,21.41,200,0
BLCN.US,5,20230630,212000,21.4,21.4,21.4,21.4,100,0
BLCN.US,5,20230630,213500,21.41,21.41,21.41,21.41,100,0
BLCN.US,5,20230703,153000,21.57,21.57,21.57,21.57,2254,0
BLCN.US,5,20230703,154000,21.792,21.792,21.792,21.792,380,0
BLCN.US,5,20230703,160500,21.79,21.79,21.79,21.79,100,0
BLCN.US,5,20230703,161000,21.79,21.79,21.79,21.79,236,0
BLCN.US,5,20230703,173500,21.9,21.9,21.9,21.9,800,0
BLCN.US,5,20230703,175000,21.94,21.98,21.94,21.98,900,0
BLCN.US,5,20230703,180000,22,22,22,22,100,0
BLCN.US,5,20230703,180500,21.99,22,21.99,22,1234,0
BLCN.US,5,20230703,181500,21.99,21.99,21.99,21.99,100,0
BLCN.US,5,20230703,185000,21.99,21.99,21.99,21.99,100,0
BLCN.US,5,20230703,190000,21.99,21.99,21.99,21.99,224,0
BLCN.US,5,20230705,153000,21.78,21.78,21.78,21.78,365,0
BLCN.US,5,20230705,165500,21.81,21.81,21.81,21.81,100,0
BLCN.US,5,20230705,175500,21.99,22,21.99,22,541,0
BLCN.US,5,20230705,180000,21.96,21.96,21.96,21.96,200,0
BLCN.US,5,20230705,184000,21.905,21.905,21.905,21.905,100,0
BLCN.US,5,20230705,190500,21.9999,22,21.905,21.9363,1816,0
BLCN.US,5,20230705,191000,22.12,22.12,22.12,22.12,100,0
BLCN.US,5,20230705,193500,22.1295,22.1295,22.1295,22.1295,100,0
BLCN.US,5,20230705,195500,22.129,22.129,22.129,22.129,100,0
BLCN.US,5,20230706,153000,21.77,21.77,21.35,21.35,499,0
BLCN.US,5,20230706,154000,21.56,21.56,21.56,21.56,100,0
BLCN.US,5,20230706,162000,21.37,21.37,21.35,21.35,300,0
BLCN.US,5,20230706,162500,21.36,21.36,21.36,21.36,100,0
BLCN.US,5,20230706,164000,21.45,21.45,21.45,21.45,1500,0
BLCN.US,5,20230706,181500,21.595,21.595,21.595,21.595,100,0
BLCN.US,5,20230706,195500,21.4874,21.4874,21.4874,21.4874,264,0
BLCN.US,5,20230706,213000,21.53,21.53,21.53,21.53,1000,0
BLCN.US,5,20230706,215500,21.63,21.63,21.63,21.63,200,0
BLCN.US,5,20230707,153000,21.63,21.63,21.63,21.63,790,0
BLCN.US,5,20230707,164500,21.955,21.955,21.955,21.955,110,0
BLCN.US,5,20230707,171000,22.06,22.06,22.06,22.06,100,0
BLCN.US,5,20230707,175500,22.08,22.24,22.08,22.1,1512,0
BLCN.US,5,20230707,181000,22.21,22.22,22.21,22.22,200,0
BLCN.US,5,20230707,182500,21.9301,22,21.9301,22,325,0
BLCN.US,5,20230707,214000,22.1318,22.1318,22.1318,22.1318,116,0
