<TICKER>,<PER>,<DATE>,<TIME>,<OPEN>,<HIGH>,<LOW>,<CLOSE>,<VOL>,<OPENINT>
BNDW.US,5,20230522,153000,68.29,68.29,68.225,68.24,9461,0
BNDW.US,5,20230522,153500,68.24,68.24,68.2123,68.2123,570,0
BNDW.US,5,20230522,154000,68.22,68.22,68.22,68.22,100,0
BNDW.US,5,20230522,160500,68.235,68.33,68.235,68.33,200,0
BNDW.US,5,20230522,161500,68.23,68.23,68.23,68.23,100,0
BNDW.US,5,20230522,162500,68.26,68.26,68.25,68.25,200,0
BNDW.US,5,20230522,165500,68.23,68.23,68.21,68.21,375,0
BNDW.US,5,20230522,170000,68.215,68.215,68.215,68.215,144,0
BNDW.US,5,20230522,171000,68.21,68.21,68.21,68.21,146,0
BNDW.US,5,20230522,172000,68.2,68.21,68.2,68.21,467,0
BNDW.US,5,20230522,173500,68.21,68.21,68.21,68.21,300,0
BNDW.US,5,20230522,174000,68.18,68.18,68.18,68.18,100,0
BNDW.US,5,20230522,180000,68.182,68.182,68.182,68.182,838,0
BNDW.US,5,20230522,180500,68.17,68.19,68.17,68.19,290,0
BNDW.US,5,20230522,182000,68.22,68.22,68.22,68.22,200,0
BNDW.US,5,20230522,183000,68.22,68.22,68.22,68.22,100,0
BNDW.US,5,20230522,183500,68.2184,68.2184,68.2184,68.2184,168,0
BNDW.US,5,20230522,185500,68.2258,68.2258,68.2258,68.2258,474,0
BNDW.US,5,20230522,190000,68.2,68.2,68.2,68.2,100,0
BNDW.US,5,20230522,190500,68.2,68.2,68.2,68.2,1370,0
BNDW.US,5,20230522,192000,68.225,68.225,68.225,68.225,293,0
BNDW.US,5,20230522,194000,68.21,68.21,68.21,68.21,100,0
BNDW.US,5,20230522,195500,68.23,68.23,68.23,68.23,146,0
BNDW.US,5,20230522,200000,68.2498,68.25,68.24,68.24,683,0
BNDW.US,5,20230522,201000,68.23,68.23,68.23,68.23,100,0
BNDW.US,5,20230522,202000,68.23,68.23,68.23,68.23,458,0
BNDW.US,5,20230522,204000,68.22,68.22,68.22,68.22,100,0
BNDW.US,5,20230522,204500,68.2105,68.2105,68.2105,68.2105,150,0
BNDW.US,5,20230522,210000,68.2,68.2,68.2,68.2,100,0
BNDW.US,5,20230522,212500,68.205,68.205,68.205,68.205,2027,0
BNDW.US,5,20230522,213000,68.21,68.22,68.2049,68.2049,436,0
BNDW.US,5,20230522,213500,68.21,68.21,68.2099,68.2099,330,0
BNDW.US,5,20230522,214000,68.19,68.19,68.19,68.19,100,0
BNDW.US,5,20230522,215000,68.19,68.2055,68.19,68.2055,455,0
BNDW.US,5,20230522,215500,68.19,68.195,68.18,68.18,2202,0
BNDW.US,5,20230523,153000,68.15,68.15,68.12,68.12,6365,0
BNDW.US,5,20230523,154500,68.12,68.12,68.12,68.12,100,0
BNDW.US,5,20230523,161000,68.1072,68.14,68.1072,68.14,2114,0
BNDW.US,5,20230523,162000,68.149,68.149,68.14,68.14,328,0
BNDW.US,5,20230523,170000,68.13,68.13,68.13,68.13,100,0
BNDW.US,5,20230523,172000,68.13,68.13,68.13,68.13,170,0
BNDW.US,5,20230523,173000,68.149,68.149,68.13,68.13,638,0
BNDW.US,5,20230523,175000,68.13,68.13,68.13,68.13,100,0
BNDW.US,5,20230523,180000,68.13,68.13,68.12,68.12,300,0
BNDW.US,5,20230523,180500,68.1272,68.1272,68.1272,68.1272,122,0
BNDW.US,5,20230523,181500,68.13,68.13,68.13,68.13,100,0
BNDW.US,5,20230523,183000,68.16,68.16,68.16,68.16,1456,0
BNDW.US,5,20230523,184500,68.18,68.18,68.18,68.18,115,0
BNDW.US,5,20230523,185000,68.17,68.17,68.17,68.17,100,0
BNDW.US,5,20230523,191000,68.155,68.155,68.155,68.155,410,0
BNDW.US,5,20230523,191500,68.17,68.18,68.1627,68.1627,2379,0
BNDW.US,5,20230523,192000,68.16,68.16,68.16,68.16,100,0
BNDW.US,5,20230523,193500,68.197,68.197,68.197,68.197,136,0
BNDW.US,5,20230523,195000,68.18,68.18,68.18,68.18,100,0
BNDW.US,5,20230523,200500,68.17,68.18,68.17,68.18,200,0
BNDW.US,5,20230523,202000,68.219,68.219,68.219,68.219,100,0
BNDW.US,5,20230523,202500,68.24,68.24,68.24,68.24,1579,0
BNDW.US,5,20230523,203000,68.23,68.23,68.23,68.23,100,0
BNDW.US,5,20230523,204000,68.2405,68.2405,68.2405,68.2405,100,0
BNDW.US,5,20230523,204500,68.25,68.25,68.235,68.235,217,0
BNDW.US,5,20230523,210000,68.2284,68.2284,68.2284,68.2284,134,0
BNDW.US,5,20230523,210500,68.23,68.24,68.2293,68.23,11441,0
BNDW.US,5,20230523,211500,68.2,68.2,68.2,68.2,122,0
BNDW.US,5,20230523,212500,68.22,68.22,68.21,68.21,223,0
BNDW.US,5,20230523,214500,68.219,68.22,68.219,68.22,329,0
BNDW.US,5,20230523,215000,68.213,68.213,68.2021,68.2021,558,0
BNDW.US,5,20230523,215500,68.215,68.22,68.21,68.22,1389,0
BNDW.US,5,20230524,153000,68.26,68.26,68.2249,68.26,692,0
BNDW.US,5,20230524,154500,68.2384,68.2384,68.2384,68.2384,206,0
BNDW.US,5,20230524,155500,68.25,68.25,68.24,68.24,300,0
BNDW.US,5,20230524,161000,68.19,68.19,68.19,68.19,440,0
BNDW.US,5,20230524,162500,68.2091,68.2091,68.2091,68.2091,145,0
BNDW.US,5,20230524,164000,68.19,68.19,68.19,68.19,125,0
BNDW.US,5,20230524,164500,68.19,68.19,68.19,68.19,200,0
BNDW.US,5,20230524,165000,68.17,68.17,68.17,68.17,368,0
BNDW.US,5,20230524,170000,68.18,68.18,68.18,68.18,146,0
BNDW.US,5,20230524,170500,68.16,68.16,68.16,68.16,185,0
BNDW.US,5,20230524,171000,68.1999,68.1999,68.1999,68.1999,104,0
BNDW.US,5,20230524,172000,68.184,68.184,68.184,68.184,510,0
BNDW.US,5,20230524,172500,68.2,68.2,68.2,68.2,100,0
BNDW.US,5,20230524,174000,68.1699,68.1699,68.1699,68.1699,293,0
BNDW.US,5,20230524,175000,68.135,68.135,68.13,68.13,832,0
BNDW.US,5,20230524,180000,68.1,68.1,68.1,68.1,100,0
BNDW.US,5,20230524,181500,68.06,68.06,68.0591,68.0591,605,0
BNDW.US,5,20230524,182000,68.06,68.06,68.06,68.06,100,0
BNDW.US,5,20230524,182500,68.0509,68.0509,68.0509,68.0509,805,0
BNDW.US,5,20230524,191500,68.09,68.09,68.09,68.09,1117,0
BNDW.US,5,20230524,192000,68.0892,68.0892,68.0892,68.0892,371,0
BNDW.US,5,20230524,195000,68.1001,68.105,68.1001,68.105,990,0
BNDW.US,5,20230524,200500,68.11,68.11,68.11,68.11,168,0
BNDW.US,5,20230524,203500,68.179,68.179,68.179,68.179,119,0
BNDW.US,5,20230524,204000,68.15,68.15,68.14,68.14,7302,0
BNDW.US,5,20230524,204500,68.15,68.15,68.15,68.15,199,0
BNDW.US,5,20230524,210000,68.1,68.1047,68.09,68.09,343,0
BNDW.US,5,20230524,211500,68.1082,68.1082,68.1082,68.1082,379,0
BNDW.US,5,20230524,212500,68.092,68.092,68.092,68.092,130,0
BNDW.US,5,20230524,214500,68.085,68.085,68.085,68.085,146,0
BNDW.US,5,20230524,215000,68.0704,68.08,68.0704,68.0709,869,0
BNDW.US,5,20230524,215500,68.07,68.08,68.07,68.08,700,0
BNDW.US,5,20230525,153000,68,68,68,68,165,0
BNDW.US,5,20230525,153500,67.9888,67.9888,67.9888,67.9888,501,0
BNDW.US,5,20230525,154500,67.95,67.95,67.95,67.95,100,0
BNDW.US,5,20230525,160500,67.9885,67.9885,67.9885,67.9885,300,0
BNDW.US,5,20230525,161000,67.99,67.99,67.9772,67.9772,1362,0
BNDW.US,5,20230525,164000,67.965,67.965,67.9601,67.9601,439,0
BNDW.US,5,20230525,165000,67.96,67.96,67.96,67.96,310,0
BNDW.US,5,20230525,165500,67.95,67.95,67.95,67.95,100,0
BNDW.US,5,20230525,170000,67.9358,67.9358,67.9358,67.9358,112,0
BNDW.US,5,20230525,171500,67.94,67.94,67.94,67.94,100,0
BNDW.US,5,20230525,172500,67.925,67.925,67.925,67.925,379,0
BNDW.US,5,20230525,173000,67.9324,67.9324,67.9324,67.9324,1000,0
BNDW.US,5,20230525,173500,67.905,67.905,67.905,67.905,200,0
BNDW.US,5,20230525,174000,67.9,67.9,67.9,67.9,100,0
BNDW.US,5,20230525,174500,67.8991,67.8991,67.8991,67.8991,160,0
BNDW.US,5,20230525,175000,67.9,67.9,67.89,67.89,394,0
BNDW.US,5,20230525,175500,67.885,67.885,67.885,67.885,251,0
BNDW.US,5,20230525,180000,67.89,67.895,67.8824,67.8824,2440,0
BNDW.US,5,20230525,180500,67.89,67.89,67.89,67.89,700,0
BNDW.US,5,20230525,181000,67.89,67.89,67.8802,67.8802,3163,0
BNDW.US,5,20230525,181500,67.89,67.89,67.89,67.89,500,0
BNDW.US,5,20230525,182000,67.885,67.89,67.885,67.89,900,0
BNDW.US,5,20230525,182500,67.885,67.885,67.885,67.885,300,0
BNDW.US,5,20230525,183000,67.885,67.885,67.885,67.885,100,0
BNDW.US,5,20230525,183500,67.885,67.885,67.885,67.885,400,0
BNDW.US,5,20230525,184000,67.885,67.885,67.885,67.885,500,0
BNDW.US,5,20230525,184500,67.885,67.885,67.875,67.875,850,0
BNDW.US,5,20230525,185000,67.875,67.875,67.8688,67.8688,684,0
BNDW.US,5,20230525,185500,67.87,67.88,67.87,67.88,300,0
BNDW.US,5,20230525,190000,67.88,67.88,67.88,67.88,500,0
BNDW.US,5,20230525,192000,67.855,67.855,67.855,67.855,300,0
BNDW.US,5,20230525,192500,67.855,67.855,67.85,67.85,300,0
BNDW.US,5,20230525,193500,67.865,67.865,67.8624,67.8624,1011,0
BNDW.US,5,20230525,194500,67.85,67.8567,67.85,67.8567,1180,0
BNDW.US,5,20230525,203000,67.8505,67.86,67.8505,67.86,1222,0
BNDW.US,5,20230525,205000,67.8393,67.8393,67.8393,67.8393,104,0
BNDW.US,5,20230525,205500,67.83,67.83,67.83,67.83,100,0
BNDW.US,5,20230525,210000,67.81,67.81,67.8,67.8,901,0
BNDW.US,5,20230525,212500,67.7716,67.7716,67.7716,67.7716,270,0
BNDW.US,5,20230525,213500,67.78,67.78,67.78,67.78,144,0
BNDW.US,5,20230525,215500,67.81,67.82,67.81,67.82,1700,0
BNDW.US,5,20230526,153000,67.8,67.8,67.7971,67.7971,1140,0
BNDW.US,5,20230526,154000,67.81,67.81,67.81,67.81,100,0
BNDW.US,5,20230526,154500,67.7942,67.7942,67.7942,67.7942,153,0
BNDW.US,5,20230526,155500,67.8,67.8,67.8,67.8,113,0
BNDW.US,5,20230526,160000,67.8,67.81,67.8,67.81,400,0
BNDW.US,5,20230526,163000,67.87,67.87,67.87,67.87,160,0
BNDW.US,5,20230526,164000,67.82,67.83,67.82,67.83,17199,0
BNDW.US,5,20230526,165000,67.819,67.819,67.819,67.819,229,0
BNDW.US,5,20230526,165500,67.805,67.805,67.805,67.805,200,0
BNDW.US,5,20230526,170500,67.795,67.7994,67.795,67.795,829,0
BNDW.US,5,20230526,171000,67.75,67.75,67.7224,67.7224,1000,0
BNDW.US,5,20230526,172000,67.7692,67.7698,67.7692,67.7698,1679,0
BNDW.US,5,20230526,174000,67.8,67.8,67.8,67.8,100,0
BNDW.US,5,20230526,174500,67.8111,67.8111,67.8111,67.8111,289,0
BNDW.US,5,20230526,182000,67.84,67.84,67.8395,67.8395,300,0
BNDW.US,5,20230526,182500,67.83,67.83,67.83,67.83,300,0
BNDW.US,5,20230526,184500,67.84,67.84,67.84,67.84,100,0
BNDW.US,5,20230526,190500,67.85,67.85,67.85,67.85,790,0
BNDW.US,5,20230526,193000,67.8617,67.8617,67.8617,67.8617,765,0
BNDW.US,5,20230526,200000,67.89,67.89,67.89,67.89,100,0
BNDW.US,5,20230526,200500,67.885,67.885,67.885,67.885,176,0
BNDW.US,5,20230526,201000,67.8825,67.8825,67.8825,67.8825,540,0
BNDW.US,5,20230526,201500,67.88,67.9,67.88,67.9,413,0
BNDW.US,5,20230526,202000,67.8974,67.8974,67.895,67.895,274,0
BNDW.US,5,20230526,203000,67.89,67.899,67.89,67.899,289,0
BNDW.US,5,20230526,210000,67.89,67.89,67.89,67.89,100,0
BNDW.US,5,20230526,211000,67.899,67.899,67.899,67.899,100,0
BNDW.US,5,20230526,211500,67.9,67.9,67.8995,67.8995,326,0
BNDW.US,5,20230526,212000,67.899,67.899,67.899,67.899,100,0
BNDW.US,5,20230526,212500,67.883,67.883,67.883,67.883,124,0
BNDW.US,5,20230526,213500,67.8988,67.8988,67.8988,67.8988,250,0
BNDW.US,5,20230526,215000,67.9,67.9,67.9,67.9,176,0
BNDW.US,5,20230526,215500,67.92,67.93,67.91,67.93,1200,0
BNDW.US,5,20230530,153000,68.15,68.1772,68.15,68.155,2732,0
BNDW.US,5,20230530,154500,68.185,68.185,68.185,68.185,100,0
BNDW.US,5,20230530,155000,68.1999,68.1999,68.1999,68.1999,432,0
BNDW.US,5,20230530,155500,68.2,68.21,68.2,68.21,4444,0
BNDW.US,5,20230530,160000,68.195,68.195,68.1823,68.1823,1300,0
BNDW.US,5,20230530,162000,68.2,68.2,68.2,68.2,100,0
BNDW.US,5,20230530,162500,68.2175,68.2175,68.2175,68.2175,100,0
BNDW.US,5,20230530,164000,68.2491,68.2491,68.2491,68.2491,267,0
BNDW.US,5,20230530,165000,68.235,68.235,68.235,68.235,200,0
BNDW.US,5,20230530,170000,68.25,68.25,68.25,68.25,100,0
BNDW.US,5,20230530,172500,68.3191,68.3191,68.3104,68.3104,562,0
BNDW.US,5,20230530,173000,68.305,68.3083,68.305,68.3083,483,0
BNDW.US,5,20230530,173500,68.3,68.304,68.3,68.304,1565,0
BNDW.US,5,20230530,174000,68.295,68.295,68.295,68.295,100,0
BNDW.US,5,20230530,175000,68.295,68.3,68.295,68.3,468,0
BNDW.US,5,20230530,180500,68.28,68.28,68.28,68.28,100,0
BNDW.US,5,20230530,181500,68.29,68.305,68.29,68.305,493,0
BNDW.US,5,20230530,182500,68.29,68.29,68.29,68.29,245,0
BNDW.US,5,20230530,190000,68.27,68.27,68.27,68.27,100,0
BNDW.US,5,20230530,191500,68.305,68.305,68.305,68.305,200,0
BNDW.US,5,20230530,192000,68.305,68.305,68.3001,68.3001,1568,0
BNDW.US,5,20230530,193500,68.3258,68.3258,68.3258,68.3258,100,0
BNDW.US,5,20230530,194000,68.32,68.32,68.32,68.32,200,0
BNDW.US,5,20230530,194500,68.3272,68.3272,68.3272,68.3272,102,0
BNDW.US,5,20230530,195000,68.345,68.345,68.345,68.345,100,0
BNDW.US,5,20230530,195500,68.365,68.38,68.365,68.3757,970,0
BNDW.US,5,20230530,201000,68.3742,68.3792,68.3701,68.3701,1752,0
BNDW.US,5,20230530,203500,68.3791,68.3791,68.3791,68.3791,122,0
BNDW.US,5,20230530,204000,68.365,68.365,68.365,68.365,395,0
BNDW.US,5,20230530,204500,68.365,68.365,68.365,68.365,100,0
BNDW.US,5,20230530,205000,68.37,68.38,68.369,68.38,4922,0
BNDW.US,5,20230530,210500,68.37,68.37,68.37,68.37,559,0
BNDW.US,5,20230530,211000,68.37,68.37,68.37,68.37,183,0
BNDW.US,5,20230530,211500,68.37,68.37,68.37,68.37,300,0
BNDW.US,5,20230530,214500,68.3762,68.3762,68.37,68.37,925,0
BNDW.US,5,20230530,215000,68.375,68.405,68.375,68.405,1577,0
BNDW.US,5,20230530,215500,68.3914,68.44,68.39,68.41,3598,0
BNDW.US,5,20230531,153000,68.5,68.5,68.475,68.475,2713,0
BNDW.US,5,20230531,153500,68.51,68.51,68.51,68.51,200,0
BNDW.US,5,20230531,154000,68.52,68.589,68.52,68.5757,2200,0
BNDW.US,5,20230531,160000,68.56,68.56,68.4945,68.4945,1354,0
BNDW.US,5,20230531,162000,68.5,68.5,68.5,68.5,584,0
BNDW.US,5,20230531,163500,68.53,68.53,68.52,68.52,200,0
BNDW.US,5,20230531,164000,68.516,68.54,68.516,68.54,602,0
BNDW.US,5,20230531,165500,68.54,68.54,68.5327,68.5327,730,0
BNDW.US,5,20230531,171000,68.53,68.5416,68.53,68.5416,510,0
BNDW.US,5,20230531,171500,68.54,68.54,68.54,68.54,325,0
BNDW.US,5,20230531,173500,68.55,68.55,68.55,68.55,100,0
BNDW.US,5,20230531,180000,68.545,68.545,68.54,68.54,1400,0
BNDW.US,5,20230531,181000,68.515,68.515,68.515,68.515,226,0
BNDW.US,5,20230531,182000,68.51,68.51,68.51,68.51,100,0
BNDW.US,5,20230531,183000,68.53,68.53,68.53,68.53,100,0
BNDW.US,5,20230531,184000,68.5291,68.5291,68.5291,68.5291,147,0
BNDW.US,5,20230531,190500,68.56,68.56,68.56,68.56,100,0
BNDW.US,5,20230531,192000,68.555,68.555,68.555,68.555,1673,0
BNDW.US,5,20230531,193000,68.587,68.587,68.587,68.587,703,0
BNDW.US,5,20230531,193500,68.58,68.58,68.5784,68.5784,250,0
BNDW.US,5,20230531,200500,68.61,68.61,68.61,68.61,100,0
BNDW.US,5,20230531,203500,68.65,68.65,68.64,68.64,200,0
BNDW.US,5,20230531,204500,68.6401,68.6401,68.6401,68.6401,1005,0
BNDW.US,5,20230531,205500,68.64,68.64,68.64,68.64,100,0
BNDW.US,5,20230531,210500,68.64,68.64,68.64,68.64,100,0
BNDW.US,5,20230531,211500,68.631,68.631,68.631,68.631,3647,0
BNDW.US,5,20230531,212000,68.64,68.64,68.64,68.64,136,0
BNDW.US,5,20230531,213000,68.65,68.65,68.65,68.65,100,0
BNDW.US,5,20230531,214000,68.64,68.66,68.64,68.66,1064,0
BNDW.US,5,20230531,215500,68.67,68.675,68.67,68.675,300,0
BNDW.US,5,20230601,153000,68.56,68.63,68.56,68.61,2107,0
BNDW.US,5,20230601,153500,68.66,68.66,68.64,68.64,465,0
BNDW.US,5,20230601,154500,68.65,68.65,68.62,68.62,700,0
BNDW.US,5,20230601,155500,68.6474,68.6474,68.6474,68.6474,100,0
BNDW.US,5,20230601,160000,68.65,68.66,68.65,68.66,200,0
BNDW.US,5,20230601,160500,68.66,68.66,68.63,68.63,830,0
BNDW.US,5,20230601,161500,68.645,68.645,68.645,68.645,113,0
BNDW.US,5,20230601,165000,68.615,68.615,68.61,68.61,374,0
BNDW.US,5,20230601,165500,68.6099,68.6099,68.6,68.6,1792,0
BNDW.US,5,20230601,170000,68.6082,68.6082,68.59,68.59,231,0
BNDW.US,5,20230601,171000,68.6082,68.6082,68.6082,68.6082,143,0
BNDW.US,5,20230601,171500,68.6,68.6075,68.6,68.6075,466,0
BNDW.US,5,20230601,172000,68.59,68.59,68.59,68.59,100,0
BNDW.US,5,20230601,173000,68.625,68.625,68.625,68.625,160,0
BNDW.US,5,20230601,173500,68.6478,68.6478,68.6399,68.6399,700,0
BNDW.US,5,20230601,175000,68.6383,68.6383,68.63,68.63,435,0
BNDW.US,5,20230601,180000,68.64,68.64,68.64,68.64,166,0
BNDW.US,5,20230601,181500,68.6489,68.6489,68.6489,68.6489,115,0
BNDW.US,5,20230601,182500,68.62,68.62,68.62,68.62,100,0
BNDW.US,5,20230601,184500,68.62,68.62,68.62,68.62,100,0
BNDW.US,5,20230601,185500,68.625,68.63,68.625,68.63,200,0
BNDW.US,5,20230601,190000,68.6205,68.6238,68.62,68.6215,1933,0
BNDW.US,5,20230601,190500,68.6291,68.6291,68.6291,68.6291,352,0
BNDW.US,5,20230601,191000,68.625,68.625,68.625,68.625,104,0
BNDW.US,5,20230601,191500,68.6285,68.6285,68.6285,68.6285,265,0
BNDW.US,5,20230601,192000,68.63,68.64,68.63,68.6327,358,0
BNDW.US,5,20230601,192500,68.62,68.64,68.62,68.64,200,0
BNDW.US,5,20230601,200500,68.6309,68.6309,68.6309,68.6309,335,0
BNDW.US,5,20230601,201000,68.64,68.64,68.64,68.64,100,0
BNDW.US,5,20230601,202000,68.65,68.65,68.65,68.65,296,0
BNDW.US,5,20230601,204000,68.661,68.661,68.661,68.661,100,0
BNDW.US,5,20230601,205000,68.662,68.662,68.662,68.662,146,0
BNDW.US,5,20230601,205500,68.66,68.666,68.66,68.666,400,0
BNDW.US,5,20230601,210000,68.66,68.66,68.6563,68.66,1477,0
BNDW.US,5,20230601,210500,68.67,68.67,68.67,68.67,100,0
BNDW.US,5,20230601,211000,68.6799,68.6799,68.6799,68.6799,306,0
BNDW.US,5,20230601,212500,68.66,68.66,68.655,68.655,246,0
BNDW.US,5,20230601,213500,68.6491,68.6491,68.6491,68.6491,1721,0
BNDW.US,5,20230601,214000,68.64,68.65,68.64,68.65,5614,0
BNDW.US,5,20230601,215000,68.64,68.64,68.64,68.64,380,0
BNDW.US,5,20230601,215500,68.64,68.64,68.63,68.63,1000,0
BNDW.US,5,20230602,153000,68.55,68.55,68.55,68.55,2847,0
BNDW.US,5,20230602,154000,68.55,68.56,68.55,68.56,431,0
BNDW.US,5,20230602,154500,68.53,68.53,68.52,68.53,1208,0
BNDW.US,5,20230602,155000,68.5,68.5,68.5,68.5,140,0
BNDW.US,5,20230602,160000,68.4729,68.4729,68.4729,68.4729,118,0
BNDW.US,5,20230602,160500,68.488,68.488,68.488,68.488,2130,0
BNDW.US,5,20230602,161000,68.4601,68.4601,68.4601,68.4601,446,0
BNDW.US,5,20230602,162000,68.4316,68.4316,68.4316,68.4316,194,0
BNDW.US,5,20230602,163000,68.4201,68.4201,68.4201,68.4201,513,0
BNDW.US,5,20230602,164000,68.46,68.4679,68.46,68.4679,466,0
BNDW.US,5,20230602,165000,68.46,68.46,68.4592,68.4592,746,0
BNDW.US,5,20230602,172000,68.45,68.45,68.45,68.45,104,0
BNDW.US,5,20230602,172500,68.4587,68.4587,68.4587,68.4587,1979,0
BNDW.US,5,20230602,173000,68.43,68.45,68.43,68.438,1474,0
BNDW.US,5,20230602,173500,68.431,68.431,68.431,68.431,100,0
BNDW.US,5,20230602,180000,68.42,68.42,68.42,68.42,100,0
BNDW.US,5,20230602,183000,68.39,68.39,68.39,68.39,100,0
BNDW.US,5,20230602,184000,68.427,68.427,68.427,68.427,388,0
BNDW.US,5,20230602,184500,68.425,68.425,68.425,68.425,156,0
BNDW.US,5,20230602,185000,68.422,68.422,68.422,68.422,520,0
BNDW.US,5,20230602,185500,68.4,68.4,68.4,68.4,100,0
BNDW.US,5,20230602,192000,68.41,68.42,68.41,68.42,300,0
BNDW.US,5,20230602,194500,68.4182,68.4182,68.39,68.39,2493,0
BNDW.US,5,20230602,195000,68.39,68.39,68.39,68.39,100,0
BNDW.US,5,20230602,195500,68.3843,68.3843,68.3843,68.3843,118,0
BNDW.US,5,20230602,200500,68.37,68.37,68.37,68.37,100,0
BNDW.US,5,20230602,201000,68.362,68.362,68.362,68.362,637,0
BNDW.US,5,20230602,204000,68.37,68.37,68.37,68.37,100,0
BNDW.US,5,20230602,205000,68.38,68.38,68.38,68.38,100,0
BNDW.US,5,20230602,205500,68.38,68.38,68.38,68.38,100,0
BNDW.US,5,20230602,210000,68.38,68.38,68.38,68.38,100,0
BNDW.US,5,20230602,211000,68.3924,68.3924,68.3924,68.3924,650,0
BNDW.US,5,20230602,211500,68.38,68.38,68.38,68.38,100,0
BNDW.US,5,20230602,212000,68.399,68.4,68.399,68.3999,6852,0
BNDW.US,5,20230602,212500,68.3999,68.4,68.383,68.383,616,0
BNDW.US,5,20230602,213000,68.39,68.3999,68.39,68.3999,747,0
BNDW.US,5,20230602,214000,68.36,68.36,68.36,68.36,100,0
BNDW.US,5,20230602,215000,68.36,68.36,68.351,68.351,209,0
BNDW.US,5,20230602,215500,68.37,68.37,68.37,68.37,292,0
BNDW.US,5,20230605,153000,68.16,68.1973,68.15,68.15,3970,0
BNDW.US,5,20230605,153500,68.15,68.15,68.15,68.15,183,0
BNDW.US,5,20230605,154500,68.15,68.1603,68.15,68.1603,792,0
BNDW.US,5,20230605,155500,68.21,68.21,68.2,68.2,651,0
BNDW.US,5,20230605,163000,68.37,68.37,68.37,68.37,193,0
BNDW.US,5,20230605,164000,68.369,68.37,68.369,68.3694,1208,0
BNDW.US,5,20230605,164500,68.33,68.33,68.33,68.33,175,0
BNDW.US,5,20230605,165000,68.34,68.34,68.34,68.34,100,0
BNDW.US,5,20230605,165500,68.305,68.305,68.305,68.305,120,0
BNDW.US,5,20230605,170000,68.2732,68.2732,68.2732,68.2732,956,0
BNDW.US,5,20230605,173000,68.3166,68.3166,68.295,68.295,503,0
BNDW.US,5,20230605,173500,68.28,68.28,68.28,68.28,193,0
BNDW.US,5,20230605,181500,68.34,68.34,68.34,68.34,100,0
BNDW.US,5,20230605,183500,68.28,68.28,68.28,68.28,741,0
BNDW.US,5,20230605,184000,68.285,68.285,68.285,68.285,216,0
BNDW.US,5,20230605,184500,68.275,68.275,68.275,68.275,300,0
BNDW.US,5,20230605,190500,68.27,68.27,68.27,68.27,100,0
BNDW.US,5,20230605,191500,68.24,68.24,68.24,68.24,100,0
BNDW.US,5,20230605,193500,68.27,68.27,68.27,68.27,100,0
BNDW.US,5,20230605,201000,68.26,68.26,68.26,68.26,100,0
BNDW.US,5,20230605,203000,68.25,68.25,68.25,68.25,100,0
BNDW.US,5,20230605,204500,68.27,68.27,68.27,68.27,130,0
BNDW.US,5,20230605,205000,68.3,68.3,68.285,68.285,348,0
BNDW.US,5,20230605,210500,68.26,68.26,68.26,68.26,100,0
BNDW.US,5,20230605,211000,68.3,68.3,68.3,68.3,412,0
BNDW.US,5,20230605,213000,68.2974,68.2974,68.2974,68.2974,115,0
BNDW.US,5,20230605,215500,68.261,68.29,68.26,68.29,325,0
BNDW.US,5,20230606,153000,68.32,68.33,68.295,68.31,4694,0
BNDW.US,5,20230606,153500,68.25,68.25,68.25,68.25,200,0
BNDW.US,5,20230606,160500,68.22,68.22,68.219,68.2199,326,0
BNDW.US,5,20230606,161000,68.205,68.205,68.205,68.205,1172,0
BNDW.US,5,20230606,163000,68.2345,68.2345,68.2345,68.2345,205,0
BNDW.US,5,20230606,164500,68.25,68.25,68.25,68.25,148,0
BNDW.US,5,20230606,165500,68.25,68.25,68.25,68.25,100,0
BNDW.US,5,20230606,170000,68.23,68.23,68.23,68.23,150,0
BNDW.US,5,20230606,171500,68.245,68.25,68.245,68.25,495,0
BNDW.US,5,20230606,172000,68.25,68.25,68.25,68.25,757,0
BNDW.US,5,20230606,173000,68.29,68.29,68.29,68.29,100,0
BNDW.US,5,20230606,174500,68.3,68.3,68.299,68.299,200,0
BNDW.US,5,20230606,180000,68.3064,68.3064,68.2809,68.2927,1066,0
BNDW.US,5,20230606,181500,68.29,68.29,68.29,68.29,234,0
BNDW.US,5,20230606,182500,68.299,68.299,68.299,68.299,100,0
BNDW.US,5,20230606,184000,68.325,68.34,68.325,68.34,510,0
BNDW.US,5,20230606,190000,68.339,68.339,68.339,68.339,100,0
BNDW.US,5,20230606,191500,68.33,68.33,68.33,68.33,100,0
BNDW.US,5,20230606,193000,68.32,68.32,68.32,68.32,491,0
BNDW.US,5,20230606,195500,68.34,68.34,68.34,68.34,100,0
BNDW.US,5,20230606,200000,68.3392,68.3392,68.3392,68.3392,8032,0
BNDW.US,5,20230606,201000,68.36,68.36,68.35,68.35,1535,0
BNDW.US,5,20230606,202000,68.3401,68.36,68.3401,68.36,200,0
BNDW.US,5,20230606,203000,68.3484,68.36,68.3484,68.3599,2592,0
BNDW.US,5,20230606,204500,68.34,68.34,68.34,68.34,100,0
BNDW.US,5,20230606,205000,68.34,68.35,68.3399,68.34,5916,0
BNDW.US,5,20230606,210000,68.345,68.35,68.3415,68.3415,875,0
BNDW.US,5,20230606,210500,68.35,68.35,68.35,68.35,100,0
BNDW.US,5,20230606,211500,68.345,68.345,68.345,68.345,1609,0
BNDW.US,5,20230606,212500,68.35,68.36,68.35,68.36,813,0
BNDW.US,5,20230606,213000,68.3548,68.3594,68.3548,68.3594,831,0
BNDW.US,5,20230606,214000,68.35,68.359,68.35,68.35,408,0
BNDW.US,5,20230606,215000,68.3418,68.36,68.3418,68.36,334,0
BNDW.US,5,20230607,153000,68.3,68.34,68.3,68.34,2030,0
BNDW.US,5,20230607,160000,68.2871,68.2871,68.2871,68.2871,640,0
BNDW.US,5,20230607,160500,68.27,68.3,68.2332,68.2332,15360,0
BNDW.US,5,20230607,162000,68.22,68.22,68.22,68.22,214,0
BNDW.US,5,20230607,162500,68.21,68.21,68.1696,68.17,12590,0
BNDW.US,5,20230607,164000,68.15,68.15,68.1497,68.15,2800,0
BNDW.US,5,20230607,164500,68.1474,68.1474,68.1474,68.1474,314,0
BNDW.US,5,20230607,165000,68.169,68.17,68.169,68.17,581,0
BNDW.US,5,20230607,165500,68.1401,68.1401,68.13,68.13,1474,0
BNDW.US,5,20230607,170500,68.12,68.12,68.12,68.12,173,0
BNDW.US,5,20230607,171000,68.11,68.11,68.1024,68.1024,844,0
BNDW.US,5,20230607,173500,68.06,68.06,68.06,68.06,100,0
BNDW.US,5,20230607,174000,68.0815,68.0815,68.0815,68.0815,244,0
BNDW.US,5,20230607,174500,68.079,68.079,68.079,68.079,150,0
BNDW.US,5,20230607,181500,68.03,68.03,68.03,68.03,146,0
BNDW.US,5,20230607,183000,68.03,68.03,68.03,68.03,420,0
BNDW.US,5,20230607,184500,68.0342,68.0342,68.0342,68.0342,260,0
BNDW.US,5,20230607,185000,68,68.0008,68,68.0008,475,0
BNDW.US,5,20230607,185500,68,68,68,68,100,0
BNDW.US,5,20230607,191500,67.9901,67.9901,67.9901,67.9901,230,0
BNDW.US,5,20230607,193000,67.99,67.99,67.99,67.99,1363,0
BNDW.US,5,20230607,200000,68.025,68.025,68.025,68.025,600,0
BNDW.US,5,20230607,200500,68.01,68.01,68.01,68.01,102,0
BNDW.US,5,20230607,201000,68.01,68.01,68.01,68.01,138,0
BNDW.US,5,20230607,204000,68.02,68.02,68.02,68.02,100,0
BNDW.US,5,20230607,205000,68.03,68.03,68.03,68.03,100,0
BNDW.US,5,20230607,211500,68.05,68.05,68.0493,68.0493,548,0
BNDW.US,5,20230607,213000,68,68,68,68,442,0
BNDW.US,5,20230607,214000,68.015,68.015,68.01,68.01,255,0
BNDW.US,5,20230607,214500,68.01,68.01,68.0007,68.0007,3506,0
BNDW.US,5,20230607,215500,68.04,68.04,68.04,68.04,600,0
BNDW.US,5,20230608,153000,68.06,68.1171,68.06,68.1171,611,0
BNDW.US,5,20230608,153500,68.1586,68.1586,68.1586,68.1586,292,0
BNDW.US,5,20230608,154000,68.16,68.16,68.16,68.16,110,0
BNDW.US,5,20230608,163000,68.1908,68.1908,68.1908,68.1908,695,0
BNDW.US,5,20230608,170000,68.229,68.24,68.229,68.24,5646,0
BNDW.US,5,20230608,170500,68.2274,68.2274,68.2274,68.2274,117,0
BNDW.US,5,20230608,171000,68.2169,68.2286,68.2169,68.2286,578,0
BNDW.US,5,20230608,171500,68.22,68.22,68.22,68.22,110,0
BNDW.US,5,20230608,173000,68.2101,68.23,68.2101,68.23,1558,0
BNDW.US,5,20230608,183500,68.255,68.255,68.255,68.255,328,0
BNDW.US,5,20230608,185000,68.2384,68.2384,68.2384,68.2384,148,0
BNDW.US,5,20230608,190500,68.25,68.25,68.25,68.25,666,0
BNDW.US,5,20230608,191000,68.25,68.2595,68.235,68.2595,1902,0
BNDW.US,5,20230608,191500,68.238,68.238,68.238,68.238,247,0
BNDW.US,5,20230608,194000,68.2599,68.26,68.2599,68.26,535,0
BNDW.US,5,20230608,195500,68.259,68.259,68.259,68.259,644,0
BNDW.US,5,20230608,200000,68.27,68.27,68.27,68.27,600,0
BNDW.US,5,20230608,203000,68.26,68.275,68.26,68.275,707,0
BNDW.US,5,20230608,203500,68.27,68.27,68.27,68.27,665,0
BNDW.US,5,20230608,204000,68.289,68.289,68.26,68.26,1538,0
BNDW.US,5,20230608,205500,68.2898,68.2898,68.2898,68.2898,135,0
BNDW.US,5,20230608,212000,68.28,68.28,68.28,68.28,353,0
BNDW.US,5,20230608,213000,68.271,68.29,68.271,68.29,654,0
BNDW.US,5,20230608,214500,68.3,68.3,68.2915,68.2999,3749,0
BNDW.US,5,20230608,215000,68.29,68.2994,68.29,68.2994,792,0
BNDW.US,5,20230608,215500,68.29,68.29,68.29,68.29,290,0
BNDW.US,5,20230609,153000,68.25,68.2775,68.23,68.23,670,0
BNDW.US,5,20230609,154000,68.18,68.18,68.18,68.18,147,0
BNDW.US,5,20230609,160000,68.18,68.18,68.17,68.17,476,0
BNDW.US,5,20230609,160500,68.18,68.18,68.18,68.18,100,0
BNDW.US,5,20230609,162000,68.195,68.195,68.195,68.195,607,0
BNDW.US,5,20230609,164500,68.2321,68.2321,68.2321,68.2321,108,0
BNDW.US,5,20230609,165500,68.25,68.25,68.25,68.25,426,0
BNDW.US,5,20230609,170500,68.3,68.3,68.285,68.285,1451,0
BNDW.US,5,20230609,171000,68.299,68.299,68.299,68.299,100,0
BNDW.US,5,20230609,171500,68.3,68.3,68.3,68.3,200,0
BNDW.US,5,20230609,172000,68.26,68.26,68.26,68.26,100,0
BNDW.US,5,20230609,174500,68.25,68.25,68.25,68.25,1172,0
BNDW.US,5,20230609,181000,68.28,68.28,68.28,68.28,100,0
BNDW.US,5,20230609,183500,68.28,68.28,68.28,68.28,100,0
BNDW.US,5,20230609,190000,68.28,68.28,68.28,68.28,100,0
BNDW.US,5,20230609,191000,68.289,68.289,68.289,68.289,100,0
BNDW.US,5,20230609,194000,68.29,68.29,68.29,68.29,1080,0
BNDW.US,5,20230609,194500,68.2733,68.2733,68.2733,68.2733,521,0
BNDW.US,5,20230609,200000,68.3,68.3,68.3,68.3,800,0
BNDW.US,5,20230609,200500,68.3,68.3,68.3,68.3,18119,0
BNDW.US,5,20230609,202500,68.295,68.295,68.295,68.295,779,0
BNDW.US,5,20230609,205500,68.28,68.28,68.28,68.28,100,0
BNDW.US,5,20230609,212500,68.268,68.268,68.268,68.268,222,0
BNDW.US,5,20230609,213000,68.28,68.28,68.28,68.28,1673,0
BNDW.US,5,20230609,214000,68.28,68.28,68.28,68.28,2000,0
BNDW.US,5,20230609,214500,68.265,68.265,68.265,68.265,138,0
BNDW.US,5,20230609,215500,68.26,68.26,68.25,68.25,1271,0
BNDW.US,5,20230612,153000,68.36,68.36,68.33,68.33,7748,0
BNDW.US,5,20230612,153500,68.3182,68.3182,68.3182,68.3182,385,0
BNDW.US,5,20230612,155000,68.24,68.24,68.24,68.24,100,0
BNDW.US,5,20230612,160000,68.185,68.185,68.185,68.185,100,0
BNDW.US,5,20230612,162000,68.2,68.2,68.2,68.2,521,0
BNDW.US,5,20230612,162500,68.1501,68.1501,68.1501,68.1501,140,0
BNDW.US,5,20230612,165000,68.2001,68.2001,68.2001,68.2001,126,0
BNDW.US,5,20230612,170000,68.21,68.21,68.21,68.21,137,0
BNDW.US,5,20230612,170500,68.21,68.21,68.21,68.21,113,0
BNDW.US,5,20230612,171500,68.2377,68.2377,68.2352,68.2352,213,0
BNDW.US,5,20230612,172500,68.215,68.215,68.215,68.215,146,0
BNDW.US,5,20230612,173000,68.269,68.269,68.25,68.25,2066,0
BNDW.US,5,20230612,173500,68.23,68.23,68.23,68.23,100,0
BNDW.US,5,20230612,174500,68.22,68.22,68.22,68.22,320,0
BNDW.US,5,20230612,175500,68.2,68.2,68.2,68.2,120,0
BNDW.US,5,20230612,181500,68.2,68.2001,68.2,68.2001,266,0
BNDW.US,5,20230612,182000,68.21,68.22,68.21,68.22,300,0
BNDW.US,5,20230612,183500,68.21,68.21,68.21,68.21,320,0
BNDW.US,5,20230612,190500,68.205,68.205,68.205,68.205,210,0
BNDW.US,5,20230612,191500,68.25,68.25,68.24,68.24,651,0
BNDW.US,5,20230612,192000,68.25,68.25,68.235,68.235,988,0
BNDW.US,5,20230612,192500,68.235,68.235,68.235,68.235,658,0
BNDW.US,5,20230612,193000,68.25,68.26,68.245,68.245,2099,0
BNDW.US,5,20230612,193500,68.2484,68.2484,68.235,68.235,1638,0
BNDW.US,5,20230612,194500,68.249,68.249,68.235,68.235,1456,0
BNDW.US,5,20230612,195000,68.235,68.2561,68.235,68.2561,645,0
BNDW.US,5,20230612,195500,68.2591,68.2591,68.2591,68.2591,879,0
BNDW.US,5,20230612,200000,68.26,68.27,68.245,68.2696,2543,0
BNDW.US,5,20230612,200500,68.24,68.2688,68.24,68.2688,569,0
BNDW.US,5,20230612,201000,68.255,68.255,68.255,68.255,175,0
BNDW.US,5,20230612,201500,68.27,68.27,68.269,68.27,479,0
BNDW.US,5,20230612,202000,68.2587,68.2587,68.255,68.255,279,0
BNDW.US,5,20230612,202500,68.26,68.26,68.2505,68.2505,400,0
BNDW.US,5,20230612,203000,68.255,68.255,68.245,68.245,421,0
BNDW.US,5,20230612,203500,68.27,68.27,68.2615,68.2615,652,0
BNDW.US,5,20230612,204000,68.27,68.27,68.2615,68.27,600,0
BNDW.US,5,20230612,205000,68.28,68.28,68.265,68.2672,1862,0
BNDW.US,5,20230612,210500,68.29,68.3,68.29,68.3,282,0
BNDW.US,5,20230612,211500,68.2931,68.32,68.2931,68.3099,1600,0
BNDW.US,5,20230612,212000,68.33,68.33,68.33,68.33,175,0
BNDW.US,5,20230612,213500,68.334,68.334,68.334,68.334,600,0
BNDW.US,5,20230612,214000,68.33,68.33,68.33,68.33,158,0
BNDW.US,5,20230612,215000,68.36,68.36,68.36,68.36,100,0
BNDW.US,5,20230612,215500,68.34,68.34,68.34,68.34,100,0
BNDW.US,5,20230613,153000,68.48,68.51,68.48,68.51,831,0
BNDW.US,5,20230613,155000,68.27,68.27,68.27,68.27,600,0
BNDW.US,5,20230613,155500,68.25,68.25,68.25,68.25,100,0
BNDW.US,5,20230613,162000,68.2376,68.2376,68.2376,68.2376,1025,0
BNDW.US,5,20230613,164000,68.2358,68.2358,68.235,68.235,1613,0
BNDW.US,5,20230613,165000,68.2315,68.2315,68.2315,68.2315,100,0
BNDW.US,5,20230613,165500,68.24,68.24,68.24,68.24,122,0
BNDW.US,5,20230613,170500,68.23,68.2336,68.21,68.2336,898,0
BNDW.US,5,20230613,171000,68.22,68.22,68.22,68.22,9592,0
BNDW.US,5,20230613,172000,68.205,68.205,68.205,68.205,146,0
BNDW.US,5,20230613,172500,68.2,68.2,68.2,68.2,100,0
BNDW.US,5,20230613,173000,68.17,68.17,68.17,68.17,10306,0
BNDW.US,5,20230613,174500,68.1736,68.2044,68.1736,68.2044,731,0
BNDW.US,5,20230613,181500,68.2,68.2,68.2,68.2,136,0
BNDW.US,5,20230613,183500,68.22,68.2291,68.22,68.2291,966,0
BNDW.US,5,20230613,185500,68.22,68.22,68.22,68.22,200,0
BNDW.US,5,20230613,190000,68.249,68.25,68.249,68.2499,2798,0
BNDW.US,5,20230613,190500,68.2499,68.2499,68.2499,68.2499,133,0
BNDW.US,5,20230613,192000,68.23,68.23,68.23,68.23,100,0
BNDW.US,5,20230613,194000,68.2,68.2,68.1905,68.1905,586,0
BNDW.US,5,20230613,195000,68.184,68.189,68.18,68.189,2177,0
BNDW.US,5,20230613,195500,68.15,68.15,68.1499,68.1499,586,0
BNDW.US,5,20230613,200000,68.15,68.15,68.15,68.15,600,0
BNDW.US,5,20230613,201000,68.14,68.14,68.14,68.14,100,0
BNDW.US,5,20230613,201500,68.135,68.135,68.135,68.135,200,0
BNDW.US,5,20230613,202500,68.0836,68.0836,68.0836,68.0836,144,0
BNDW.US,5,20230613,204500,68.0527,68.07,68.0527,68.07,11503,0
BNDW.US,5,20230613,205000,68.08,68.08,68.08,68.08,100,0
BNDW.US,5,20230613,205500,68.05,68.05,68.05,68.05,155,0
BNDW.US,5,20230613,211500,68.04,68.04,68.04,68.04,214,0
BNDW.US,5,20230613,212000,68.06,68.06,68.06,68.06,132,0
BNDW.US,5,20230613,215000,68.079,68.08,68.079,68.0799,600,0
BNDW.US,5,20230613,215500,68.08,68.08,68.08,68.08,400,0
BNDW.US,5,20230614,153000,68.11,68.11,68.085,68.085,1144,0
BNDW.US,5,20230614,154000,68.1216,68.1216,68.1216,68.1216,190,0
BNDW.US,5,20230614,155000,68.149,68.15,68.12,68.14,2380,0
BNDW.US,5,20230614,160500,68.1,68.11,68.1,68.11,221,0
BNDW.US,5,20230614,161000,68.1091,68.11,68.1005,68.1005,1214,0
BNDW.US,5,20230614,162500,68.1595,68.1595,68.1595,68.1595,871,0
BNDW.US,5,20230614,163000,68.16,68.16,68.16,68.16,50500,0
BNDW.US,5,20230614,163500,68.16,68.16,68.16,68.16,200,0
BNDW.US,5,20230614,165000,68.15,68.15,68.15,68.15,100,0
BNDW.US,5,20230614,172500,68.18,68.18,68.18,68.18,800,0
BNDW.US,5,20230614,173500,68.175,68.19,68.175,68.1833,2983,0
BNDW.US,5,20230614,180500,68.18,68.18,68.18,68.18,717,0
BNDW.US,5,20230614,181500,68.1673,68.1673,68.1673,68.1673,108,0
BNDW.US,5,20230614,183500,68.1547,68.17,68.15,68.15,762,0
BNDW.US,5,20230614,185000,68.155,68.16,68.155,68.16,281,0
BNDW.US,5,20230614,185500,68.1662,68.1662,68.1662,68.1662,560,0
BNDW.US,5,20230614,192000,68.16,68.16,68.16,68.16,319,0
BNDW.US,5,20230614,193500,68.1753,68.18,68.1705,68.18,1111,0
BNDW.US,5,20230614,194000,68.18,68.18,68.1757,68.1757,452,0
BNDW.US,5,20230614,194500,68.17,68.17,68.17,68.17,100,0
BNDW.US,5,20230614,195000,68.18,68.18,68.18,68.18,169,0
BNDW.US,5,20230614,195500,68.19,68.19,68.1776,68.1776,2187,0
BNDW.US,5,20230614,200000,68.05,68.05,68,68.01,890,0
BNDW.US,5,20230614,200500,67.96,67.96,67.96,67.96,103,0
BNDW.US,5,20230614,201000,67.95,67.95,67.95,67.95,100,0
BNDW.US,5,20230614,201500,67.981,67.981,67.981,67.981,2000,0
BNDW.US,5,20230614,202000,67.9948,68,67.9805,67.99,1665,0
BNDW.US,5,20230614,202500,67.9886,67.9886,67.9886,67.9886,1442,0
BNDW.US,5,20230614,203000,68.02,68.02,68.02,68.02,200,0
BNDW.US,5,20230614,204000,68.1,68.1,68.1,68.1,100,0
BNDW.US,5,20230614,204500,68.1,68.1,68.1,68.1,300,0
BNDW.US,5,20230614,212500,68.025,68.025,68.025,68.025,121,0
BNDW.US,5,20230614,213000,68.01,68.01,68.01,68.01,285,0
BNDW.US,5,20230614,213500,68.0499,68.05,68.0499,68.05,1404,0
BNDW.US,5,20230614,214000,68.04,68.079,68.04,68.0733,1506,0
BNDW.US,5,20230614,214500,68.08,68.08,68.08,68.08,200,0
BNDW.US,5,20230614,215000,68.0921,68.0921,68.0921,68.0921,834,0
BNDW.US,5,20230614,215500,68.093,68.093,68.09,68.09,1004,0
BNDW.US,5,20230615,153000,68.3,68.3,68.3,68.3,3352,0
BNDW.US,5,20230615,155000,68.3276,68.3276,68.3276,68.3276,908,0
BNDW.US,5,20230615,160000,68.3084,68.3084,68.3084,68.3084,250,0
BNDW.US,5,20230615,160500,68.31,68.31,68.31,68.31,100,0
BNDW.US,5,20230615,164000,68.39,68.39,68.36,68.36,403,0
BNDW.US,5,20230615,165000,68.3426,68.3426,68.3426,68.3426,188,0
BNDW.US,5,20230615,165500,68.3,68.3,68.3,68.3,120,0
BNDW.US,5,20230615,171000,68.1901,68.1901,68.1901,68.1901,152,0
BNDW.US,5,20230615,173000,68.21,68.21,68.21,68.21,139,0
BNDW.US,5,20230615,180500,68.2555,68.2555,68.2555,68.2555,146,0
BNDW.US,5,20230615,181500,68.245,68.245,68.245,68.245,150,0
BNDW.US,5,20230615,182500,68.2618,68.2618,68.2618,68.2618,300,0
BNDW.US,5,20230615,183000,68.2868,68.2868,68.2868,68.2868,533,0
BNDW.US,5,20230615,183500,68.2798,68.2798,68.2798,68.2798,327,0
BNDW.US,5,20230615,184500,68.282,68.282,68.2732,68.2732,1707,0
BNDW.US,5,20230615,191000,68.28,68.28,68.28,68.28,316,0
BNDW.US,5,20230615,192000,68.28,68.28,68.28,68.28,179,0
BNDW.US,5,20230615,192500,68.2882,68.2882,68.2882,68.2882,192,0
BNDW.US,5,20230615,193500,68.2882,68.2882,68.2882,68.2882,116,0
BNDW.US,5,20230615,194000,68.2746,68.32,68.2746,68.28,18361,0
BNDW.US,5,20230615,194500,68.27,68.29,68.27,68.275,1380,0
BNDW.US,5,20230615,195500,68.285,68.285,68.285,68.285,175,0
BNDW.US,5,20230615,200000,68.299,68.299,68.29,68.299,362,0
BNDW.US,5,20230615,200500,68.29,68.29,68.2632,68.275,4151,0
BNDW.US,5,20230615,201500,68.2626,68.28,68.2626,68.28,290,0
BNDW.US,5,20230615,203000,68.29,68.29,68.2772,68.2772,6432,0
BNDW.US,5,20230615,210000,68.2727,68.2727,68.2727,68.2727,104,0
BNDW.US,5,20230615,211000,68.278,68.278,68.278,68.278,444,0
BNDW.US,5,20230615,212000,68.3,68.3,68.3,68.3,400,0
BNDW.US,5,20230615,212500,68.295,68.295,68.295,68.295,108,0
BNDW.US,5,20230615,213000,68.295,68.301,68.295,68.301,393,0
BNDW.US,5,20230615,213500,68.309,68.309,68.309,68.309,100,0
BNDW.US,5,20230615,214000,68.33,68.34,68.3299,68.34,10834,0
BNDW.US,5,20230615,214500,68.325,68.34,68.325,68.325,1877,0
BNDW.US,5,20230615,215000,68.33,68.33,68.33,68.33,200,0
BNDW.US,5,20230615,215500,68.3226,68.34,68.3226,68.34,471,0
BNDW.US,5,20230616,153000,68.18,68.21,68.18,68.195,2793,0
BNDW.US,5,20230616,153500,68.21,68.21,68.21,68.21,3900,0
BNDW.US,5,20230616,160000,68.31,68.31,68.31,68.31,200,0
BNDW.US,5,20230616,161000,68.2199,68.2199,68.2199,68.2199,250,0
BNDW.US,5,20230616,161500,68.19,68.19,68.18,68.18,4556,0
BNDW.US,5,20230616,162000,68.2,68.2,68.2,68.2,528,0
BNDW.US,5,20230616,163000,68.18,68.18,68.18,68.18,564,0
BNDW.US,5,20230616,164500,68.24,68.24,68.24,68.24,234,0
BNDW.US,5,20230616,165000,68.215,68.215,68.215,68.215,145,0
BNDW.US,5,20230616,170000,68.255,68.259,68.255,68.259,229,0
BNDW.US,5,20230616,171000,68.28,68.3,68.28,68.3,9998,0
BNDW.US,5,20230616,171500,68.26,68.26,68.26,68.26,100,0
BNDW.US,5,20230616,175000,68.2001,68.2001,68.2001,68.2001,150,0
BNDW.US,5,20230616,180000,68.21,68.21,68.21,68.21,249,0
BNDW.US,5,20230616,180500,68.2148,68.2148,68.2148,68.2148,2775,0
BNDW.US,5,20230616,181000,68.22,68.22,68.22,68.22,293,0
BNDW.US,5,20230616,183500,68.235,68.235,68.235,68.235,140,0
BNDW.US,5,20230616,184500,68.25,68.25,68.2482,68.2482,1160,0
BNDW.US,5,20230616,190500,68.22,68.22,68.22,68.22,42815,0
BNDW.US,5,20230616,191500,68.2427,68.25,68.2427,68.25,300,0
BNDW.US,5,20230616,194500,68.24,68.24,68.24,68.24,100,0
BNDW.US,5,20230616,200000,68.2625,68.265,68.2625,68.265,937,0
BNDW.US,5,20230616,200500,68.279,68.2799,68.2672,68.2799,711,0
BNDW.US,5,20230616,202000,68.265,68.265,68.265,68.265,289,0
BNDW.US,5,20230616,203000,68.24,68.24,68.24,68.24,100,0
BNDW.US,5,20230616,203500,68.245,68.245,68.245,68.245,106,0
BNDW.US,5,20230616,205000,68.2518,68.2518,68.2518,68.2518,400,0
BNDW.US,5,20230616,210000,68.25,68.25,68.25,68.25,117,0
BNDW.US,5,20230616,210500,68.23,68.23,68.23,68.23,100,0
BNDW.US,5,20230616,212000,68.27,68.27,68.2627,68.2627,352,0
BNDW.US,5,20230616,214000,68.265,68.265,68.2587,68.2587,1286,0
BNDW.US,5,20230616,215000,68.26,68.26,68.26,68.26,113,0
BNDW.US,5,20230616,215500,68.27,68.27,68.25,68.25,321,0
BNDW.US,5,20230620,153000,68.38,68.42,68.38,68.405,3826,0
BNDW.US,5,20230620,153500,68.44,68.44,68.44,68.44,344,0
BNDW.US,5,20230620,154000,68.4001,68.4001,68.4,68.4001,452,0
BNDW.US,5,20230620,155000,68.4,68.41,68.4,68.41,757,0
BNDW.US,5,20230620,160000,68.445,68.445,68.445,68.445,154,0
BNDW.US,5,20230620,160500,68.4311,68.4311,68.4311,68.4311,300,0
BNDW.US,5,20230620,162000,68.4536,68.4536,68.4536,68.4536,233,0
BNDW.US,5,20230620,170500,68.465,68.465,68.465,68.465,290,0
BNDW.US,5,20230620,171000,68.46,68.47,68.46,68.47,2911,0
BNDW.US,5,20230620,172000,68.47,68.47,68.47,68.47,100,0
BNDW.US,5,20230620,172500,68.46,68.46,68.46,68.46,100,0
BNDW.US,5,20230620,173500,68.4568,68.4568,68.45,68.45,1191,0
BNDW.US,5,20230620,180000,68.4534,68.4534,68.4534,68.4534,193,0
BNDW.US,5,20230620,181000,68.46,68.46,68.46,68.46,100,0
BNDW.US,5,20230620,183000,68.4601,68.47,68.4601,68.47,301,0
BNDW.US,5,20230620,184000,68.48,68.48,68.48,68.48,100,0
BNDW.US,5,20230620,185500,68.462,68.4642,68.46,68.4603,1050,0
BNDW.US,5,20230620,195000,68.46,68.46,68.46,68.46,100,0
BNDW.US,5,20230620,200500,68.4505,68.4505,68.4505,68.4505,275,0
BNDW.US,5,20230620,202500,68.4383,68.4383,68.4383,68.4383,220,0
BNDW.US,5,20230620,203000,68.4342,68.4342,68.4342,68.4342,294,0
BNDW.US,5,20230620,203500,68.45,68.45,68.45,68.45,100,0
BNDW.US,5,20230620,210500,68.44,68.44,68.44,68.44,140,0
BNDW.US,5,20230620,211000,68.439,68.44,68.439,68.44,3145,0
BNDW.US,5,20230620,211500,68.4216,68.44,68.42,68.4227,9263,0
BNDW.US,5,20230620,212000,68.4174,68.43,68.4174,68.419,834,0
BNDW.US,5,20230620,212500,68.405,68.405,68.405,68.405,289,0
BNDW.US,5,20230620,213000,68.4026,68.419,68.4026,68.41,592,0
BNDW.US,5,20230620,213500,68.41,68.43,68.41,68.4281,1216,0
BNDW.US,5,20230620,214500,68.44,68.44,68.429,68.4299,950,0
BNDW.US,5,20230620,215000,68.44,68.44,68.4201,68.44,2820,0
BNDW.US,5,20230620,215500,68.44,68.44,68.44,68.44,600,0
BNDW.US,5,20230621,153000,68.3,68.3,68.275,68.275,608,0
BNDW.US,5,20230621,153500,68.2401,68.2418,68.24,68.2418,1241,0
BNDW.US,5,20230621,154500,68.225,68.225,68.225,68.225,732,0
BNDW.US,5,20230621,155000,68.22,68.22,68.22,68.22,268,0
BNDW.US,5,20230621,161500,68.23,68.2564,68.23,68.2564,1192,0
BNDW.US,5,20230621,162000,68.2523,68.27,68.2523,68.27,368,0
BNDW.US,5,20230621,162500,68.2499,68.25,68.235,68.24,2443,0
BNDW.US,5,20230621,163500,68.26,68.26,68.26,68.26,473,0
BNDW.US,5,20230621,164000,68.232,68.2336,68.23,68.2327,800,0
BNDW.US,5,20230621,165000,68.285,68.29,68.285,68.29,2534,0
BNDW.US,5,20230621,165500,68.315,68.315,68.315,68.315,141,0
BNDW.US,5,20230621,170500,68.315,68.315,68.315,68.315,125,0
BNDW.US,5,20230621,171000,68.29,68.29,68.29,68.29,551,0
BNDW.US,5,20230621,171500,68.299,68.3,68.299,68.3,200,0
BNDW.US,5,20230621,174000,68.295,68.295,68.295,68.295,200,0
BNDW.US,5,20230621,175500,68.29,68.29,68.29,68.29,188,0
BNDW.US,5,20230621,180000,68.2841,68.2841,68.2841,68.2841,179,0
BNDW.US,5,20230621,180500,68.3,68.3,68.3,68.3,196,0
BNDW.US,5,20230621,181000,68.31,68.31,68.2928,68.2928,243,0
BNDW.US,5,20230621,182500,68.3119,68.3119,68.3119,68.3119,1341,0
BNDW.US,5,20230621,184000,68.32,68.32,68.32,68.32,100,0
BNDW.US,5,20230621,185000,68.35,68.35,68.35,68.35,146,0
BNDW.US,5,20230621,185500,68.35,68.35,68.35,68.35,585,0
BNDW.US,5,20230621,190000,68.39,68.39,68.39,68.39,157,0
BNDW.US,5,20230621,190500,68.37,68.37,68.37,68.37,968,0
BNDW.US,5,20230621,191500,68.39,68.41,68.39,68.41,556,0
BNDW.US,5,20230621,193000,68.42,68.42,68.42,68.42,200,0
BNDW.US,5,20230621,193500,68.42,68.42,68.42,68.42,500,0
BNDW.US,5,20230621,195500,68.44,68.44,68.44,68.44,700,0
BNDW.US,5,20230621,200500,68.45,68.45,68.45,68.45,300,0
BNDW.US,5,20230621,201000,68.46,68.46,68.46,68.46,800,0
BNDW.US,5,20230621,203000,68.52,68.52,68.52,68.52,900,0
BNDW.US,5,20230621,204000,68.51,68.51,68.51,68.51,700,0
BNDW.US,5,20230621,205000,68.5,68.5,68.5,68.5,800,0
BNDW.US,5,20230621,210500,68.49,68.49,68.49,68.49,700,0
BNDW.US,5,20230621,211500,68.485,68.485,68.485,68.485,122,0
BNDW.US,5,20230621,212000,68.48,68.48,68.4784,68.4784,266,0
BNDW.US,5,20230621,212500,68.49,68.49,68.49,68.49,702,0
BNDW.US,5,20230621,213500,68.5,68.5,68.5,68.5,500,0
BNDW.US,5,20230621,214000,68.49,68.49,68.49,68.49,400,0
BNDW.US,5,20230621,214500,68.49,68.49,68.49,68.49,200,0
BNDW.US,5,20230621,215000,68.4884,68.49,68.48,68.49,763,0
BNDW.US,5,20230621,215500,68.49,68.49,68.49,68.49,600,0
BNDW.US,5,20230622,153000,68.25,68.25,68.22,68.25,1541,0
BNDW.US,5,20230622,154500,68.3059,68.3059,68.3059,68.3059,141,0
BNDW.US,5,20230622,160000,68.28,68.28,68.28,68.28,105,0
BNDW.US,5,20230622,162000,68.22,68.22,68.22,68.22,153,0
BNDW.US,5,20230622,162500,68.1901,68.1901,68.1901,68.1901,300,0
BNDW.US,5,20230622,163000,68.189,68.189,68.189,68.189,320,0
BNDW.US,5,20230622,163500,68.1951,68.1951,68.1951,68.1951,110,0
BNDW.US,5,20230622,164500,68.205,68.205,68.205,68.205,150,0
BNDW.US,5,20230622,170000,68.17,68.17,68.1605,68.1605,300,0
BNDW.US,5,20230622,173000,68.1995,68.1995,68.1995,68.1995,135,0
BNDW.US,5,20230622,173500,68.1801,68.1801,68.1801,68.1801,262,0
BNDW.US,5,20230622,174500,68.2082,68.2082,68.2082,68.2082,745,0
BNDW.US,5,20230622,175000,68.1881,68.1881,68.1881,68.1881,1024,0
BNDW.US,5,20230622,182000,68.18,68.18,68.18,68.18,295,0
BNDW.US,5,20230622,183500,68.1684,68.1684,68.1684,68.1684,150,0
BNDW.US,5,20230622,185500,68.16,68.1792,68.16,68.1792,395,0
BNDW.US,5,20230622,190500,68.1558,68.1558,68.15,68.15,390,0
BNDW.US,5,20230622,191500,68.146,68.146,68.146,68.146,300,0
BNDW.US,5,20230622,200500,68.17,68.17,68.16,68.16,4112,0
BNDW.US,5,20230622,201500,68.18,68.18,68.18,68.18,125,0
BNDW.US,5,20230622,202000,68.18,68.18,68.18,68.18,988,0
BNDW.US,5,20230622,210000,68.2,68.2,68.2,68.2,1109,0
BNDW.US,5,20230622,215500,68.15,68.15,68.15,68.15,100,0
BNDW.US,5,20230623,153000,68.6,68.6,68.5876,68.5876,1556,0
BNDW.US,5,20230623,155000,68.5243,68.5243,68.5243,68.5243,186,0
BNDW.US,5,20230623,160000,68.5033,68.5033,68.5033,68.5033,250,0
BNDW.US,5,20230623,160500,68.5282,68.5282,68.5282,68.5282,334,0
BNDW.US,5,20230623,161000,68.535,68.535,68.535,68.535,218,0
BNDW.US,5,20230623,164000,68.48,68.48,68.48,68.48,157,0
BNDW.US,5,20230623,165500,68.43,68.4395,68.43,68.4395,600,0
BNDW.US,5,20230623,174500,68.4646,68.47,68.4646,68.47,1100,0
BNDW.US,5,20230623,175000,68.4201,68.4201,68.4201,68.4201,220,0
BNDW.US,5,20230623,184000,68.41,68.41,68.41,68.41,152,0
BNDW.US,5,20230623,190500,68.4008,68.4008,68.4008,68.4008,800,0
BNDW.US,5,20230623,192500,68.4326,68.4326,68.4326,68.4326,100,0
BNDW.US,5,20230623,193000,68.43,68.43,68.43,68.43,373,0
BNDW.US,5,20230623,193500,68.4326,68.4326,68.4326,68.4326,150,0
BNDW.US,5,20230623,195000,68.435,68.435,68.435,68.435,329,0
BNDW.US,5,20230623,201000,68.445,68.445,68.4366,68.4366,903,0
BNDW.US,5,20230623,204500,68.4401,68.4401,68.4401,68.4401,124,0
BNDW.US,5,20230623,212000,68.4499,68.4499,68.4499,68.4499,172,0
BNDW.US,5,20230623,212500,68.455,68.455,68.455,68.455,150,0
BNDW.US,5,20230623,214000,68.445,68.445,68.445,68.445,292,0
BNDW.US,5,20230623,215000,68.45,68.46,68.45,68.46,276,0
BNDW.US,5,20230623,215500,68.46,68.46,68.46,68.46,100,0
BNDW.US,5,20230626,154000,68.5391,68.54,68.525,68.525,701,0
BNDW.US,5,20230626,154500,68.51,68.51,68.51,68.51,101,0
BNDW.US,5,20230626,155000,68.5183,68.5183,68.5183,68.5183,1253,0
BNDW.US,5,20230626,160000,68.5336,68.5336,68.5336,68.5336,181,0
BNDW.US,5,20230626,160500,68.5201,68.55,68.5201,68.55,435,0
BNDW.US,5,20230626,165000,68.562,68.562,68.562,68.562,160,0
BNDW.US,5,20230626,171000,68.58,68.5801,68.58,68.5801,1007,0
BNDW.US,5,20230626,173000,68.6483,68.6483,68.6358,68.6358,523,0
BNDW.US,5,20230626,175500,68.6058,68.6058,68.6058,68.6058,122,0
BNDW.US,5,20230626,180000,68.585,68.585,68.585,68.585,100,0
BNDW.US,5,20230626,180500,68.58,68.58,68.58,68.58,170,0
BNDW.US,5,20230626,181000,68.59,68.59,68.585,68.585,495,0
BNDW.US,5,20230626,182000,68.57,68.5795,68.57,68.5795,254,0
BNDW.US,5,20230626,183500,68.5706,68.5706,68.5706,68.5706,116,0
BNDW.US,5,20230626,184000,68.58,68.58,68.58,68.58,100,0
BNDW.US,5,20230626,184500,68.5701,68.5733,68.56,68.56,2275,0
BNDW.US,5,20230626,185500,68.5701,68.5701,68.5701,68.5701,196,0
BNDW.US,5,20230626,190000,68.63,68.63,68.63,68.63,359,0
BNDW.US,5,20230626,192500,68.5924,68.5924,68.5924,68.5924,1575,0
BNDW.US,5,20230626,193000,68.5718,68.5869,68.5718,68.5869,812,0
BNDW.US,5,20230626,200000,68.56,68.5865,68.56,68.5865,1582,0
BNDW.US,5,20230626,200500,68.59,68.59,68.59,68.59,100,0
BNDW.US,5,20230626,202500,68.62,68.63,68.62,68.63,2411,0
BNDW.US,5,20230626,203000,68.627,68.627,68.627,68.627,286,0
BNDW.US,5,20230626,211000,68.5899,68.5899,68.5899,68.5899,173,0
BNDW.US,5,20230626,212500,68.575,68.575,68.575,68.575,401,0
BNDW.US,5,20230626,213000,68.575,68.575,68.575,68.575,130,0
BNDW.US,5,20230626,213500,68.5858,68.5858,68.5858,68.5858,223,0
BNDW.US,5,20230626,214000,68.59,68.63,68.5899,68.63,2262,0
BNDW.US,5,20230626,214500,68.5888,68.5888,68.58,68.58,2127,0
BNDW.US,5,20230626,215500,68.56,68.56,68.56,68.56,823,0
BNDW.US,5,20230627,153000,68.63,68.65,68.63,68.645,2316,0
BNDW.US,5,20230627,153500,68.68,68.68,68.68,68.68,191,0
BNDW.US,5,20230627,160000,68.63,68.63,68.6,68.6,940,0
BNDW.US,5,20230627,160500,68.53,68.53,68.53,68.53,100,0
BNDW.US,5,20230627,162000,68.535,68.535,68.525,68.525,885,0
BNDW.US,5,20230627,162500,68.51,68.51,68.51,68.51,113,0
BNDW.US,5,20230627,163000,68.51,68.51,68.5,68.5,628,0
BNDW.US,5,20230627,164000,68.4895,68.4895,68.48,68.48,289,0
BNDW.US,5,20230627,164500,68.46,68.46,68.46,68.46,217,0
BNDW.US,5,20230627,165500,68.44,68.44,68.44,68.44,100,0
BNDW.US,5,20230627,170000,68.4474,68.4474,68.4474,68.4474,136,0
BNDW.US,5,20230627,170500,68.4365,68.4365,68.4365,68.4365,189,0
BNDW.US,5,20230627,171000,68.415,68.415,68.415,68.415,204,0
BNDW.US,5,20230627,171500,68.41,68.41,68.41,68.41,409,0
BNDW.US,5,20230627,173000,68.42,68.42,68.42,68.42,100,0
BNDW.US,5,20230627,173500,68.44,68.44,68.44,68.44,100,0
BNDW.US,5,20230627,175000,68.47,68.47,68.47,68.47,828,0
BNDW.US,5,20230627,180500,68.48,68.48,68.46,68.46,500,0
BNDW.US,5,20230627,182000,68.488,68.488,68.475,68.475,345,0
BNDW.US,5,20230627,182500,68.475,68.475,68.475,68.475,219,0
BNDW.US,5,20230627,183000,68.475,68.475,68.475,68.475,202,0
BNDW.US,5,20230627,185000,68.51,68.51,68.51,68.51,100,0
BNDW.US,5,20230627,190000,68.495,68.495,68.495,68.495,422,0
BNDW.US,5,20230627,190500,68.45,68.45,68.45,68.45,100,0
BNDW.US,5,20230627,192000,68.4501,68.4501,68.4501,68.4501,106,0
BNDW.US,5,20230627,192500,68.4438,68.4438,68.4438,68.4438,329,0
BNDW.US,5,20230627,193000,68.47,68.47,68.47,68.47,2005,0
BNDW.US,5,20230627,193500,68.46,68.46,68.4564,68.4564,386,0
BNDW.US,5,20230627,201500,68.45,68.45,68.45,68.45,100,0
BNDW.US,5,20230627,204000,68.459,68.46,68.43,68.43,2850,0
BNDW.US,5,20230627,211500,68.44,68.44,68.44,68.44,100,0
BNDW.US,5,20230627,214000,68.48,68.48,68.4699,68.4699,1116,0
BNDW.US,5,20230627,215500,68.46,68.46,68.45,68.45,493,0
BNDW.US,5,20230628,155000,68.5269,68.54,68.5269,68.54,253,0
BNDW.US,5,20230628,160000,68.56,68.56,68.558,68.56,3300,0
BNDW.US,5,20230628,161000,68.5122,68.52,68.5122,68.52,1100,0
BNDW.US,5,20230628,164000,68.515,68.515,68.515,68.515,116,0
BNDW.US,5,20230628,165000,68.49,68.49,68.49,68.49,150,0
BNDW.US,5,20230628,171500,68.558,68.558,68.5562,68.5562,200,0
BNDW.US,5,20230628,172000,68.56,68.56,68.56,68.56,100,0
BNDW.US,5,20230628,173000,68.555,68.555,68.555,68.555,136,0
BNDW.US,5,20230628,175500,68.58,68.58,68.565,68.579,6700,0
BNDW.US,5,20230628,191000,68.63,68.63,68.63,68.63,257,0
BNDW.US,5,20230628,193500,68.64,68.64,68.64,68.64,110,0
BNDW.US,5,20230628,195000,68.66,68.66,68.66,68.66,182,0
BNDW.US,5,20230628,200500,68.66,68.66,68.66,68.66,800,0
BNDW.US,5,20230628,201500,68.66,68.66,68.66,68.66,300,0
BNDW.US,5,20230628,203000,68.65,68.65,68.65,68.65,100,0
BNDW.US,5,20230628,210000,68.6301,68.66,68.6301,68.66,880,0
BNDW.US,5,20230628,210500,68.6422,68.6422,68.6422,68.6422,575,0
BNDW.US,5,20230628,211500,68.6401,68.66,68.6401,68.659,760,0
BNDW.US,5,20230628,214500,68.65,68.65,68.65,68.65,250,0
BNDW.US,5,20230628,215000,68.66,68.66,68.656,68.656,277,0
BNDW.US,5,20230628,215500,68.63,68.63,68.63,68.63,100,0
BNDW.US,5,20230629,153000,68.28,68.31,68.28,68.3,2323,0
BNDW.US,5,20230629,153500,68.2722,68.295,68.2722,68.295,1127,0
BNDW.US,5,20230629,160000,68.22,68.225,68.22,68.22,1309,0
BNDW.US,5,20230629,160500,68.21,68.21,68.18,68.18,2270,0
BNDW.US,5,20230629,161500,68.2,68.2,68.2,68.2,100,0
BNDW.US,5,20230629,162000,68.22,68.22,68.21,68.22,2530,0
BNDW.US,5,20230629,163000,68.19,68.19,68.189,68.189,3966,0
BNDW.US,5,20230629,163500,68.19,68.19,68.19,68.19,100,0
BNDW.US,5,20230629,165000,68.23,68.23,68.2299,68.2299,200,0
BNDW.US,5,20230629,170000,68.25,68.25,68.25,68.25,100,0
BNDW.US,5,20230629,170500,68.26,68.26,68.26,68.26,629,0
BNDW.US,5,20230629,171500,68.255,68.255,68.255,68.255,100,0
BNDW.US,5,20230629,172500,68.2501,68.2501,68.25,68.25,1122,0
BNDW.US,5,20230629,173000,68.22,68.22,68.22,68.22,100,0
BNDW.US,5,20230629,173500,68.211,68.211,68.211,68.211,100,0
BNDW.US,5,20230629,175000,68.22,68.22,68.205,68.205,350,0
BNDW.US,5,20230629,181500,68.18,68.18,68.18,68.18,527,0
BNDW.US,5,20230629,182000,68.19,68.2007,68.19,68.2007,569,0
BNDW.US,5,20230629,182500,68.18,68.18,68.18,68.18,100,0
BNDW.US,5,20230629,184500,68.19,68.19,68.19,68.19,100,0
BNDW.US,5,20230629,190500,68.185,68.19,68.185,68.19,833,0
BNDW.US,5,20230629,192500,68.2,68.2,68.2,68.2,100,0
BNDW.US,5,20230629,193500,68.2025,68.2025,68.2025,68.2025,100,0
BNDW.US,5,20230629,194500,68.2,68.2,68.2,68.2,100,0
BNDW.US,5,20230629,195000,68.22,68.22,68.22,68.22,1240,0
BNDW.US,5,20230629,200000,68.21,68.22,68.21,68.22,388,0
BNDW.US,5,20230629,200500,68.2,68.2,68.2,68.2,100,0
BNDW.US,5,20230629,201500,68.2088,68.2088,68.2088,68.2088,300,0
BNDW.US,5,20230629,203000,68.21,68.21,68.21,68.21,100,0
BNDW.US,5,20230629,203500,68.19,68.19,68.19,68.19,161,0
BNDW.US,5,20230629,210500,68.19,68.19,68.19,68.19,100,0
BNDW.US,5,20230629,211000,68.209,68.21,68.209,68.2099,336,0
BNDW.US,5,20230629,211500,68.196,68.1983,68.196,68.1983,218,0
BNDW.US,5,20230629,212500,68.18,68.18,68.18,68.18,100,0
BNDW.US,5,20230629,213000,68.2,68.2,68.2,68.2,100,0
BNDW.US,5,20230629,213500,68.21,68.22,68.21,68.22,1420,0
BNDW.US,5,20230629,214000,68.2098,68.2098,68.2,68.2,2455,0
BNDW.US,5,20230629,214500,68.21,68.21,68.21,68.21,100,0
BNDW.US,5,20230629,215000,68.24,68.24,68.23,68.23,455,0
BNDW.US,5,20230629,215500,68.2301,68.245,68.23,68.23,1036,0
BNDW.US,5,20230630,153000,68.24,68.24,68.24,68.24,1714,0
BNDW.US,5,20230630,153500,68.2475,68.2475,68.2383,68.2383,564,0
BNDW.US,5,20230630,154000,68.24,68.24,68.24,68.24,225,0
BNDW.US,5,20230630,154500,68.24,68.24,68.24,68.24,293,0
BNDW.US,5,20230630,155000,68.2399,68.2399,68.2399,68.2399,350,0
BNDW.US,5,20230630,160500,68.245,68.245,68.245,68.245,550,0
BNDW.US,5,20230630,162500,68.29,68.29,68.281,68.281,880,0
BNDW.US,5,20230630,163500,68.3,68.3,68.3,68.3,720,0
BNDW.US,5,20230630,164000,68.32,68.33,68.32,68.33,731,0
BNDW.US,5,20230630,164500,68.3281,68.3281,68.3281,68.3281,600,0
BNDW.US,5,20230630,165500,68.3301,68.345,68.3301,68.345,752,0
BNDW.US,5,20230630,170500,68.34,68.34,68.34,68.34,352,0
BNDW.US,5,20230630,172000,68.37,68.38,68.37,68.38,984,0
BNDW.US,5,20230630,173500,68.38,68.38,68.38,68.38,160,0
BNDW.US,5,20230630,174500,68.3916,68.3916,68.3916,68.3916,133,0
BNDW.US,5,20230630,180000,68.4,68.4,68.4,68.4,255,0
BNDW.US,5,20230630,201000,68.42,68.43,68.42,68.42,5369,0
BNDW.US,5,20230630,202000,68.429,68.429,68.42,68.42,488,0
BNDW.US,5,20230630,204000,68.42,68.42,68.42,68.42,230,0
BNDW.US,5,20230630,210500,68.3918,68.3918,68.3918,68.3918,541,0
BNDW.US,5,20230630,211000,68.3929,68.3929,68.3929,68.3929,345,0
BNDW.US,5,20230630,211500,68.41,68.42,68.41,68.42,1100,0
BNDW.US,5,20230630,212000,68.42,68.42,68.42,68.42,2428,0
BNDW.US,5,20230630,214000,68.43,68.45,68.43,68.43,2300,0
BNDW.US,5,20230630,215000,68.43,68.43,68.43,68.43,2300,0
BNDW.US,5,20230630,215500,68.43,68.44,68.4,68.4,2029,0
BNDW.US,5,20230703,153000,68.19,68.2372,68.19,68.215,4635,0
BNDW.US,5,20230703,153500,68.19,68.19,68.18,68.18,302,0
BNDW.US,5,20230703,155500,68.22,68.249,68.22,68.249,1171,0
BNDW.US,5,20230703,160000,68.27,68.311,68.27,68.311,276,0
BNDW.US,5,20230703,162000,68.2892,68.2892,68.2892,68.2892,123,0
BNDW.US,5,20230703,162500,68.26,68.26,68.26,68.26,100,0
BNDW.US,5,20230703,164000,68.22,68.22,68.22,68.22,100,0
BNDW.US,5,20230703,170000,68.18,68.18,68.18,68.18,100,0
BNDW.US,5,20230703,170500,68.135,68.135,68.135,68.135,410,0
BNDW.US,5,20230703,171000,68.1764,68.1764,68.1764,68.1764,125,0
BNDW.US,5,20230703,172000,68.15,68.1699,68.15,68.1699,606,0
BNDW.US,5,20230703,173500,68.13,68.13,68.13,68.13,100,0
BNDW.US,5,20230703,175000,68.1481,68.1481,68.1481,68.1481,161,0
BNDW.US,5,20230703,181000,68.14,68.14,68.14,68.14,100,0
BNDW.US,5,20230703,181500,68.121,68.121,68.121,68.121,100,0
BNDW.US,5,20230703,182000,68.1201,68.1201,68.1201,68.1201,116,0
BNDW.US,5,20230703,184500,68.1,68.1,68.09,68.09,4249,0
BNDW.US,5,20230703,185000,68.081,68.081,68.081,68.081,116,0
BNDW.US,5,20230703,185500,68.11,68.11,68.09,68.09,253,0
BNDW.US,5,20230705,153000,68.13,68.13,68.13,68.13,1442,0
BNDW.US,5,20230705,153500,68.11,68.11,68.1,68.1,601,0
BNDW.US,5,20230705,154000,68.1,68.115,68.095,68.115,1750,0
BNDW.US,5,20230705,154500,68.1,68.1,68.1,68.1,300,0
BNDW.US,5,20230705,160000,68.099,68.099,68.099,68.099,118,0
BNDW.US,5,20230705,160500,68.09,68.09,68.09,68.09,312,0
BNDW.US,5,20230705,162500,68.08,68.08,68.08,68.08,23933,0
BNDW.US,5,20230705,164500,68.03,68.03,68.03,68.03,155,0
BNDW.US,5,20230705,165000,68.04,68.08,68.04,68.06,25366,0
BNDW.US,5,20230705,165500,68.059,68.059,68.055,68.055,289,0
BNDW.US,5,20230705,170000,68.0416,68.0416,68.0416,68.0416,101,0
BNDW.US,5,20230705,170500,68.04,68.05,68.04,68.05,7882,0
BNDW.US,5,20230705,171000,68.01,68.01,68.01,68.01,100,0
BNDW.US,5,20230705,171500,68.0197,68.0197,68.0197,68.0197,147,0
BNDW.US,5,20230705,172000,68.0189,68.0189,68.0189,68.0189,278,0
BNDW.US,5,20230705,173000,68,68,68,68,118,0
BNDW.US,5,20230705,173500,67.99,67.99,67.99,67.99,200,0
BNDW.US,5,20230705,174500,67.99,67.99,67.98,67.98,434,0
BNDW.US,5,20230705,175500,67.985,67.99,67.985,67.99,400,0
BNDW.US,5,20230705,181000,67.96,67.96,67.96,67.96,145,0
BNDW.US,5,20230705,181500,67.955,67.955,67.955,67.955,103,0
BNDW.US,5,20230705,182000,67.9401,67.9501,67.9401,67.9501,200,0
BNDW.US,5,20230705,182500,67.95,67.95,67.94,67.94,2472,0
BNDW.US,5,20230705,184000,67.9498,67.9498,67.9498,67.9498,485,0
BNDW.US,5,20230705,185500,67.92,67.92,67.91,67.91,489,0
BNDW.US,5,20230705,190000,67.91,67.91,67.91,67.91,100,0
BNDW.US,5,20230705,192000,67.9,67.9,67.9,67.9,144,0
BNDW.US,5,20230705,195500,67.87,67.87,67.87,67.87,170,0
BNDW.US,5,20230705,200500,67.87,67.87,67.87,67.87,102732,0
BNDW.US,5,20230705,202000,67.8484,67.8484,67.8484,67.8484,140,0
BNDW.US,5,20230705,202500,67.87,67.88,67.87,67.88,682,0
BNDW.US,5,20230705,210500,67.85,67.86,67.85,67.86,375,0
BNDW.US,5,20230705,211000,67.85,67.85,67.85,67.85,100,0
BNDW.US,5,20230705,212000,67.87,67.87,67.87,67.87,300,0
BNDW.US,5,20230705,213000,67.87,67.87,67.86,67.86,600,0
BNDW.US,5,20230705,214000,67.86,67.87,67.86,67.87,406,0
BNDW.US,5,20230705,214500,67.86,67.87,67.8527,67.87,712,0
BNDW.US,5,20230705,215000,67.87,67.87,67.87,67.87,200,0
BNDW.US,5,20230705,215500,67.88,67.88,67.85,67.85,1405,0
BNDW.US,5,20230706,153000,67.53,67.55,67.51,67.55,4002,0
BNDW.US,5,20230706,153500,67.52,67.52,67.52,67.52,200,0
BNDW.US,5,20230706,154000,67.53,67.53,67.525,67.5299,900,0
BNDW.US,5,20230706,155000,67.505,67.505,67.505,67.505,100,0
BNDW.US,5,20230706,155500,67.48,67.48,67.48,67.48,200,0
BNDW.US,5,20230706,160000,67.425,67.4254,67.421,67.421,1931,0
BNDW.US,5,20230706,161500,67.439,67.439,67.415,67.415,1346,0
BNDW.US,5,20230706,162000,67.42,67.42,67.42,67.42,100,0
BNDW.US,5,20230706,163000,67.3986,67.3986,67.3986,67.3986,206,0
BNDW.US,5,20230706,164000,67.36,67.36,67.36,67.36,100,0
BNDW.US,5,20230706,165000,67.439,67.439,67.41,67.41,452,0
BNDW.US,5,20230706,165500,67.41,67.41,67.41,67.41,100,0
BNDW.US,5,20230706,171500,67.4016,67.4016,67.4016,67.4016,133,0
BNDW.US,5,20230706,172500,67.39,67.39,67.3836,67.3836,200,0
BNDW.US,5,20230706,173000,67.39,67.39,67.39,67.39,100,0
BNDW.US,5,20230706,173500,67.4,67.4,67.3999,67.3999,200,0
BNDW.US,5,20230706,174500,67.39,67.39,67.39,67.39,200,0
BNDW.US,5,20230706,175000,67.3901,67.3901,67.3901,67.3901,105,0
BNDW.US,5,20230706,180000,67.381,67.39,67.381,67.39,1329,0
BNDW.US,5,20230706,180500,67.41,67.41,67.41,67.41,100,0
BNDW.US,5,20230706,182500,67.425,67.425,67.425,67.425,123,0
BNDW.US,5,20230706,184000,67.449,67.449,67.445,67.445,396,0
BNDW.US,5,20230706,185000,67.45,67.45,67.45,67.45,171,0
BNDW.US,5,20230706,190500,67.46,67.46,67.46,67.46,100,0
BNDW.US,5,20230706,191500,67.45,67.45,67.45,67.45,100,0
BNDW.US,5,20230706,193500,67.45,67.45,67.445,67.445,280,0
BNDW.US,5,20230706,195500,67.45,67.4593,67.45,67.4593,353,0
BNDW.US,5,20230706,200000,67.45,67.455,67.45,67.455,1628,0
BNDW.US,5,20230706,200500,67.47,67.47,67.4605,67.4605,642,0
BNDW.US,5,20230706,201500,67.4674,67.4674,67.4674,67.4674,214,0
BNDW.US,5,20230706,202000,67.4439,67.4439,67.4439,67.4439,299,0
BNDW.US,5,20230706,202500,67.45,67.47,67.45,67.47,3912,0
BNDW.US,5,20230706,203000,67.48,67.48,67.48,67.48,100,0
BNDW.US,5,20230706,204500,67.49,67.49,67.49,67.49,100,0
BNDW.US,5,20230706,205500,67.49,67.49,67.49,67.49,100,0
BNDW.US,5,20230706,210000,67.4899,67.4899,67.4899,67.4899,334,0
BNDW.US,5,20230706,211500,67.4622,67.4622,67.4622,67.4622,135,0
BNDW.US,5,20230706,212000,67.48,67.48,67.48,67.48,568,0
BNDW.US,5,20230706,212500,67.4702,67.4702,67.4702,67.4702,723,0
BNDW.US,5,20230706,214000,67.5,67.5,67.5,67.5,100,0
BNDW.US,5,20230706,214500,67.4816,67.4816,67.4816,67.4816,114,0
BNDW.US,5,20230706,215500,67.5,67.5,67.49,67.5,846,0
BNDW.US,5,20230707,153000,67.45,67.455,67.45,67.45,3147,0
BNDW.US,5,20230707,154000,67.4379,67.44,67.4379,67.44,634,0
BNDW.US,5,20230707,154500,67.44,67.44,67.44,67.44,100,0
BNDW.US,5,20230707,155000,67.49,67.49,67.471,67.49,618,0
BNDW.US,5,20230707,155500,67.475,67.475,67.475,67.475,477,0
BNDW.US,5,20230707,160000,67.43,67.43,67.43,67.43,100,0
BNDW.US,5,20230707,162000,67.535,67.535,67.535,67.535,470,0
BNDW.US,5,20230707,164000,67.505,67.505,67.505,67.505,918,0
BNDW.US,5,20230707,173000,67.515,67.515,67.515,67.515,100,0
BNDW.US,5,20230707,180000,67.515,67.515,67.515,67.515,100,0
BNDW.US,5,20230707,181000,67.5119,67.53,67.5119,67.53,540,0
BNDW.US,5,20230707,182000,67.52,67.525,67.52,67.525,431,0
BNDW.US,5,20230707,182500,67.5299,67.5299,67.5299,67.5299,166,0
BNDW.US,5,20230707,183500,67.5299,67.5299,67.52,67.52,1340,0
BNDW.US,5,20230707,184500,67.51,67.51,67.51,67.51,2869,0
BNDW.US,5,20230707,185000,67.515,67.515,67.515,67.515,100,0
BNDW.US,5,20230707,185500,67.51,67.51,67.51,67.51,715,0
BNDW.US,5,20230707,192500,67.509,67.509,67.509,67.509,100,0
BNDW.US,5,20230707,193000,67.505,67.505,67.505,67.505,321,0
BNDW.US,5,20230707,195000,67.5,67.5,67.5,67.5,100,0
BNDW.US,5,20230707,195500,67.5089,67.5089,67.5089,67.5089,100,0
BNDW.US,5,20230707,202000,67.485,67.485,67.485,67.485,100,0
BNDW.US,5,20230707,204500,67.48,67.48,67.4694,67.4694,364,0
BNDW.US,5,20230707,205500,67.4801,67.4801,67.4801,67.4801,200,0
BNDW.US,5,20230707,211000,67.46,67.46,67.46,67.46,100,0
BNDW.US,5,20230707,211500,67.465,67.47,67.465,67.4696,4643,0
BNDW.US,5,20230707,212500,67.4512,67.4512,67.4512,67.4512,752,0
BNDW.US,5,20230707,213000,67.47,67.47,67.47,67.47,121,0
BNDW.US,5,20230707,213500,67.4591,67.4591,67.4591,67.4591,141,0
BNDW.US,5,20230707,214000,67.455,67.455,67.455,67.455,317,0
BNDW.US,5,20230707,214500,67.455,67.455,67.455,67.455,100,0
BNDW.US,5,20230707,215500,67.4558,67.46,67.455,67.46,899,0
