<TICKER>,<PER>,<DATE>,<TIME>,<OPEN>,<HIGH>,<LOW>,<CLOSE>,<VOL>,<OPENINT>
BSCU.US,5,20230522,153000,16.16,16.16,16.16,16.16,300,0
BSCU.US,5,20230522,160000,16.175,16.175,16.172,16.172,4800,0
BSCU.US,5,20230522,161000,16.19,16.2,16.19,16.19,2775,0
BSCU.US,5,20230522,161500,16.169,16.1899,16.169,16.1899,2082,0
BSCU.US,5,20230522,162000,16.18,16.19,16.18,16.18,4100,0
BSCU.US,5,20230522,162500,16.17,16.17,16.165,16.17,8250,0
BSCU.US,5,20230522,163000,16.1695,16.1695,16.1695,16.1695,1910,0
BSCU.US,5,20230522,163500,16.17,16.17,16.165,16.17,6300,0
BSCU.US,5,20230522,164000,16.17,16.17,16.17,16.17,6420,0
BSCU.US,5,20230522,164500,16.165,16.169,16.165,16.169,4900,0
BSCU.US,5,20230522,165000,16.17,16.17,16.165,16.17,6700,0
BSCU.US,5,20230522,165500,16.17,16.17,16.17,16.17,100,0
BSCU.US,5,20230522,170000,16.1698,16.1698,16.16,16.165,8015,0
BSCU.US,5,20230522,170500,16.165,16.165,16.163,16.165,7900,0
BSCU.US,5,20230522,171000,16.165,16.165,16.165,16.165,4400,0
BSCU.US,5,20230522,171500,16.1691,16.1691,16.1691,16.1691,5400,0
BSCU.US,5,20230522,172000,16.165,16.165,16.165,16.165,3100,0
BSCU.US,5,20230522,172500,16.1621,16.169,16.1621,16.165,5428,0
BSCU.US,5,20230522,173000,16.165,16.165,16.165,16.165,1134,0
BSCU.US,5,20230522,173500,16.165,16.165,16.165,16.165,6200,0
BSCU.US,5,20230522,174000,16.165,16.165,16.165,16.165,810,0
BSCU.US,5,20230522,180000,16.165,16.165,16.165,16.165,447,0
BSCU.US,5,20230522,181500,16.1637,16.165,16.1637,16.165,1031,0
BSCU.US,5,20230522,182000,16.165,16.18,16.165,16.165,14375,0
BSCU.US,5,20230522,182500,16.1601,16.1601,16.1601,16.1601,164,0
BSCU.US,5,20230522,185000,16.165,16.165,16.165,16.165,200,0
BSCU.US,5,20230522,190000,16.165,16.165,16.165,16.165,600,0
BSCU.US,5,20230522,190500,16.165,16.165,16.165,16.165,683,0
BSCU.US,5,20230522,192500,16.1689,16.1689,16.1689,16.1689,510,0
BSCU.US,5,20230522,193500,16.17,16.17,16.17,16.17,500,0
BSCU.US,5,20230522,194000,16.175,16.175,16.175,16.175,925,0
BSCU.US,5,20230522,194500,16.175,16.175,16.175,16.175,100,0
BSCU.US,5,20230522,201000,16.17,16.17,16.17,16.17,212,0
BSCU.US,5,20230522,202500,16.175,16.175,16.175,16.175,2430,0
BSCU.US,5,20230522,203000,16.17,16.17,16.17,16.17,100,0
BSCU.US,5,20230522,203500,16.175,16.1775,16.175,16.1775,300,0
BSCU.US,5,20230522,204000,16.1701,16.1701,16.1701,16.1701,1489,0
BSCU.US,5,20230522,210000,16.175,16.175,16.175,16.175,900,0
BSCU.US,5,20230522,212000,16.17,16.17,16.17,16.17,600,0
BSCU.US,5,20230522,213500,16.16,16.16,16.16,16.16,1200,0
BSCU.US,5,20230522,214000,16.16,16.1696,16.156,16.1696,12210,0
BSCU.US,5,20230522,214500,16.16,16.169,16.16,16.169,3267,0
BSCU.US,5,20230523,153000,16.15,16.15,16.15,16.15,10100,0
BSCU.US,5,20230523,153500,16.145,16.145,16.145,16.145,100,0
BSCU.US,5,20230523,155000,16.1413,16.1413,16.1413,16.1413,105,0
BSCU.US,5,20230523,160000,16.145,16.145,16.145,16.145,4475,0
BSCU.US,5,20230523,160500,16.15,16.16,16.14,16.1425,3903,0
BSCU.US,5,20230523,161500,16.14,16.15,16.14,16.1401,1783,0
BSCU.US,5,20230523,162000,16.154,16.16,16.14,16.14,2040,0
BSCU.US,5,20230523,162500,16.14,16.16,16.14,16.16,1831,0
BSCU.US,5,20230523,163000,16.15,16.15,16.14,16.14,400,0
BSCU.US,5,20230523,163500,16.14,16.14,16.14,16.14,100,0
BSCU.US,5,20230523,164000,16.14,16.15,16.14,16.14,4500,0
BSCU.US,5,20230523,164500,16.1496,16.15,16.14,16.14,1500,0
BSCU.US,5,20230523,165000,16.14,16.14,16.14,16.14,100,0
BSCU.US,5,20230523,165500,16.1424,16.1424,16.1424,16.1424,650,0
BSCU.US,5,20230523,170500,16.1425,16.1425,16.14,16.14,423,0
BSCU.US,5,20230523,171500,16.145,16.145,16.145,16.145,100,0
BSCU.US,5,20230523,172000,16.15,16.15,16.15,16.15,100,0
BSCU.US,5,20230523,173000,16.15,16.155,16.15,16.155,1504,0
BSCU.US,5,20230523,173500,16.15,16.15,16.14,16.14,342,0
BSCU.US,5,20230523,174000,16.145,16.145,16.145,16.145,747,0
BSCU.US,5,20230523,175500,16.14,16.14,16.14,16.14,100,0
BSCU.US,5,20230523,180000,16.14,16.14,16.14,16.14,100,0
BSCU.US,5,20230523,180500,16.15,16.15,16.15,16.15,200,0
BSCU.US,5,20230523,181000,16.15,16.1599,16.14,16.15,2054,0
BSCU.US,5,20230523,182000,16.15,16.15,16.15,16.15,2200,0
BSCU.US,5,20230523,182500,16.15,16.15,16.15,16.15,1200,0
BSCU.US,5,20230523,183000,16.15,16.159,16.15,16.159,477,0
BSCU.US,5,20230523,183500,16.15,16.15,16.15,16.15,100,0
BSCU.US,5,20230523,184000,16.16,16.16,16.1593,16.1593,1213,0
BSCU.US,5,20230523,190000,16.16,16.16,16.16,16.16,100,0
BSCU.US,5,20230523,191000,16.16,16.16,16.16,16.16,700,0
BSCU.US,5,20230523,191500,16.15,16.16,16.15,16.16,4831,0
BSCU.US,5,20230523,192000,16.16,16.16,16.16,16.16,953,0
BSCU.US,5,20230523,192500,16.17,16.17,16.15,16.16,438,0
BSCU.US,5,20230523,194500,16.16,16.16,16.16,16.16,100,0
BSCU.US,5,20230523,200500,16.16,16.16,16.15,16.15,203,0
BSCU.US,5,20230523,201000,16.15,16.15,16.15,16.15,100,0
BSCU.US,5,20230523,201500,16.16,16.16,16.16,16.16,100,0
BSCU.US,5,20230523,202500,16.1627,16.18,16.1627,16.18,989,0
BSCU.US,5,20230523,203000,16.17,16.18,16.16,16.18,745,0
BSCU.US,5,20230523,203500,16.175,16.19,16.175,16.1899,700,0
BSCU.US,5,20230523,204000,16.18,16.18,16.18,16.18,1654,0
BSCU.US,5,20230523,204500,16.18,16.18,16.18,16.18,4300,0
BSCU.US,5,20230523,205000,16.1898,16.1898,16.1898,16.1898,185,0
BSCU.US,5,20230523,205500,16.18,16.18,16.18,16.18,334,0
BSCU.US,5,20230523,210000,16.17,16.1741,16.17,16.1741,307,0
BSCU.US,5,20230523,210500,16.18,16.18,16.17,16.18,400,0
BSCU.US,5,20230523,211000,16.18,16.18,16.18,16.18,500,0
BSCU.US,5,20230523,211500,16.17,16.17,16.17,16.17,100,0
BSCU.US,5,20230523,213000,16.17,16.17,16.17,16.17,200,0
BSCU.US,5,20230523,213500,16.17,16.18,16.17,16.179,1412,0
BSCU.US,5,20230523,214000,16.175,16.175,16.175,16.175,300,0
BSCU.US,5,20230523,214500,16.17,16.1701,16.17,16.1701,303,0
BSCU.US,5,20230523,215000,16.175,16.1799,16.1717,16.1717,2786,0
BSCU.US,5,20230523,215500,16.175,16.175,16.16,16.16,634,0
BSCU.US,5,20230524,153000,16.1781,16.1781,16.1781,16.1781,113,0
BSCU.US,5,20230524,154500,16.18,16.18,16.175,16.175,566,0
BSCU.US,5,20230524,155500,16.1729,16.1729,16.1729,16.1729,1235,0
BSCU.US,5,20230524,160000,16.17,16.175,16.17,16.17,610,0
BSCU.US,5,20230524,160500,16.17,16.1717,16.17,16.1717,1861,0
BSCU.US,5,20230524,163000,16.175,16.175,16.175,16.175,100,0
BSCU.US,5,20230524,163500,16.17,16.17,16.17,16.17,200,0
BSCU.US,5,20230524,164000,16.16,16.16,16.16,16.16,600,0
BSCU.US,5,20230524,165000,16.16,16.17,16.16,16.17,1575,0
BSCU.US,5,20230524,170000,16.16,16.1601,16.15,16.15,9567,0
BSCU.US,5,20230524,170500,16.16,16.16,16.16,16.16,100,0
BSCU.US,5,20230524,172000,16.165,16.165,16.1581,16.1581,642,0
BSCU.US,5,20230524,174500,16.16,16.16,16.16,16.16,100,0
BSCU.US,5,20230524,181500,16.14,16.14,16.13,16.13,3259,0
BSCU.US,5,20230524,182000,16.13,16.13,16.12,16.12,1055,0
BSCU.US,5,20230524,184000,16.13,16.13,16.13,16.13,400,0
BSCU.US,5,20230524,190000,16.135,16.135,16.135,16.135,195,0
BSCU.US,5,20230524,190500,16.14,16.14,16.14,16.14,100,0
BSCU.US,5,20230524,191000,16.1389,16.1389,16.1389,16.1389,287,0
BSCU.US,5,20230524,191500,16.15,16.15,16.15,16.15,924,0
BSCU.US,5,20230524,192000,16.14,16.14,16.14,16.14,100,0
BSCU.US,5,20230524,193500,16.15,16.15,16.1499,16.1499,600,0
BSCU.US,5,20230524,194500,16.15,16.15,16.1498,16.1498,400,0
BSCU.US,5,20230524,195500,16.15,16.15,16.15,16.15,100,0
BSCU.US,5,20230524,200000,16.15,16.15,16.15,16.15,100,0
BSCU.US,5,20230524,200500,16.15,16.16,16.15,16.16,3450,0
BSCU.US,5,20230524,201500,16.16,16.17,16.1599,16.168,10000,0
BSCU.US,5,20230524,202000,16.16,16.16,16.16,16.16,1537,0
BSCU.US,5,20230524,202500,16.16,16.16,16.16,16.16,200,0
BSCU.US,5,20230524,203000,16.169,16.17,16.15,16.1621,1394,0
BSCU.US,5,20230524,203500,16.169,16.17,16.169,16.1698,1890,0
BSCU.US,5,20230524,204000,16.1525,16.1525,16.1525,16.1525,313,0
BSCU.US,5,20230524,205000,16.16,16.16,16.16,16.16,800,0
BSCU.US,5,20230524,210000,16.16,16.16,16.16,16.16,2084,0
BSCU.US,5,20230524,211500,16.16,16.16,16.16,16.16,459,0
BSCU.US,5,20230524,212000,16.16,16.16,16.16,16.16,100,0
BSCU.US,5,20230524,212500,16.15,16.15,16.15,16.15,100,0
BSCU.US,5,20230524,213500,16.15,16.15,16.14,16.14,1900,0
BSCU.US,5,20230524,214000,16.14,16.14,16.14,16.14,300,0
BSCU.US,5,20230524,214500,16.14,16.15,16.14,16.15,4100,0
BSCU.US,5,20230524,215000,16.14,16.14,16.13,16.13,200,0
BSCU.US,5,20230524,215500,16.13,16.13,16.121,16.121,1463,0
BSCU.US,5,20230525,153000,16.16,16.16,16.14,16.14,5837,0
BSCU.US,5,20230525,153500,16.13,16.13,16.13,16.13,300,0
BSCU.US,5,20230525,154500,16.12,16.12,16.12,16.12,100,0
BSCU.US,5,20230525,155000,16.12,16.12,16.12,16.12,200,0
BSCU.US,5,20230525,155500,16.11,16.1101,16.1,16.11,1418,0
BSCU.US,5,20230525,160500,16.11,16.11,16.11,16.11,200,0
BSCU.US,5,20230525,161500,16.1281,16.1281,16.1281,16.1281,300,0
BSCU.US,5,20230525,163000,16.12,16.12,16.12,16.12,200,0
BSCU.US,5,20230525,163500,16.11,16.1132,16.11,16.1132,400,0
BSCU.US,5,20230525,164000,16.115,16.12,16.115,16.12,427,0
BSCU.US,5,20230525,164500,16.115,16.115,16.115,16.115,1450,0
BSCU.US,5,20230525,165000,16.1194,16.1194,16.1194,16.1194,321,0
BSCU.US,5,20230525,165500,16.12,16.12,16.11,16.11,200,0
BSCU.US,5,20230525,171000,16.1132,16.115,16.11,16.11,357,0
BSCU.US,5,20230525,171500,16.115,16.12,16.115,16.12,854,0
BSCU.US,5,20230525,174500,16.1,16.1,16.1,16.1,500,0
BSCU.US,5,20230525,175000,16.1,16.1,16.09,16.09,200,0
BSCU.US,5,20230525,175500,16.1,16.1,16.1,16.1,150,0
BSCU.US,5,20230525,180000,16.1,16.1,16.1,16.1,1750,0
BSCU.US,5,20230525,181000,16.11,16.11,16.11,16.11,100,0
BSCU.US,5,20230525,181500,16.1,16.1,16.1,16.1,1500,0
BSCU.US,5,20230525,182000,16.1,16.1,16.1,16.1,600,0
BSCU.US,5,20230525,183000,16.095,16.095,16.095,16.095,850,0
BSCU.US,5,20230525,183500,16.09,16.09,16.09,16.09,800,0
BSCU.US,5,20230525,184000,16.099,16.11,16.099,16.1001,21688,0
BSCU.US,5,20230525,184500,16.095,16.1,16.095,16.1,409,0
BSCU.US,5,20230525,185000,16.1,16.1,16.095,16.1,1250,0
BSCU.US,5,20230525,185500,16.1,16.1,16.1,16.1,300,0
BSCU.US,5,20230525,190000,16.095,16.095,16.095,16.095,298,0
BSCU.US,5,20230525,190500,16.101,16.101,16.101,16.101,255,0
BSCU.US,5,20230525,191000,16.095,16.095,16.095,16.095,255,0
BSCU.US,5,20230525,192000,16.1,16.1,16.1,16.1,200,0
BSCU.US,5,20230525,193000,16.1,16.11,16.1,16.1002,4782,0
BSCU.US,5,20230525,193500,16.1092,16.1092,16.1092,16.1092,500,0
BSCU.US,5,20230525,195000,16.1,16.1,16.1,16.1,184,0
BSCU.US,5,20230525,195500,16.105,16.1069,16.0901,16.1069,3520,0
BSCU.US,5,20230525,200000,16.1,16.11,16.0883,16.0883,2115,0
BSCU.US,5,20230525,200500,16.099,16.1,16.099,16.1,1000,0
BSCU.US,5,20230525,201000,16.099,16.1,16.099,16.1,1350,0
BSCU.US,5,20230525,201500,16.09,16.09,16.09,16.09,2831,0
BSCU.US,5,20230525,202000,16.09,16.09,16.09,16.09,200,0
BSCU.US,5,20230525,203000,16.08,16.09,16.08,16.09,2200,0
BSCU.US,5,20230525,204500,16.09,16.09,16.09,16.09,125,0
BSCU.US,5,20230525,205000,16.085,16.0875,16.085,16.085,1580,0
BSCU.US,5,20230525,205500,16.08,16.08,16.08,16.08,100,0
BSCU.US,5,20230525,210000,16.07,16.0736,16.07,16.0736,915,0
BSCU.US,5,20230525,210500,16.07,16.075,16.07,16.075,2300,0
BSCU.US,5,20230525,212500,16.08,16.1,16.07,16.075,1900,0
BSCU.US,5,20230525,213000,16.075,16.075,16.071,16.075,3182,0
BSCU.US,5,20230525,214000,16.08,16.08,16.08,16.08,5900,0
BSCU.US,5,20230525,214500,16.08,16.08,16.08,16.08,100,0
BSCU.US,5,20230525,215500,16.075,16.08,16.075,16.08,200,0
BSCU.US,5,20230526,153000,16.08,16.08,16.08,16.08,1598,0
BSCU.US,5,20230526,153500,16.06,16.07,16.06,16.07,1515,0
BSCU.US,5,20230526,154000,16.09,16.09,16.09,16.09,500,0
BSCU.US,5,20230526,155500,16.0791,16.0791,16.0791,16.0791,5000,0
BSCU.US,5,20230526,160500,16.1289,16.1289,16.1289,16.1289,124,0
BSCU.US,5,20230526,161500,16.115,16.115,16.115,16.115,344,0
BSCU.US,5,20230526,163500,16.1004,16.1004,16.1004,16.1004,1100,0
BSCU.US,5,20230526,164000,16.105,16.105,16.1,16.1,5400,0
BSCU.US,5,20230526,165000,16.08,16.08,16.08,16.08,100,0
BSCU.US,5,20230526,170500,16.0768,16.0768,16.07,16.07,401,0
BSCU.US,5,20230526,171500,16.06,16.0649,16.06,16.06,2520,0
BSCU.US,5,20230526,172500,16.065,16.069,16.065,16.065,1495,0
BSCU.US,5,20230526,173000,16.075,16.0799,16.075,16.075,8876,0
BSCU.US,5,20230526,185500,16.085,16.085,16.085,16.085,100,0
BSCU.US,5,20230526,190500,16.095,16.095,16.095,16.095,561,0
BSCU.US,5,20230526,192000,16.108,16.109,16.108,16.109,2031,0
BSCU.US,5,20230526,201000,16.11,16.11,16.11,16.11,929,0
BSCU.US,5,20230526,201500,16.11,16.11,16.11,16.11,100,0
BSCU.US,5,20230526,203000,16.11,16.11,16.11,16.11,200,0
BSCU.US,5,20230526,203500,16.11,16.11,16.11,16.11,600,0
BSCU.US,5,20230526,204000,16.11,16.11,16.11,16.11,275,0
BSCU.US,5,20230526,205000,16.11,16.11,16.1021,16.11,771,0
BSCU.US,5,20230526,210500,16.1041,16.1041,16.1041,16.1041,135,0
BSCU.US,5,20230526,212000,16.11,16.11,16.11,16.11,200,0
BSCU.US,5,20230526,215500,16.11,16.115,16.11,16.115,394,0
BSCU.US,5,20230530,153000,16.2,16.2,16.18,16.18,1297,0
BSCU.US,5,20230530,153500,16.19,16.19,16.185,16.185,400,0
BSCU.US,5,20230530,154500,16.185,16.185,16.185,16.185,574,0
BSCU.US,5,20230530,155000,16.185,16.185,16.185,16.185,522,0
BSCU.US,5,20230530,155500,16.185,16.185,16.185,16.185,276,0
BSCU.US,5,20230530,160000,16.185,16.185,16.185,16.185,600,0
BSCU.US,5,20230530,161000,16.185,16.185,16.185,16.185,200,0
BSCU.US,5,20230530,162000,16.18,16.18,16.18,16.18,412,0
BSCU.US,5,20230530,162500,16.185,16.185,16.185,16.185,200,0
BSCU.US,5,20230530,163000,16.185,16.185,16.185,16.185,300,0
BSCU.US,5,20230530,163500,16.19,16.19,16.19,16.19,200,0
BSCU.US,5,20230530,165000,16.19,16.19,16.19,16.19,200,0
BSCU.US,5,20230530,170000,16.18,16.18,16.18,16.18,100,0
BSCU.US,5,20230530,171000,16.19,16.19,16.19,16.19,100,0
BSCU.US,5,20230530,172000,16.21,16.21,16.21,16.21,200,0
BSCU.US,5,20230530,173500,16.205,16.205,16.205,16.205,200,0
BSCU.US,5,20230530,174000,16.205,16.205,16.205,16.205,300,0
BSCU.US,5,20230530,175500,16.2,16.2,16.19,16.19,4159,0
BSCU.US,5,20230530,182000,16.2,16.2,16.2,16.2,200,0
BSCU.US,5,20230530,182500,16.2,16.2,16.195,16.195,500,0
BSCU.US,5,20230530,183000,16.195,16.195,16.195,16.195,300,0
BSCU.US,5,20230530,184000,16.19,16.19,16.19,16.19,200,0
BSCU.US,5,20230530,184500,16.19,16.19,16.19,16.19,300,0
BSCU.US,5,20230530,190000,16.1949,16.1949,16.1949,16.1949,987,0
BSCU.US,5,20230530,190500,16.2,16.2,16.2,16.2,200,0
BSCU.US,5,20230530,193000,16.21,16.21,16.21,16.21,300,0
BSCU.US,5,20230530,195000,16.22,16.22,16.21,16.219,3462,0
BSCU.US,5,20230530,200500,16.21,16.21,16.21,16.21,100,0
BSCU.US,5,20230530,201000,16.21,16.21,16.21,16.21,100,0
BSCU.US,5,20230530,201500,16.21,16.21,16.21,16.21,400,0
BSCU.US,5,20230530,202000,16.21,16.219,16.21,16.219,536,0
BSCU.US,5,20230530,202500,16.21,16.21,16.21,16.21,100,0
BSCU.US,5,20230530,203000,16.2,16.22,16.2,16.22,500,0
BSCU.US,5,20230530,203500,16.215,16.215,16.215,16.215,200,0
BSCU.US,5,20230530,205000,16.215,16.215,16.215,16.215,1700,0
BSCU.US,5,20230530,205500,16.2131,16.215,16.2131,16.215,429,0
BSCU.US,5,20230530,210000,16.2101,16.2101,16.2101,16.2101,243,0
BSCU.US,5,20230530,211500,16.215,16.215,16.21,16.21,2200,0
BSCU.US,5,20230530,212000,16.2,16.21,16.2,16.2035,2480,0
BSCU.US,5,20230530,212500,16.2,16.2,16.2,16.2,148,0
BSCU.US,5,20230530,213000,16.2,16.2,16.2,16.2,800,0
BSCU.US,5,20230530,213500,16.2,16.205,16.2,16.205,2200,0
BSCU.US,5,20230530,214000,16.2,16.2,16.2,16.2,2300,0
BSCU.US,5,20230530,214500,16.205,16.205,16.205,16.205,460,0
BSCU.US,5,20230530,215000,16.2,16.205,16.2,16.205,5316,0
BSCU.US,5,20230530,215500,16.21,16.22,16.2,16.22,766,0
BSCU.US,5,20230531,153000,16.27,16.27,16.27,16.27,3678,0
BSCU.US,5,20230531,153500,16.239,16.239,16.23,16.23,800,0
BSCU.US,5,20230531,154000,16.24,16.24,16.24,16.24,100,0
BSCU.US,5,20230531,154500,16.25,16.255,16.25,16.255,2000,0
BSCU.US,5,20230531,155000,16.255,16.255,16.255,16.255,500,0
BSCU.US,5,20230531,155500,16.255,16.255,16.255,16.255,146,0
BSCU.US,5,20230531,160000,16.25,16.25,16.21,16.22,4300,0
BSCU.US,5,20230531,160500,16.2,16.2,16.2,16.2,100,0
BSCU.US,5,20230531,161000,16.2,16.2,16.2,16.2,600,0
BSCU.US,5,20230531,162000,16.215,16.215,16.215,16.215,400,0
BSCU.US,5,20230531,162500,16.2192,16.2192,16.2192,16.2192,460,0
BSCU.US,5,20230531,163000,16.215,16.215,16.21,16.21,698,0
BSCU.US,5,20230531,171500,16.2031,16.2031,16.2031,16.2031,985,0
BSCU.US,5,20230531,174000,16.215,16.22,16.215,16.22,562,0
BSCU.US,5,20230531,175000,16.22,16.22,16.22,16.22,200,0
BSCU.US,5,20230531,175500,16.2192,16.2192,16.2192,16.2192,2030,0
BSCU.US,5,20230531,180000,16.21,16.21,16.21,16.21,900,0
BSCU.US,5,20230531,180500,16.2145,16.2145,16.2145,16.2145,2404,0
BSCU.US,5,20230531,181000,16.21,16.21,16.21,16.21,100,0
BSCU.US,5,20230531,181500,16.21,16.21,16.21,16.21,200,0
BSCU.US,5,20230531,182000,16.2096,16.2096,16.2096,16.2096,695,0
BSCU.US,5,20230531,184000,16.219,16.22,16.21,16.2199,702,0
BSCU.US,5,20230531,184500,16.22,16.22,16.2199,16.22,6420,0
BSCU.US,5,20230531,185000,16.22,16.22,16.22,16.22,100,0
BSCU.US,5,20230531,191000,16.23,16.23,16.23,16.23,100,0
BSCU.US,5,20230531,191500,16.23,16.23,16.23,16.23,100,0
BSCU.US,5,20230531,192000,16.23,16.23,16.23,16.23,100,0
BSCU.US,5,20230531,193000,16.23,16.23,16.23,16.23,484,0
BSCU.US,5,20230531,193500,16.24,16.24,16.24,16.24,200,0
BSCU.US,5,20230531,194500,16.24,16.24,16.24,16.24,700,0
BSCU.US,5,20230531,195000,16.24,16.24,16.24,16.24,100,0
BSCU.US,5,20230531,195500,16.24,16.24,16.24,16.24,200,0
BSCU.US,5,20230531,200500,16.25,16.25,16.2499,16.25,1452,0
BSCU.US,5,20230531,201000,16.25,16.25,16.25,16.25,1350,0
BSCU.US,5,20230531,201500,16.25,16.25,16.25,16.25,100,0
BSCU.US,5,20230531,202500,16.255,16.255,16.255,16.255,100,0
BSCU.US,5,20230531,203000,16.25,16.25,16.25,16.25,100,0
BSCU.US,5,20230531,203500,16.255,16.255,16.255,16.255,100,0
BSCU.US,5,20230531,204000,16.255,16.255,16.255,16.255,3799,0
BSCU.US,5,20230531,204500,16.255,16.2578,16.255,16.2578,4604,0
BSCU.US,5,20230531,211500,16.255,16.255,16.255,16.255,377,0
BSCU.US,5,20230531,213500,16.265,16.265,16.265,16.265,200,0
BSCU.US,5,20230531,214000,16.269,16.27,16.265,16.265,1180,0
BSCU.US,5,20230531,214500,16.27,16.27,16.2675,16.2675,732,0
BSCU.US,5,20230531,215000,16.27,16.27,16.27,16.27,2098,0
BSCU.US,5,20230531,215500,16.26,16.265,16.26,16.26,600,0
BSCU.US,5,20230601,153000,16.31,16.34,16.31,16.31,5529,0
BSCU.US,5,20230601,160000,16.33,16.33,16.33,16.33,400,0
BSCU.US,5,20230601,161500,16.31,16.31,16.31,16.31,100,0
BSCU.US,5,20230601,165000,16.2901,16.2901,16.2901,16.2901,285,0
BSCU.US,5,20230601,170000,16.306,16.306,16.306,16.306,699,0
BSCU.US,5,20230601,173000,16.3,16.3,16.295,16.295,1248,0
BSCU.US,5,20230601,174000,16.3,16.3,16.3,16.3,950,0
BSCU.US,5,20230601,175000,16.31,16.31,16.31,16.31,100,0
BSCU.US,5,20230601,180500,16.3081,16.3081,16.3081,16.3081,123,0
BSCU.US,5,20230601,182000,16.31,16.31,16.3087,16.3087,850,0
BSCU.US,5,20230601,182500,16.3086,16.3086,16.3086,16.3086,461,0
BSCU.US,5,20230601,190000,16.305,16.305,16.305,16.305,100,0
BSCU.US,5,20230601,190500,16.305,16.305,16.305,16.305,620,0
BSCU.US,5,20230601,192000,16.305,16.305,16.305,16.305,300,0
BSCU.US,5,20230601,193000,16.31,16.31,16.305,16.305,200,0
BSCU.US,5,20230601,193500,16.3099,16.3099,16.305,16.305,3374,0
BSCU.US,5,20230601,194000,16.305,16.305,16.305,16.305,100,0
BSCU.US,5,20230601,194500,16.305,16.305,16.305,16.305,516,0
BSCU.US,5,20230601,195000,16.305,16.31,16.3,16.305,1200,0
BSCU.US,5,20230601,195500,16.305,16.305,16.3029,16.305,1114,0
BSCU.US,5,20230601,200000,16.305,16.305,16.305,16.305,200,0
BSCU.US,5,20230601,201000,16.31,16.31,16.31,16.31,200,0
BSCU.US,5,20230601,202500,16.3173,16.32,16.31,16.32,7688,0
BSCU.US,5,20230601,203000,16.315,16.315,16.315,16.315,200,0
BSCU.US,5,20230601,203500,16.31,16.33,16.31,16.32,2135,0
BSCU.US,5,20230601,204500,16.3213,16.3213,16.3213,16.3213,430,0
BSCU.US,5,20230601,205500,16.3274,16.3274,16.3211,16.3271,1825,0
BSCU.US,5,20230601,210000,16.32,16.32,16.3154,16.3154,245,0
BSCU.US,5,20230601,211000,16.3272,16.3272,16.3272,16.3272,590,0
BSCU.US,5,20230601,212000,16.3101,16.32,16.3101,16.32,600,0
BSCU.US,5,20230601,213000,16.31,16.3101,16.31,16.3101,200,0
BSCU.US,5,20230601,215000,16.315,16.315,16.315,16.315,1537,0
BSCU.US,5,20230601,215500,16.32,16.32,16.32,16.32,100,0
BSCU.US,5,20230602,153000,16.33,16.33,16.33,16.33,443,0
BSCU.US,5,20230602,153500,16.31,16.31,16.3,16.3,700,0
BSCU.US,5,20230602,154000,16.3,16.305,16.3,16.305,600,0
BSCU.US,5,20230602,154500,16.305,16.305,16.305,16.305,117,0
BSCU.US,5,20230602,155000,16.3,16.3,16.295,16.295,9800,0
BSCU.US,5,20230602,155500,16.29,16.29,16.28,16.28,200,0
BSCU.US,5,20230602,160000,16.28,16.28,16.28,16.28,1500,0
BSCU.US,5,20230602,160500,16.2701,16.275,16.2701,16.275,2000,0
BSCU.US,5,20230602,161000,16.27,16.27,16.27,16.27,6700,0
BSCU.US,5,20230602,162000,16.27,16.27,16.27,16.27,737,0
BSCU.US,5,20230602,163000,16.265,16.265,16.265,16.265,200,0
BSCU.US,5,20230602,163500,16.28,16.28,16.28,16.28,1600,0
BSCU.US,5,20230602,170500,16.2876,16.2876,16.2876,16.2876,2234,0
BSCU.US,5,20230602,171000,16.28,16.28,16.27,16.28,6881,0
BSCU.US,5,20230602,172000,16.277,16.277,16.277,16.277,253,0
BSCU.US,5,20230602,173000,16.275,16.275,16.275,16.275,3368,0
BSCU.US,5,20230602,174000,16.2727,16.2727,16.2727,16.2727,255,0
BSCU.US,5,20230602,175000,16.265,16.265,16.265,16.265,100,0
BSCU.US,5,20230602,175500,16.265,16.265,16.265,16.265,100,0
BSCU.US,5,20230602,180500,16.265,16.265,16.26,16.26,1864,0
BSCU.US,5,20230602,181000,16.265,16.265,16.2609,16.2609,1579,0
BSCU.US,5,20230602,182500,16.2601,16.2601,16.2601,16.2601,242,0
BSCU.US,5,20230602,183500,16.2685,16.27,16.26,16.27,1200,0
BSCU.US,5,20230602,184500,16.26,16.26,16.26,16.26,100,0
BSCU.US,5,20230602,185000,16.255,16.255,16.255,16.255,1350,0
BSCU.US,5,20230602,193500,16.2521,16.2521,16.2521,16.2521,500,0
BSCU.US,5,20230602,200000,16.2537,16.2537,16.2537,16.2537,215,0
BSCU.US,5,20230602,201000,16.259,16.259,16.259,16.259,2206,0
BSCU.US,5,20230602,202000,16.255,16.255,16.255,16.255,175,0
BSCU.US,5,20230602,203000,16.25,16.25,16.25,16.25,195,0
BSCU.US,5,20230602,204000,16.2581,16.2581,16.2581,16.2581,5362,0
BSCU.US,5,20230602,210000,16.26,16.26,16.26,16.26,1053,0
BSCU.US,5,20230602,215500,16.259,16.259,16.259,16.259,100,0
BSCU.US,5,20230605,153000,16.24,16.24,16.2,16.2,4955,0
BSCU.US,5,20230605,153500,16.2,16.2,16.2,16.2,100,0
BSCU.US,5,20230605,154500,16.195,16.1956,16.195,16.195,3938,0
BSCU.US,5,20230605,160000,16.2,16.26,16.2,16.26,4400,0
BSCU.US,5,20230605,161000,16.27,16.27,16.27,16.27,300,0
BSCU.US,5,20230605,161500,16.2637,16.2637,16.2637,16.2637,273,0
BSCU.US,5,20230605,162000,16.2659,16.2659,16.2659,16.2659,343,0
BSCU.US,5,20230605,162500,16.26,16.2699,16.26,16.26,969,0
BSCU.US,5,20230605,163500,16.26,16.26,16.26,16.26,1800,0
BSCU.US,5,20230605,164500,16.255,16.255,16.255,16.255,200,0
BSCU.US,5,20230605,175500,16.255,16.255,16.255,16.255,530,0
BSCU.US,5,20230605,180000,16.26,16.26,16.26,16.26,100,0
BSCU.US,5,20230605,182000,16.2517,16.2517,16.2517,16.2517,197,0
BSCU.US,5,20230605,182500,16.24,16.24,16.24,16.24,215,0
BSCU.US,5,20230605,184500,16.2445,16.2445,16.2445,16.2445,922,0
BSCU.US,5,20230605,190000,16.2482,16.2482,16.2482,16.2482,225,0
BSCU.US,5,20230605,191500,16.2456,16.2486,16.23,16.23,1679,0
BSCU.US,5,20230605,192500,16.2331,16.235,16.2331,16.235,455,0
BSCU.US,5,20230605,193500,16.2488,16.2488,16.2479,16.2479,3000,0
BSCU.US,5,20230605,194500,16.24,16.24,16.24,16.24,100,0
BSCU.US,5,20230605,201000,16.24,16.24,16.235,16.235,300,0
BSCU.US,5,20230605,203000,16.235,16.235,16.23,16.23,2601,0
BSCU.US,5,20230605,205000,16.24,16.24,16.2363,16.24,669,0
BSCU.US,5,20230605,205500,16.2498,16.2498,16.2328,16.2328,1200,0
BSCU.US,5,20230605,210000,16.2393,16.2393,16.2393,16.2393,1753,0
BSCU.US,5,20230605,213000,16.2487,16.2487,16.2401,16.245,2492,0
BSCU.US,5,20230605,215000,16.245,16.245,16.245,16.245,100,0
BSCU.US,5,20230605,215500,16.2499,16.2499,16.245,16.245,1400,0
BSCU.US,5,20230606,153000,16.23,16.26,16.23,16.23,12166,0
BSCU.US,5,20230606,153500,16.22,16.22,16.21,16.21,1574,0
BSCU.US,5,20230606,154000,16.209,16.209,16.209,16.209,127,0
BSCU.US,5,20230606,155500,16.2081,16.2081,16.2081,16.2081,220,0
BSCU.US,5,20230606,160500,16.2,16.2,16.2,16.2,106,0
BSCU.US,5,20230606,165000,16.214,16.214,16.214,16.214,4819,0
BSCU.US,5,20230606,170000,16.22,16.22,16.22,16.22,206,0
BSCU.US,5,20230606,170500,16.215,16.215,16.215,16.215,370,0
BSCU.US,5,20230606,171500,16.215,16.215,16.215,16.215,900,0
BSCU.US,5,20230606,173500,16.22,16.22,16.22,16.22,200,0
BSCU.US,5,20230606,174000,16.2252,16.2252,16.22,16.2219,4146,0
BSCU.US,5,20230606,174500,16.21,16.21,16.21,16.21,350,0
BSCU.US,5,20230606,175500,16.23,16.23,16.23,16.23,3554,0
BSCU.US,5,20230606,183500,16.225,16.225,16.225,16.225,200,0
BSCU.US,5,20230606,184000,16.225,16.225,16.225,16.225,200,0
BSCU.US,5,20230606,184500,16.23,16.23,16.225,16.225,3376,0
BSCU.US,5,20230606,185000,16.23,16.23,16.23,16.23,200,0
BSCU.US,5,20230606,185500,16.23,16.23,16.23,16.23,100,0
BSCU.US,5,20230606,190000,16.225,16.225,16.225,16.225,200,0
BSCU.US,5,20230606,190500,16.225,16.23,16.225,16.225,740,0
BSCU.US,5,20230606,200000,16.23,16.23,16.2299,16.23,2500,0
BSCU.US,5,20230606,200500,16.23,16.239,16.23,16.239,200,0
BSCU.US,5,20230606,203000,16.22,16.24,16.22,16.24,1300,0
BSCU.US,5,20230606,204000,16.23,16.23,16.23,16.23,100,0
BSCU.US,5,20230606,204500,16.23,16.23,16.23,16.23,1232,0
BSCU.US,5,20230606,205000,16.23,16.23,16.2251,16.2251,363,0
BSCU.US,5,20230606,205500,16.23,16.23,16.23,16.23,100,0
BSCU.US,5,20230606,210000,16.2374,16.2374,16.237,16.237,958,0
BSCU.US,5,20230606,210500,16.24,16.24,16.2397,16.2397,662,0
BSCU.US,5,20230606,211500,16.227,16.24,16.227,16.24,3978,0
BSCU.US,5,20230606,212000,16.2377,16.2377,16.22,16.22,911,0
BSCU.US,5,20230606,212500,16.2326,16.2326,16.2326,16.2326,801,0
BSCU.US,5,20230606,214500,16.2326,16.2326,16.2326,16.2326,156,0
BSCU.US,5,20230606,215000,16.245,16.245,16.245,16.245,100,0
BSCU.US,5,20230606,215500,16.245,16.25,16.245,16.25,365,0
BSCU.US,5,20230607,153000,16.23,16.245,16.23,16.245,418,0
BSCU.US,5,20230607,153500,16.25,16.25,16.245,16.245,1750,0
BSCU.US,5,20230607,154000,16.24,16.24,16.24,16.24,600,0
BSCU.US,5,20230607,154500,16.245,16.245,16.245,16.245,100,0
BSCU.US,5,20230607,155000,16.24,16.24,16.24,16.24,100,0
BSCU.US,5,20230607,160000,16.23,16.23,16.2135,16.22,3024,0
BSCU.US,5,20230607,160500,16.22,16.22,16.2198,16.2198,350,0
BSCU.US,5,20230607,161000,16.2,16.2,16.2,16.2,200,0
BSCU.US,5,20230607,161500,16.21,16.21,16.1917,16.1917,28501,0
BSCU.US,5,20230607,162500,16.195,16.195,16.19,16.19,1300,0
BSCU.US,5,20230607,163500,16.18,16.18,16.18,16.18,923,0
BSCU.US,5,20230607,164500,16.175,16.175,16.175,16.175,840,0
BSCU.US,5,20230607,165000,16.1721,16.18,16.1721,16.18,509,0
BSCU.US,5,20230607,165500,16.1707,16.1791,16.1707,16.1791,888,0
BSCU.US,5,20230607,170000,16.175,16.175,16.175,16.175,200,0
BSCU.US,5,20230607,171000,16.17,16.17,16.17,16.17,500,0
BSCU.US,5,20230607,172500,16.165,16.165,16.165,16.165,200,0
BSCU.US,5,20230607,173000,16.1625,16.1625,16.1625,16.1625,100,0
BSCU.US,5,20230607,173500,16.1694,16.1694,16.1694,16.1694,625,0
BSCU.US,5,20230607,174000,16.16,16.16,16.1424,16.1581,4715,0
BSCU.US,5,20230607,175500,16.15,16.15,16.145,16.145,1278,0
BSCU.US,5,20230607,181000,16.15,16.15,16.15,16.15,100,0
BSCU.US,5,20230607,181500,16.145,16.145,16.145,16.145,100,0
BSCU.US,5,20230607,182000,16.145,16.145,16.145,16.145,1528,0
BSCU.US,5,20230607,182500,16.145,16.145,16.145,16.145,1121,0
BSCU.US,5,20230607,183000,16.14,16.145,16.14,16.145,2800,0
BSCU.US,5,20230607,183500,16.145,16.145,16.145,16.145,100,0
BSCU.US,5,20230607,184000,16.145,16.145,16.145,16.145,300,0
BSCU.US,5,20230607,185000,16.14,16.14,16.14,16.14,900,0
BSCU.US,5,20230607,190000,16.13,16.13,16.12,16.12,500,0
BSCU.US,5,20230607,190500,16.12,16.12,16.12,16.12,700,0
BSCU.US,5,20230607,192000,16.13,16.13,16.13,16.13,600,0
BSCU.US,5,20230607,193500,16.13,16.13,16.13,16.13,100,0
BSCU.US,5,20230607,194000,16.14,16.14,16.14,16.14,157536,0
BSCU.US,5,20230607,194500,16.14,16.14,16.14,16.14,200,0
BSCU.US,5,20230607,195500,16.14,16.14,16.1327,16.135,600,0
BSCU.US,5,20230607,200500,16.13,16.1301,16.13,16.1301,6200,0
BSCU.US,5,20230607,201000,16.13,16.13,16.12,16.129,7722,0
BSCU.US,5,20230607,202000,16.13,16.13,16.13,16.13,100,0
BSCU.US,5,20230607,202500,16.1335,16.1335,16.13,16.13,376,0
BSCU.US,5,20230607,203000,16.1201,16.14,16.12,16.14,1607,0
BSCU.US,5,20230607,203500,16.13,16.13,16.13,16.13,100,0
BSCU.US,5,20230607,204000,16.13,16.13,16.13,16.13,200,0
BSCU.US,5,20230607,205000,16.1382,16.1382,16.13,16.13,3176,0
BSCU.US,5,20230607,205500,16.1392,16.14,16.1392,16.14,300,0
BSCU.US,5,20230607,210000,16.14,16.14,16.14,16.14,200,0
BSCU.US,5,20230607,210500,16.14,16.14,16.14,16.14,1443,0
BSCU.US,5,20230607,211500,16.135,16.135,16.135,16.135,200,0
BSCU.US,5,20230607,212000,16.1396,16.1396,16.1396,16.1396,1275,0
BSCU.US,5,20230607,212500,16.135,16.135,16.13,16.13,300,0
BSCU.US,5,20230607,213000,16.13,16.1333,16.13,16.1333,3461,0
BSCU.US,5,20230607,213500,16.13,16.13,16.1237,16.1237,1939,0
BSCU.US,5,20230607,214000,16.1191,16.12,16.1191,16.12,1650,0
BSCU.US,5,20230607,214500,16.12,16.12,16.12,16.12,200,0
BSCU.US,5,20230607,215000,16.12,16.12,16.12,16.12,200,0
BSCU.US,5,20230607,215500,16.12,16.12,16.12,16.12,300,0
BSCU.US,5,20230608,153000,16.17,16.17,16.15,16.15,11313,0
BSCU.US,5,20230608,153500,16.16,16.1658,16.16,16.1658,6081,0
BSCU.US,5,20230608,154000,16.17,16.17,16.17,16.17,571,0
BSCU.US,5,20230608,154500,16.17,16.17,16.165,16.165,5494,0
BSCU.US,5,20230608,155000,16.165,16.17,16.165,16.17,9911,0
BSCU.US,5,20230608,155500,16.17,16.17,16.165,16.17,5135,0
BSCU.US,5,20230608,161000,16.18,16.18,16.178,16.18,600,0
BSCU.US,5,20230608,163000,16.17,16.17,16.16,16.16,200,0
BSCU.US,5,20230608,163500,16.1751,16.1751,16.1751,16.1751,375,0
BSCU.US,5,20230608,164500,16.19,16.19,16.18,16.18,88959,0
BSCU.US,5,20230608,165000,16.18,16.18,16.18,16.18,200,0
BSCU.US,5,20230608,170000,16.1859,16.1859,16.1859,16.1859,713,0
BSCU.US,5,20230608,170500,16.1887,16.1887,16.185,16.185,2532,0
BSCU.US,5,20230608,171000,16.185,16.185,16.185,16.185,213,0
BSCU.US,5,20230608,173000,16.189,16.189,16.185,16.185,1431,0
BSCU.US,5,20230608,174000,16.1801,16.185,16.1801,16.185,525,0
BSCU.US,5,20230608,174500,16.2,16.2,16.2,16.2,772,0
BSCU.US,5,20230608,175000,16.2,16.2,16.2,16.2,700,0
BSCU.US,5,20230608,183000,16.2,16.2,16.2,16.2,800,0
BSCU.US,5,20230608,183500,16.2,16.21,16.2,16.21,1543,0
BSCU.US,5,20230608,192000,16.195,16.195,16.1935,16.1935,308,0
BSCU.US,5,20230608,192500,16.2,16.2,16.2,16.2,100,0
BSCU.US,5,20230608,193000,16.2044,16.2044,16.2044,16.2044,131,0
BSCU.US,5,20230608,195500,16.21,16.21,16.21,16.21,100,0
BSCU.US,5,20230608,200000,16.21,16.21,16.21,16.21,200,0
BSCU.US,5,20230608,200500,16.215,16.215,16.215,16.215,1250,0
BSCU.US,5,20230608,203000,16.21,16.21,16.21,16.21,300,0
BSCU.US,5,20230608,204000,16.22,16.22,16.215,16.215,39265,0
BSCU.US,5,20230608,204500,16.2152,16.2152,16.2152,16.2152,219,0
BSCU.US,5,20230608,205000,16.2101,16.22,16.2101,16.22,570,0
BSCU.US,5,20230608,211000,16.2179,16.2179,16.2179,16.2179,1110,0
BSCU.US,5,20230608,211500,16.215,16.215,16.215,16.215,504,0
BSCU.US,5,20230608,214000,16.215,16.22,16.215,16.22,324,0
BSCU.US,5,20230608,214500,16.224,16.224,16.224,16.224,245,0
BSCU.US,5,20230608,215500,16.22,16.22,16.22,16.22,493,0
BSCU.US,5,20230609,153000,16.17,16.18,16.17,16.18,1891,0
BSCU.US,5,20230609,153500,16.176,16.176,16.176,16.176,722,0
BSCU.US,5,20230609,154500,16.17,16.17,16.17,16.17,200,0
BSCU.US,5,20230609,160000,16.165,16.165,16.1604,16.1604,4740,0
BSCU.US,5,20230609,161000,16.169,16.17,16.169,16.17,742,0
BSCU.US,5,20230609,164500,16.1721,16.1721,16.1721,16.1721,1156,0
BSCU.US,5,20230609,165000,16.1701,16.1701,16.1701,16.1701,988,0
BSCU.US,5,20230609,165500,16.18,16.21,16.18,16.18,102566,0
BSCU.US,5,20230609,171000,16.18,16.18,16.18,16.18,100,0
BSCU.US,5,20230609,173000,16.175,16.175,16.1664,16.1664,7112,0
BSCU.US,5,20230609,184000,16.1727,16.1727,16.1727,16.1727,149,0
BSCU.US,5,20230609,185000,16.1701,16.175,16.1701,16.175,291,0
BSCU.US,5,20230609,192000,16.19,16.19,16.19,16.19,327,0
BSCU.US,5,20230609,201500,16.19,16.19,16.19,16.19,1300,0
BSCU.US,5,20230609,202000,16.19,16.199,16.19,16.199,2160,0
BSCU.US,5,20230609,203000,16.19,16.19,16.19,16.19,272,0
BSCU.US,5,20230609,204500,16.19,16.19,16.19,16.19,1046,0
BSCU.US,5,20230609,210000,16.1805,16.1805,16.1805,16.1805,275,0
BSCU.US,5,20230609,211000,16.1892,16.1892,16.1892,16.1892,3084,0
BSCU.US,5,20230609,211500,16.185,16.185,16.185,16.185,927,0
BSCU.US,5,20230609,212500,16.1827,16.1827,16.1827,16.1827,494,0
BSCU.US,5,20230609,215000,16.18,16.18,16.17,16.17,3929,0
BSCU.US,5,20230609,215500,16.16,16.18,16.16,16.18,2000,0
BSCU.US,5,20230612,153000,16.22,16.22,16.22,16.22,8850,0
BSCU.US,5,20230612,153500,16.19,16.19,16.19,16.19,500,0
BSCU.US,5,20230612,154500,16.18,16.18,16.18,16.18,400,0
BSCU.US,5,20230612,155000,16.16,16.16,16.16,16.16,100,0
BSCU.US,5,20230612,160500,16.16,16.16,16.16,16.16,124,0
BSCU.US,5,20230612,161000,16.16,16.16,16.16,16.16,2600,0
BSCU.US,5,20230612,162500,16.15,16.15,16.15,16.15,700,0
BSCU.US,5,20230612,163000,16.15,16.15,16.15,16.15,300,0
BSCU.US,5,20230612,164000,16.15,16.15,16.15,16.15,100,0
BSCU.US,5,20230612,165000,16.15,16.15,16.15,16.15,100,0
BSCU.US,5,20230612,165500,16.15,16.15,16.15,16.15,200,0
BSCU.US,5,20230612,173000,16.16,16.16,16.16,16.16,700,0
BSCU.US,5,20230612,174000,16.16,16.16,16.16,16.16,100,0
BSCU.US,5,20230612,175000,16.15,16.15,16.15,16.15,200,0
BSCU.US,5,20230612,181500,16.155,16.155,16.155,16.155,100,0
BSCU.US,5,20230612,182500,16.155,16.155,16.155,16.155,100,0
BSCU.US,5,20230612,183000,16.15,16.15,16.15,16.15,300,0
BSCU.US,5,20230612,183500,16.1401,16.16,16.1401,16.15,13100,0
BSCU.US,5,20230612,184000,16.1468,16.16,16.1468,16.155,1332,0
BSCU.US,5,20230612,184500,16.155,16.155,16.155,16.155,900,0
BSCU.US,5,20230612,190500,16.159,16.159,16.159,16.159,140,0
BSCU.US,5,20230612,191000,16.165,16.165,16.165,16.165,200,0
BSCU.US,5,20230612,192500,16.17,16.17,16.17,16.17,198,0
BSCU.US,5,20230612,193000,16.17,16.17,16.17,16.17,1500,0
BSCU.US,5,20230612,193500,16.18,16.18,16.18,16.18,173,0
BSCU.US,5,20230612,194500,16.17,16.17,16.17,16.17,700,0
BSCU.US,5,20230612,195000,16.17,16.17,16.17,16.17,215,0
BSCU.US,5,20230612,195500,16.175,16.175,16.175,16.175,100,0
BSCU.US,5,20230612,201500,16.1725,16.1725,16.1725,16.1725,1547,0
BSCU.US,5,20230612,202000,16.175,16.175,16.175,16.175,100,0
BSCU.US,5,20230612,202500,16.175,16.18,16.175,16.18,2076,0
BSCU.US,5,20230612,203000,16.175,16.18,16.175,16.18,2400,0
BSCU.US,5,20230612,204000,16.179,16.179,16.179,16.179,2120,0
BSCU.US,5,20230612,210500,16.185,16.19,16.185,16.19,200,0
BSCU.US,5,20230612,211000,16.19,16.19,16.19,16.19,376,0
BSCU.US,5,20230612,211500,16.19,16.19,16.19,16.19,100,0
BSCU.US,5,20230612,212000,16.19,16.195,16.19,16.195,900,0
BSCU.US,5,20230612,212500,16.195,16.2,16.195,16.2,652,0
BSCU.US,5,20230612,215500,16.205,16.205,16.205,16.205,100,0
BSCU.US,5,20230613,153000,16.24,16.24,16.23,16.235,16039,0
BSCU.US,5,20230613,153500,16.24,16.24,16.24,16.24,700,0
BSCU.US,5,20230613,154000,16.23,16.235,16.23,16.23,1300,0
BSCU.US,5,20230613,155000,16.2,16.2,16.2,16.2,100,0
BSCU.US,5,20230613,160000,16.18,16.18,16.18,16.18,600,0
BSCU.US,5,20230613,162500,16.185,16.185,16.185,16.185,926,0
BSCU.US,5,20230613,164000,16.1834,16.1834,16.175,16.175,970,0
BSCU.US,5,20230613,170000,16.1741,16.1741,16.1741,16.1741,103,0
BSCU.US,5,20230613,170500,16.1781,16.1781,16.1781,16.1781,309,0
BSCU.US,5,20230613,171000,16.179,16.18,16.179,16.18,2781,0
BSCU.US,5,20230613,173500,16.1699,16.17,16.169,16.169,1520,0
BSCU.US,5,20230613,174000,16.165,16.169,16.165,16.169,1546,0
BSCU.US,5,20230613,174500,16.17,16.17,16.17,16.17,100,0
BSCU.US,5,20230613,185500,16.17,16.18,16.17,16.18,3084,0
BSCU.US,5,20230613,190000,16.18,16.18,16.18,16.18,2035,0
BSCU.US,5,20230613,190500,16.177,16.177,16.177,16.177,721,0
BSCU.US,5,20230613,193500,16.175,16.175,16.17,16.17,1300,0
BSCU.US,5,20230613,194000,16.159,16.16,16.159,16.16,618,0
BSCU.US,5,20230613,195500,16.14,16.14,16.14,16.14,600,0
BSCU.US,5,20230613,200000,16.149,16.149,16.149,16.149,186,0
BSCU.US,5,20230613,201000,16.139,16.14,16.139,16.14,500,0
BSCU.US,5,20230613,202000,16.1301,16.14,16.1301,16.14,1858,0
BSCU.US,5,20230613,202500,16.13,16.136,16.13,16.136,1200,0
BSCU.US,5,20230613,203000,16.13,16.13,16.11,16.11,1407,0
BSCU.US,5,20230613,203500,16.119,16.12,16.1121,16.1121,3316,0
BSCU.US,5,20230613,204000,16.12,16.12,16.1175,16.1175,3422,0
BSCU.US,5,20230613,210000,16.1106,16.1106,16.1106,16.1106,498,0
BSCU.US,5,20230613,210500,16.115,16.115,16.115,16.115,1000,0
BSCU.US,5,20230613,211500,16.1196,16.1196,16.1196,16.1196,900,0
BSCU.US,5,20230613,212000,16.1198,16.1198,16.1198,16.1198,8972,0
BSCU.US,5,20230613,212500,16.129,16.129,16.129,16.129,500,0
BSCU.US,5,20230613,213000,16.1213,16.1213,16.1213,16.1213,372,0
BSCU.US,5,20230613,213500,16.12,16.12,16.12,16.12,651,0
BSCU.US,5,20230613,214000,16.12,16.13,16.12,16.13,362,0
BSCU.US,5,20230614,153000,15.81,17.39,15.81,16.15,61937,0
BSCU.US,5,20230614,153500,16.16,16.165,16.15,16.165,3500,0
BSCU.US,5,20230614,154000,16.165,16.165,16.165,16.165,1700,0
BSCU.US,5,20230614,154500,16.16,16.16,16.16,16.16,2500,0
BSCU.US,5,20230614,155000,16.165,16.168,16.16,16.168,3200,0
BSCU.US,5,20230614,155500,16.16,16.16,16.16,16.16,1500,0
BSCU.US,5,20230614,160000,16.16,16.16,16.16,16.16,3200,0
BSCU.US,5,20230614,160500,16.16,16.16,16.16,16.16,1700,0
BSCU.US,5,20230614,161000,16.16,16.16,16.16,16.16,1200,0
BSCU.US,5,20230614,161500,16.165,16.165,16.165,16.165,1800,0
BSCU.US,5,20230614,162000,16.165,16.1794,16.165,16.1698,12127,0
BSCU.US,5,20230614,162500,16.17,16.17,16.16,16.16,2200,0
BSCU.US,5,20230614,163000,16.17,16.17,16.17,16.17,2100,0
BSCU.US,5,20230614,163500,16.17,16.17,16.17,16.17,1500,0
BSCU.US,5,20230614,164000,16.17,16.17,16.17,16.17,1300,0
BSCU.US,5,20230614,164500,16.17,16.18,16.17,16.17,3000,0
BSCU.US,5,20230614,165000,16.17,16.17,16.16,16.16,2500,0
BSCU.US,5,20230614,165500,16.17,16.17,16.17,16.17,2100,0
BSCU.US,5,20230614,170000,16.16,16.16,16.16,16.16,1600,0
BSCU.US,5,20230614,170500,16.17,16.17,16.17,16.17,1800,0
BSCU.US,5,20230614,171000,16.16,16.16,16.16,16.16,1700,0
BSCU.US,5,20230614,171500,16.17,16.17,16.17,16.17,1900,0
BSCU.US,5,20230614,172000,16.18,16.18,16.18,16.18,1200,0
BSCU.US,5,20230614,172500,16.18,16.18,16.18,16.18,2100,0
BSCU.US,5,20230614,173500,16.18,16.19,16.18,16.19,2900,0
BSCU.US,5,20230614,174000,16.19,16.19,16.19,16.19,1800,0
BSCU.US,5,20230614,174500,16.19,16.19,16.19,16.19,800,0
BSCU.US,5,20230614,175000,16.18,16.18,16.18,16.18,2000,0
BSCU.US,5,20230614,175500,16.18,16.18,16.18,16.18,800,0
BSCU.US,5,20230614,180000,16.18,16.18,16.17,16.17,2700,0
BSCU.US,5,20230614,180500,16.17,16.17,16.17,16.17,1400,0
BSCU.US,5,20230614,181000,16.17,16.179,16.17,16.179,2318,0
BSCU.US,5,20230614,181500,16.17,16.17,16.17,16.17,1100,0
BSCU.US,5,20230614,182000,16.17,16.17,16.17,16.17,1800,0
BSCU.US,5,20230614,182500,16.17,16.17,16.1636,16.17,2852,0
BSCU.US,5,20230614,183000,16.17,16.17,16.17,16.17,2000,0
BSCU.US,5,20230614,183500,16.17,16.17,16.17,16.17,1500,0
BSCU.US,5,20230614,184000,16.17,16.17,16.17,16.17,900,0
BSCU.US,5,20230614,184500,16.16,16.1654,16.16,16.1654,1914,0
BSCU.US,5,20230614,185000,16.17,16.18,16.17,16.1723,5472,0
BSCU.US,5,20230614,185500,16.18,16.18,16.17,16.17,2319,0
BSCU.US,5,20230614,190000,16.17,16.17,16.17,16.17,1900,0
BSCU.US,5,20230614,190500,16.17,16.17,16.17,16.17,1700,0
BSCU.US,5,20230614,191000,16.17,16.17,16.17,16.17,1925,0
BSCU.US,5,20230614,191500,16.16,16.17,16.16,16.17,2100,0
BSCU.US,5,20230614,192000,16.17,16.179,16.17,16.17,2218,0
BSCU.US,5,20230614,192500,16.17,16.17,16.17,16.17,300,0
BSCU.US,5,20230614,193000,16.17,16.17,16.165,16.165,2400,0
BSCU.US,5,20230614,193500,16.165,16.1699,16.165,16.165,1848,0
BSCU.US,5,20230614,194000,16.165,16.165,16.165,16.165,2100,0
BSCU.US,5,20230614,194500,16.165,16.175,16.165,16.175,1900,0
BSCU.US,5,20230614,195000,16.175,16.18,16.175,16.18,1700,0
BSCU.US,5,20230614,195500,16.18,16.18,16.18,16.18,1500,0
BSCU.US,5,20230614,200000,16.1,16.11,16.09,16.11,2600,0
BSCU.US,5,20230614,200500,16.1,16.1,16.08,16.1,8235,0
BSCU.US,5,20230614,201000,16.09,16.115,16.09,16.115,2600,0
BSCU.US,5,20230614,201500,16.12,16.12,16.1,16.1,1200,0
BSCU.US,5,20230614,202000,16.1,16.1,16.1,16.1,1200,0
BSCU.US,5,20230614,202500,16.09,16.11,16.09,16.11,3000,0
BSCU.US,5,20230614,203000,16.11,16.12,16.11,16.115,1900,0
BSCU.US,5,20230614,203500,16.12,16.145,16.12,16.14,8135,0
BSCU.US,5,20230614,204000,16.135,16.15,16.135,16.14,3600,0
BSCU.US,5,20230614,204500,16.145,16.15,16.14,16.15,2943,0
BSCU.US,5,20230614,205000,16.155,16.16,16.1473,16.16,3766,0
BSCU.US,5,20230614,205500,16.16,16.16,16.14,16.15,2700,0
BSCU.US,5,20230614,210000,16.15,16.15,16.145,16.145,2000,0
BSCU.US,5,20230614,210500,16.14,16.15,16.14,16.15,3100,0
BSCU.US,5,20230614,211000,16.15,16.1544,16.14,16.145,3377,0
BSCU.US,5,20230614,211500,16.14,16.15,16.13,16.13,4462,0
BSCU.US,5,20230614,212000,16.12,16.13,16.12,16.13,2900,0
BSCU.US,5,20230614,212500,16.13,16.1397,16.12,16.12,6825,0
BSCU.US,5,20230614,213000,16.11,16.13,16.11,16.13,4000,0
BSCU.US,5,20230614,213500,16.14,16.15,16.135,16.14,21343,0
BSCU.US,5,20230614,214000,16.14,16.14,16.135,16.14,3000,0
BSCU.US,5,20230614,214500,16.14,16.155,16.14,16.155,6300,0
BSCU.US,5,20230614,215000,16.15,16.16,16.15,16.15,8750,0
BSCU.US,5,20230614,215500,16.15,16.16,16.14,16.16,13916,0
BSCU.US,5,20230615,153000,16.25,16.25,16.24,16.24,2266,0
BSCU.US,5,20230615,153500,16.22,16.22,16.22,16.22,1100,0
BSCU.US,5,20230615,154000,16.22,16.22,16.22,16.22,200,0
BSCU.US,5,20230615,154500,16.225,16.225,16.225,16.225,4300,0
BSCU.US,5,20230615,155000,16.23,16.235,16.23,16.235,4350,0
BSCU.US,5,20230615,155500,16.23,16.2319,16.22,16.22,1877,0
BSCU.US,5,20230615,160000,16.22,16.23,16.22,16.22,2300,0
BSCU.US,5,20230615,160500,16.23,16.23,16.23,16.23,3800,0
BSCU.US,5,20230615,161000,16.2252,16.2252,16.2252,16.2252,464,0
BSCU.US,5,20230615,161500,16.23,16.23,16.225,16.225,6800,0
BSCU.US,5,20230615,163500,16.24,16.24,16.24,16.24,400,0
BSCU.US,5,20230615,164000,16.24,16.24,16.24,16.24,1800,0
BSCU.US,5,20230615,164500,16.24,16.24,16.24,16.24,100,0
BSCU.US,5,20230615,165000,16.24,16.249,16.23,16.23,2578,0
BSCU.US,5,20230615,165500,16.23,16.23,16.23,16.23,100,0
BSCU.US,5,20230615,173000,16.23,16.23,16.23,16.23,200,0
BSCU.US,5,20230615,173500,16.24,16.24,16.23,16.23,943,0
BSCU.US,5,20230615,174000,16.2319,16.2319,16.2319,16.2319,196,0
BSCU.US,5,20230615,175000,16.2298,16.2298,16.2297,16.2297,600,0
BSCU.US,5,20230615,175500,16.23,16.23,16.23,16.23,1832,0
BSCU.US,5,20230615,180000,16.2299,16.24,16.2299,16.2399,12864,0
BSCU.US,5,20230615,182000,16.24,16.25,16.24,16.25,52423,0
BSCU.US,5,20230615,184000,16.25,16.25,16.25,16.25,1000,0
BSCU.US,5,20230615,185000,16.2577,16.259,16.2577,16.259,995,0
BSCU.US,5,20230615,192000,16.25,16.25,16.25,16.25,625,0
BSCU.US,5,20230615,192500,16.259,16.26,16.259,16.2599,2914,0
BSCU.US,5,20230615,200000,16.2476,16.2476,16.2476,16.2476,256,0
BSCU.US,5,20230615,201000,16.25,16.25,16.25,16.25,310,0
BSCU.US,5,20230615,203000,16.26,16.26,16.26,16.26,1600,0
BSCU.US,5,20230615,204500,16.259,16.259,16.259,16.259,162,0
BSCU.US,5,20230615,205000,16.2486,16.259,16.2486,16.259,705,0
BSCU.US,5,20230615,210000,16.268,16.268,16.26,16.26,3500,0
BSCU.US,5,20230615,210500,16.26,16.26,16.26,16.26,215,0
BSCU.US,5,20230615,211000,16.269,16.269,16.269,16.269,495,0
BSCU.US,5,20230615,212500,16.27,16.27,16.26,16.26,300,0
BSCU.US,5,20230615,213000,16.26,16.26,16.26,16.26,300,0
BSCU.US,5,20230615,213500,16.26,16.27,16.26,16.27,300,0
BSCU.US,5,20230615,214000,16.27,16.28,16.2649,16.28,1700,0
BSCU.US,5,20230615,214500,16.27,16.27,16.27,16.27,200,0
BSCU.US,5,20230615,215000,16.261,16.261,16.261,16.261,200,0
BSCU.US,5,20230615,215500,16.261,16.27,16.261,16.261,898,0
BSCU.US,5,20230616,153000,16.25,16.25,16.23,16.23,2220,0
BSCU.US,5,20230616,153500,16.23,16.23,16.23,16.23,300,0
BSCU.US,5,20230616,154000,16.235,16.235,16.235,16.235,350,0
BSCU.US,5,20230616,155000,16.235,16.235,16.235,16.235,1000,0
BSCU.US,5,20230616,155500,16.235,16.235,16.235,16.235,600,0
BSCU.US,5,20230616,160000,16.255,16.255,16.25,16.25,3100,0
BSCU.US,5,20230616,161000,16.24,16.24,16.22,16.22,3625,0
BSCU.US,5,20230616,161500,16.22,16.22,16.22,16.22,500,0
BSCU.US,5,20230616,162000,16.22,16.22,16.21,16.21,1108,0
BSCU.US,5,20230616,162500,16.21,16.21,16.21,16.21,537,0
BSCU.US,5,20230616,163000,16.21,16.2134,16.21,16.2134,430,0
BSCU.US,5,20230616,163500,16.21,16.21,16.21,16.21,100,0
BSCU.US,5,20230616,164000,16.2129,16.215,16.2129,16.215,1812,0
BSCU.US,5,20230616,164500,16.235,16.235,16.235,16.235,1000,0
BSCU.US,5,20230616,165000,16.23,16.23,16.23,16.23,100,0
BSCU.US,5,20230616,165500,16.235,16.235,16.235,16.235,3350,0
BSCU.US,5,20230616,171000,16.245,16.245,16.245,16.245,100,0
BSCU.US,5,20230616,171500,16.25,16.25,16.25,16.25,3850,0
BSCU.US,5,20230616,172500,16.2417,16.2499,16.2417,16.2499,10858,0
BSCU.US,5,20230616,173000,16.245,16.245,16.245,16.245,947,0
BSCU.US,5,20230616,174500,16.24,16.24,16.235,16.235,3809,0
BSCU.US,5,20230616,181000,16.235,16.235,16.235,16.235,296,0
BSCU.US,5,20230616,183000,16.235,16.235,16.235,16.235,800,0
BSCU.US,5,20230616,184000,16.235,16.235,16.23,16.235,2350,0
BSCU.US,5,20230616,185500,16.235,16.235,16.235,16.235,1100,0
BSCU.US,5,20230616,192000,16.235,16.235,16.235,16.235,900,0
BSCU.US,5,20230616,193000,16.24,16.24,16.2333,16.2333,4719,0
BSCU.US,5,20230616,194000,16.24,16.24,16.24,16.24,1300,0
BSCU.US,5,20230616,194500,16.24,16.24,16.24,16.24,1300,0
BSCU.US,5,20230616,195000,16.24,16.24,16.24,16.24,100,0
BSCU.US,5,20230616,195500,16.24,16.24,16.24,16.24,600,0
BSCU.US,5,20230616,201000,16.2499,16.2499,16.2499,16.2499,108,0
BSCU.US,5,20230616,202000,16.2443,16.2443,16.235,16.235,3700,0
BSCU.US,5,20230616,203000,16.235,16.235,16.235,16.235,1275,0
BSCU.US,5,20230616,203500,16.235,16.235,16.23,16.23,3108,0
BSCU.US,5,20230616,205000,16.24,16.24,16.24,16.24,3600,0
BSCU.US,5,20230616,210000,16.24,16.24,16.235,16.235,1200,0
BSCU.US,5,20230616,210500,16.235,16.235,16.235,16.235,900,0
BSCU.US,5,20230616,211000,16.235,16.235,16.235,16.235,310,0
BSCU.US,5,20230616,211500,16.235,16.239,16.235,16.238,3450,0
BSCU.US,5,20230616,212000,16.234,16.234,16.234,16.234,1525,0
BSCU.US,5,20230616,212500,16.239,16.24,16.239,16.24,5324,0
BSCU.US,5,20230616,213000,16.24,16.24,16.24,16.24,1500,0
BSCU.US,5,20230616,213500,16.24,16.24,16.2377,16.24,8370,0
BSCU.US,5,20230616,214000,16.24,16.24,16.24,16.24,2500,0
BSCU.US,5,20230616,214500,16.24,16.24,16.24,16.24,900,0
BSCU.US,5,20230616,215000,16.24,16.24,16.24,16.24,2650,0
BSCU.US,5,20230616,215500,16.24,16.24,16.24,16.24,2415,0
BSCU.US,5,20230620,153000,16.24,16.24,16.21,16.22,5568,0
BSCU.US,5,20230620,153500,16.22,16.22,16.22,16.22,700,0
BSCU.US,5,20230620,155000,16.2117,16.22,16.2117,16.2199,1685,0
BSCU.US,5,20230620,155500,16.22,16.22,16.22,16.22,216,0
BSCU.US,5,20230620,160000,16.2157,16.2157,16.2157,16.2157,1000,0
BSCU.US,5,20230620,160500,16.22,16.22,16.22,16.22,224,0
BSCU.US,5,20230620,161500,16.235,16.24,16.235,16.24,618,0
BSCU.US,5,20230620,162500,16.23,16.23,16.23,16.23,3700,0
BSCU.US,5,20230620,163500,16.23,16.23,16.23,16.23,100,0
BSCU.US,5,20230620,164000,16.23,16.23,16.23,16.23,1200,0
BSCU.US,5,20230620,164500,16.23,16.23,16.23,16.23,100,0
BSCU.US,5,20230620,165000,16.23,16.23,16.23,16.23,1200,0
BSCU.US,5,20230620,165500,16.23,16.23,16.23,16.23,500,0
BSCU.US,5,20230620,170000,16.23,16.23,16.23,16.23,100,0
BSCU.US,5,20230620,170500,16.22,16.22,16.22,16.22,100,0
BSCU.US,5,20230620,171000,16.225,16.225,16.225,16.225,800,0
BSCU.US,5,20230620,171500,16.225,16.225,16.225,16.225,300,0
BSCU.US,5,20230620,172000,16.225,16.225,16.225,16.225,1230,0
BSCU.US,5,20230620,173000,16.225,16.225,16.225,16.225,1193,0
BSCU.US,5,20230620,174500,16.2261,16.2261,16.225,16.225,5300,0
BSCU.US,5,20230620,175000,16.225,16.225,16.225,16.225,300,0
BSCU.US,5,20230620,180500,16.225,16.225,16.225,16.225,147,0
BSCU.US,5,20230620,181000,16.225,16.225,16.225,16.225,7300,0
BSCU.US,5,20230620,182500,16.2258,16.2258,16.2258,16.2258,288,0
BSCU.US,5,20230620,183500,16.23,16.23,16.2263,16.2263,862,0
BSCU.US,5,20230620,185500,16.23,16.23,16.23,16.23,100,0
BSCU.US,5,20230620,193500,16.2295,16.2295,16.2295,16.2295,443,0
BSCU.US,5,20230620,194000,16.23,16.24,16.23,16.23,30672,0
BSCU.US,5,20230620,195000,16.229,16.23,16.229,16.23,2482,0
BSCU.US,5,20230620,195500,16.23,16.23,16.23,16.23,200,0
BSCU.US,5,20230620,202500,16.225,16.225,16.225,16.225,873,0
BSCU.US,5,20230620,203000,16.225,16.2262,16.22,16.225,2154,0
BSCU.US,5,20230620,204000,16.225,16.225,16.225,16.225,123,0
BSCU.US,5,20230620,205000,16.225,16.225,16.225,16.225,2500,0
BSCU.US,5,20230620,205500,16.2265,16.2265,16.2265,16.2265,417,0
BSCU.US,5,20230620,210000,16.225,16.23,16.223,16.223,4756,0
BSCU.US,5,20230620,211500,16.225,16.225,16.225,16.225,500,0
BSCU.US,5,20230620,213000,16.22,16.22,16.22,16.22,100,0
BSCU.US,5,20230620,215500,16.22,16.23,16.22,16.23,400,0
BSCU.US,5,20230621,153000,16.19,16.19,16.19,16.19,1086,0
BSCU.US,5,20230621,153500,16.16,16.16,16.16,16.16,100,0
BSCU.US,5,20230621,154000,16.16,16.16,16.16,16.16,200,0
BSCU.US,5,20230621,155000,16.15,16.1507,16.15,16.1507,970,0
BSCU.US,5,20230621,155500,16.1529,16.1529,16.1529,16.1529,581,0
BSCU.US,5,20230621,163000,16.15,16.15,16.15,16.15,1021,0
BSCU.US,5,20230621,164000,16.15,16.17,16.15,16.17,282,0
BSCU.US,5,20230621,164500,16.1601,16.17,16.1601,16.17,610,0
BSCU.US,5,20230621,165500,16.179,16.179,16.1681,16.1681,1844,0
BSCU.US,5,20230621,170500,16.177,16.177,16.17,16.17,1269,0
BSCU.US,5,20230621,171500,16.1698,16.17,16.1698,16.17,1477,0
BSCU.US,5,20230621,172000,16.165,16.165,16.165,16.165,400,0
BSCU.US,5,20230621,174500,16.1699,16.1699,16.16,16.16,1340,0
BSCU.US,5,20230621,182500,16.1631,16.17,16.1631,16.17,346,0
BSCU.US,5,20230621,184000,16.17,16.175,16.17,16.175,14232,0
BSCU.US,5,20230621,184500,16.177,16.177,16.175,16.175,1015,0
BSCU.US,5,20230621,190000,16.189,16.189,16.189,16.189,270,0
BSCU.US,5,20230621,190500,16.188,16.19,16.185,16.19,4004,0
BSCU.US,5,20230621,191000,16.19,16.19,16.19,16.19,100,0
BSCU.US,5,20230621,192000,16.2,16.2,16.19,16.19,1700,0
BSCU.US,5,20230621,192500,16.2,16.2,16.2,16.2,100,0
BSCU.US,5,20230621,193000,16.2,16.2,16.2,16.2,1644,0
BSCU.US,5,20230621,194500,16.21,16.21,16.2035,16.2035,246,0
BSCU.US,5,20230621,195000,16.2,16.2,16.2,16.2,2500,0
BSCU.US,5,20230621,195500,16.2,16.2,16.2,16.2,1113,0
BSCU.US,5,20230621,200500,16.2098,16.21,16.204,16.21,14515,0
BSCU.US,5,20230621,201000,16.205,16.21,16.205,16.21,900,0
BSCU.US,5,20230621,202500,16.22,16.2231,16.22,16.2231,1231,0
BSCU.US,5,20230621,203000,16.228,16.23,16.2275,16.23,6184,0
BSCU.US,5,20230621,203500,16.225,16.225,16.225,16.225,1244,0
BSCU.US,5,20230621,204000,16.225,16.225,16.225,16.225,100,0
BSCU.US,5,20230621,204500,16.225,16.225,16.225,16.225,1221,0
BSCU.US,5,20230621,205000,16.225,16.225,16.225,16.225,2457,0
BSCU.US,5,20230621,210000,16.225,16.225,16.22,16.22,400,0
BSCU.US,5,20230621,210500,16.225,16.225,16.225,16.225,1340,0
BSCU.US,5,20230621,211000,16.225,16.2291,16.22,16.2291,5235,0
BSCU.US,5,20230621,211500,16.2225,16.2225,16.2225,16.2225,1232,0
BSCU.US,5,20230621,213000,16.225,16.225,16.225,16.225,349,0
BSCU.US,5,20230621,214000,16.225,16.225,16.225,16.225,1830,0
BSCU.US,5,20230621,214500,16.225,16.225,16.225,16.225,449,0
BSCU.US,5,20230621,215000,16.225,16.225,16.22,16.225,2118,0
BSCU.US,5,20230621,215500,16.225,16.225,16.225,16.225,156,0
BSCU.US,5,20230622,153000,16.18,16.18,16.17,16.17,8908,0
BSCU.US,5,20230622,154000,16.1817,16.1817,16.1817,16.1817,224,0
BSCU.US,5,20230622,155000,16.195,16.195,16.195,16.195,988,0
BSCU.US,5,20230622,160000,16.19,16.19,16.19,16.19,300,0
BSCU.US,5,20230622,161500,16.1817,16.1817,16.18,16.18,747,0
BSCU.US,5,20230622,163000,16.18,16.185,16.1725,16.1725,4828,0
BSCU.US,5,20230622,164000,16.17,16.17,16.17,16.17,500,0
BSCU.US,5,20230622,173000,16.16,16.16,16.1533,16.1533,2000,0
BSCU.US,5,20230622,174500,16.1697,16.1697,16.1697,16.1697,1302,0
BSCU.US,5,20230622,180000,16.15,16.15,16.15,16.15,500,0
BSCU.US,5,20230622,181500,16.157,16.157,16.1569,16.1569,2000,0
BSCU.US,5,20230622,182000,16.15,16.15,16.15,16.15,3320,0
BSCU.US,5,20230622,182500,16.154,16.154,16.154,16.154,212,0
BSCU.US,5,20230622,183000,16.15,16.15,16.15,16.15,200,0
BSCU.US,5,20230622,183500,16.145,16.15,16.145,16.15,5238,0
BSCU.US,5,20230622,184500,16.149,16.1589,16.1457,16.1589,4597,0
BSCU.US,5,20230622,190000,16.15,16.15,16.1437,16.1437,4297,0
BSCU.US,5,20230622,190500,16.145,16.145,16.145,16.145,567,0
BSCU.US,5,20230622,191000,16.1498,16.1498,16.1498,16.1498,1000,0
BSCU.US,5,20230622,191500,16.145,16.145,16.145,16.145,240,0
BSCU.US,5,20230622,192000,16.1461,16.1461,16.1461,16.1461,390,0
BSCU.US,5,20230622,194500,16.145,16.145,16.145,16.145,100,0
BSCU.US,5,20230622,200000,16.15,16.15,16.15,16.15,300,0
BSCU.US,5,20230622,203000,16.16,16.16,16.1505,16.16,3094,0
BSCU.US,5,20230622,203500,16.1564,16.1564,16.1564,16.1564,100,0
BSCU.US,5,20230622,205500,16.15,16.15,16.15,16.15,3094,0
BSCU.US,5,20230622,210000,16.155,16.155,16.155,16.155,101,0
BSCU.US,5,20230622,211500,16.1486,16.1486,16.1401,16.1401,2578,0
BSCU.US,5,20230622,213000,16.141,16.141,16.14,16.14,820,0
BSCU.US,5,20230622,214000,16.1569,16.1569,16.15,16.15,1239,0
BSCU.US,5,20230622,214500,16.15,16.15,16.15,16.15,2300,0
BSCU.US,5,20230622,215000,16.1575,16.1575,16.1575,16.1575,916,0
BSCU.US,5,20230623,153000,16.27,16.27,16.23,16.23,7895,0
BSCU.US,5,20230623,153500,16.23,16.23,16.2296,16.2296,973,0
BSCU.US,5,20230623,154500,16.22,16.22,16.2,16.2,1198,0
BSCU.US,5,20230623,155000,16.21,16.21,16.21,16.21,400,0
BSCU.US,5,20230623,155500,16.21,16.21,16.21,16.21,900,0
BSCU.US,5,20230623,160000,16.2079,16.2079,16.2079,16.2079,1500,0
BSCU.US,5,20230623,161000,16.21,16.21,16.2082,16.2082,308,0
BSCU.US,5,20230623,162000,16.2,16.2,16.2,16.2,600,0
BSCU.US,5,20230623,162500,16.2,16.2,16.2,16.2,100,0
BSCU.US,5,20230623,163000,16.2,16.2,16.2,16.2,900,0
BSCU.US,5,20230623,163500,16.21,16.21,16.21,16.21,699,0
BSCU.US,5,20230623,164500,16.18,16.189,16.18,16.18,836,0
BSCU.US,5,20230623,165000,16.18,16.18,16.18,16.18,10100,0
BSCU.US,5,20230623,165500,16.18,16.18,16.18,16.18,600,0
BSCU.US,5,20230623,172000,16.1761,16.1761,16.1761,16.1761,3611,0
BSCU.US,5,20230623,173000,16.175,16.1843,16.175,16.1843,887,0
BSCU.US,5,20230623,175000,16.18,16.18,16.18,16.18,397,0
BSCU.US,5,20230623,175500,16.18,16.18,16.1721,16.1721,68573,0
BSCU.US,5,20230623,181500,16.1757,16.1757,16.1757,16.1757,754,0
BSCU.US,5,20230623,182500,16.1733,16.18,16.1733,16.175,2865,0
BSCU.US,5,20230623,183000,16.175,16.175,16.175,16.175,738,0
BSCU.US,5,20230623,183500,16.175,16.175,16.175,16.175,300,0
BSCU.US,5,20230623,184000,16.175,16.175,16.175,16.175,751,0
BSCU.US,5,20230623,185500,16.1779,16.1779,16.175,16.175,6723,0
BSCU.US,5,20230623,192000,16.18,16.18,16.18,16.18,200,0
BSCU.US,5,20230623,194000,16.18,16.18,16.18,16.18,200,0
BSCU.US,5,20230623,194500,16.18,16.18,16.18,16.18,200,0
BSCU.US,5,20230623,195000,16.18,16.18,16.18,16.18,200,0
BSCU.US,5,20230623,200000,16.18,16.18,16.18,16.18,300,0
BSCU.US,5,20230623,200500,16.18,16.18,16.18,16.18,600,0
BSCU.US,5,20230623,201000,16.18,16.18,16.18,16.18,100,0
BSCU.US,5,20230623,201500,16.18,16.18,16.18,16.18,200,0
BSCU.US,5,20230623,203000,16.18,16.18,16.17,16.18,600,0
BSCU.US,5,20230623,203500,16.18,16.18,16.18,16.18,700,0
BSCU.US,5,20230623,205000,16.18,16.18,16.18,16.18,700,0
BSCU.US,5,20230623,205500,16.18,16.18,16.18,16.18,100,0
BSCU.US,5,20230623,210000,16.185,16.19,16.185,16.185,4000,0
BSCU.US,5,20230623,211000,16.185,16.185,16.1802,16.1802,3053,0
BSCU.US,5,20230623,213000,16.185,16.185,16.185,16.185,6080,0
BSCU.US,5,20230623,215000,16.19,16.19,16.19,16.19,100,0
BSCU.US,5,20230623,215500,16.19,16.19,16.19,16.19,1576,0
BSCU.US,5,20230626,155000,16.2,16.2,16.2,16.2,3996,0
BSCU.US,5,20230626,155500,16.22,16.22,16.22,16.22,214,0
BSCU.US,5,20230626,160000,16.2072,16.2072,16.2072,16.2072,511,0
BSCU.US,5,20230626,164000,16.2083,16.2083,16.2083,16.2083,1923,0
BSCU.US,5,20230626,164500,16.2,16.2,16.2,16.2,300,0
BSCU.US,5,20230626,165000,16.2025,16.2025,16.2025,16.2025,640,0
BSCU.US,5,20230626,165500,16.2003,16.2003,16.2003,16.2003,1100,0
BSCU.US,5,20230626,171500,16.21,16.21,16.21,16.21,100,0
BSCU.US,5,20230626,172000,16.22,16.23,16.22,16.23,908,0
BSCU.US,5,20230626,172500,16.229,16.23,16.225,16.2298,1370,0
BSCU.US,5,20230626,173000,16.2227,16.2299,16.2227,16.2299,1710,0
BSCU.US,5,20230626,174000,16.2145,16.22,16.2145,16.22,801,0
BSCU.US,5,20230626,174500,16.2134,16.2134,16.2134,16.2134,140,0
BSCU.US,5,20230626,175500,16.21,16.21,16.21,16.21,200,0
BSCU.US,5,20230626,182000,16.219,16.219,16.215,16.215,3100,0
BSCU.US,5,20230626,182500,16.215,16.215,16.215,16.215,150,0
BSCU.US,5,20230626,183000,16.2121,16.2121,16.2121,16.2121,484,0
BSCU.US,5,20230626,190000,16.23,16.23,16.229,16.23,925,0
BSCU.US,5,20230626,190500,16.22,16.22,16.22,16.22,300,0
BSCU.US,5,20230626,192000,16.219,16.22,16.217,16.217,1480,0
BSCU.US,5,20230626,194000,16.22,16.22,16.22,16.22,100,0
BSCU.US,5,20230626,200500,16.21,16.21,16.21,16.21,100,0
BSCU.US,5,20230626,201500,16.22,16.22,16.22,16.22,800,0
BSCU.US,5,20230626,204000,16.21,16.23,16.21,16.23,4000,0
BSCU.US,5,20230626,210000,16.22,16.22,16.22,16.22,556,0
BSCU.US,5,20230626,211500,16.2101,16.2105,16.2101,16.2105,297,0
BSCU.US,5,20230626,212000,16.21,16.219,16.2,16.219,1801,0
BSCU.US,5,20230626,213500,16.219,16.219,16.219,16.219,1391,0
BSCU.US,5,20230626,214000,16.22,16.22,16.22,16.22,1541,0
BSCU.US,5,20230626,215500,16.215,16.215,16.215,16.215,600,0
BSCU.US,5,20230627,153500,16.226,16.226,16.226,16.226,300,0
BSCU.US,5,20230627,155500,16.22,16.22,16.22,16.22,300,0
BSCU.US,5,20230627,160500,16.195,16.195,16.195,16.195,2852,0
BSCU.US,5,20230627,163500,16.185,16.185,16.18,16.18,1350,0
BSCU.US,5,20230627,164000,16.17,16.17,16.17,16.17,100,0
BSCU.US,5,20230627,175500,16.18,16.18,16.18,16.18,883,0
BSCU.US,5,20230627,180500,16.189,16.189,16.189,16.189,2400,0
BSCU.US,5,20230627,182000,16.1867,16.1867,16.1867,16.1867,155,0
BSCU.US,5,20230627,183000,16.1881,16.1881,16.1881,16.1881,308,0
BSCU.US,5,20230627,190000,16.195,16.195,16.195,16.195,100,0
BSCU.US,5,20230627,191000,16.1929,16.195,16.1921,16.195,3849,0
BSCU.US,5,20230627,192000,16.195,16.195,16.195,16.195,200,0
BSCU.US,5,20230627,192500,16.195,16.195,16.195,16.195,218,0
BSCU.US,5,20230627,193000,16.195,16.1995,16.195,16.195,2378,0
BSCU.US,5,20230627,193500,16.19,16.19,16.19,16.19,3300,0
BSCU.US,5,20230627,194000,16.19,16.19,16.19,16.19,200,0
BSCU.US,5,20230627,194500,16.19,16.19,16.19,16.19,5700,0
BSCU.US,5,20230627,201000,16.195,16.195,16.195,16.195,1001,0
BSCU.US,5,20230627,201500,16.195,16.195,16.195,16.195,185,0
BSCU.US,5,20230627,202000,16.195,16.195,16.19,16.195,400,0
BSCU.US,5,20230627,202500,16.195,16.195,16.1927,16.1927,1027,0
BSCU.US,5,20230627,203000,16.195,16.195,16.195,16.195,500,0
BSCU.US,5,20230627,203500,16.19,16.195,16.19,16.195,1689,0
BSCU.US,5,20230627,204000,16.19,16.195,16.19,16.195,3560,0
BSCU.US,5,20230627,204500,16.19,16.19,16.185,16.185,2346,0
BSCU.US,5,20230627,205000,16.185,16.185,16.185,16.185,500,0
BSCU.US,5,20230627,205500,16.185,16.185,16.185,16.185,5200,0
BSCU.US,5,20230627,210000,16.185,16.185,16.185,16.185,1918,0
BSCU.US,5,20230627,210500,16.185,16.185,16.185,16.185,300,0
BSCU.US,5,20230627,211000,16.185,16.185,16.185,16.185,200,0
BSCU.US,5,20230627,211500,16.185,16.185,16.185,16.185,300,0
BSCU.US,5,20230627,212000,16.185,16.185,16.18,16.18,200,0
BSCU.US,5,20230627,212500,16.185,16.185,16.185,16.185,200,0
BSCU.US,5,20230627,213000,16.185,16.185,16.185,16.185,300,0
BSCU.US,5,20230627,213500,16.185,16.185,16.185,16.185,400,0
BSCU.US,5,20230627,214000,16.185,16.185,16.185,16.185,400,0
BSCU.US,5,20230627,214500,16.185,16.185,16.18,16.185,700,0
BSCU.US,5,20230627,215000,16.18,16.185,16.18,16.185,500,0
BSCU.US,5,20230627,215500,16.19,16.19,16.185,16.19,3382,0
BSCU.US,5,20230628,153000,16.23,16.23,16.23,16.23,6392,0
BSCU.US,5,20230628,155000,16.2,16.2,16.2,16.2,200,0
BSCU.US,5,20230628,155500,16.2,16.2,16.2,16.2,100,0
BSCU.US,5,20230628,160000,16.2,16.2,16.2,16.2,100,0
BSCU.US,5,20230628,160500,16.2,16.2,16.1921,16.1921,2115,0
BSCU.US,5,20230628,161000,16.199,16.2,16.195,16.195,2218,0
BSCU.US,5,20230628,170000,16.1899,16.1899,16.1899,16.1899,617,0
BSCU.US,5,20230628,172000,16.199,16.2,16.199,16.2,1025,0
BSCU.US,5,20230628,172500,16.2,16.2,16.2,16.2,100,0
BSCU.US,5,20230628,173000,16.2,16.2,16.2,16.2,100,0
BSCU.US,5,20230628,173500,16.2,16.2082,16.2,16.2082,2043,0
BSCU.US,5,20230628,174500,16.21,16.21,16.2063,16.21,5491,0
BSCU.US,5,20230628,175000,16.202,16.202,16.202,16.202,832,0
BSCU.US,5,20230628,175500,16.21,16.21,16.21,16.21,1915,0
BSCU.US,5,20230628,181000,16.22,16.22,16.22,16.22,100,0
BSCU.US,5,20230628,182000,16.22,16.22,16.22,16.22,200,0
BSCU.US,5,20230628,182500,16.22,16.22,16.22,16.22,100,0
BSCU.US,5,20230628,183500,16.2299,16.2299,16.2299,16.2299,143,0
BSCU.US,5,20230628,184000,16.2129,16.2129,16.2129,16.2129,502,0
BSCU.US,5,20230628,184500,16.22,16.22,16.22,16.22,200,0
BSCU.US,5,20230628,185000,16.22,16.22,16.22,16.22,100,0
BSCU.US,5,20230628,185500,16.22,16.23,16.22,16.23,2884,0
BSCU.US,5,20230628,192500,16.24,16.24,16.24,16.24,100,0
BSCU.US,5,20230628,193500,16.23,16.23,16.2246,16.2246,1887,0
BSCU.US,5,20230628,195000,16.239,16.239,16.239,16.239,362,0
BSCU.US,5,20230628,195500,16.24,16.24,16.24,16.24,100,0
BSCU.US,5,20230628,200500,16.2453,16.2453,16.2453,16.2453,555,0
BSCU.US,5,20230628,201500,16.25,16.25,16.25,16.25,287,0
BSCU.US,5,20230628,203000,16.24,16.24,16.24,16.24,337,0
BSCU.US,5,20230628,203500,16.2308,16.25,16.23,16.24,5163,0
BSCU.US,5,20230628,204500,16.24,16.24,16.2341,16.2341,300,0
BSCU.US,5,20230628,210000,16.24,16.25,16.24,16.24,7894,0
BSCU.US,5,20230628,210500,16.24,16.24,16.239,16.24,1300,0
BSCU.US,5,20230628,211500,16.2363,16.24,16.2363,16.24,850,0
BSCU.US,5,20230628,213000,16.24,16.24,16.24,16.24,300,0
BSCU.US,5,20230628,213500,16.2447,16.2447,16.2447,16.2447,2041,0
BSCU.US,5,20230628,215500,16.24,16.25,16.24,16.25,986,0
BSCU.US,5,20230629,153000,16.16,16.16,16.14,16.14,6822,0
BSCU.US,5,20230629,155000,16.135,16.139,16.135,16.139,3500,0
BSCU.US,5,20230629,160000,16.13,16.13,16.13,16.13,400,0
BSCU.US,5,20230629,161000,16.1101,16.1101,16.1101,16.1101,275,0
BSCU.US,5,20230629,162500,16.13,16.13,16.13,16.13,100,0
BSCU.US,5,20230629,163000,16.125,16.125,16.125,16.125,1400,0
BSCU.US,5,20230629,163500,16.12,16.12,16.11,16.119,900,0
BSCU.US,5,20230629,164000,16.12,16.12,16.12,16.12,100,0
BSCU.US,5,20230629,164500,16.12,16.12,16.12,16.12,200,0
BSCU.US,5,20230629,165000,16.11,16.1299,16.11,16.1299,300,0
BSCU.US,5,20230629,165500,16.1399,16.1399,16.1399,16.1399,403,0
BSCU.US,5,20230629,173500,16.118,16.118,16.118,16.118,356,0
BSCU.US,5,20230629,174000,16.1218,16.1218,16.1218,16.1218,506,0
BSCU.US,5,20230629,175000,16.115,16.115,16.1137,16.1137,866,0
BSCU.US,5,20230629,181000,16.114,16.114,16.114,16.114,659,0
BSCU.US,5,20230629,181500,16.1199,16.1199,16.1199,16.1199,316,0
BSCU.US,5,20230629,182000,16.12,16.12,16.12,16.12,201,0
BSCU.US,5,20230629,182500,16.119,16.119,16.119,16.119,465,0
BSCU.US,5,20230629,183000,16.12,16.12,16.12,16.12,400,0
BSCU.US,5,20230629,183500,16.1159,16.1159,16.1159,16.1159,519,0
BSCU.US,5,20230629,184500,16.11,16.11,16.11,16.11,306,0
BSCU.US,5,20230629,192500,16.1128,16.1128,16.1128,16.1128,184,0
BSCU.US,5,20230629,200500,16.124,16.124,16.124,16.124,1239,0
BSCU.US,5,20230629,201000,16.12,16.12,16.12,16.12,100,0
BSCU.US,5,20230629,203000,16.12,16.13,16.12,16.13,4902,0
BSCU.US,5,20230629,203500,16.13,16.13,16.125,16.125,708,0
BSCU.US,5,20230629,204000,16.1201,16.1201,16.1201,16.1201,1000,0
BSCU.US,5,20230629,205000,16.125,16.125,16.125,16.125,100,0
BSCU.US,5,20230629,210500,16.1244,16.1244,16.1244,16.1244,312,0
BSCU.US,5,20230629,211000,16.125,16.125,16.125,16.125,325,0
BSCU.US,5,20230629,213000,16.13,16.13,16.1299,16.1299,240,0
BSCU.US,5,20230629,213500,16.13,16.13,16.1299,16.1299,3098,0
BSCU.US,5,20230629,215000,16.13,16.1452,16.13,16.1452,2550,0
BSCU.US,5,20230629,215500,16.14,16.14,16.135,16.1399,2257,0
BSCU.US,5,20230630,153000,16.16,16.17,16.15,16.15,17722,0
BSCU.US,5,20230630,154000,16.15,16.15,16.15,16.15,300,0
BSCU.US,5,20230630,160500,16.1501,16.1501,16.1501,16.1501,200,0
BSCU.US,5,20230630,162500,16.1585,16.16,16.1585,16.16,4126,0
BSCU.US,5,20230630,165500,16.16,16.16,16.16,16.16,100,0
BSCU.US,5,20230630,170000,16.19,16.19,16.1801,16.1801,413,0
BSCU.US,5,20230630,170500,16.19,16.19,16.1841,16.1841,1704,0
BSCU.US,5,20230630,171000,16.19,16.19,16.19,16.19,1749,0
BSCU.US,5,20230630,171500,16.2,16.2,16.2,16.2,630,0
BSCU.US,5,20230630,172000,16.195,16.195,16.195,16.195,400,0
BSCU.US,5,20230630,172500,16.195,16.195,16.195,16.195,1200,0
BSCU.US,5,20230630,175000,16.19,16.19,16.19,16.19,100,0
BSCU.US,5,20230630,175500,16.195,16.195,16.195,16.195,4300,0
BSCU.US,5,20230630,182000,16.195,16.195,16.195,16.195,200,0
BSCU.US,5,20230630,182500,16.1905,16.195,16.1905,16.195,1225,0
BSCU.US,5,20230630,184000,16.1957,16.1957,16.1957,16.1957,1234,0
BSCU.US,5,20230630,184500,16.2,16.2,16.2,16.2,666,0
BSCU.US,5,20230630,190000,16.21,16.21,16.2099,16.2099,3760,0
BSCU.US,5,20230630,190500,16.21,16.21,16.21,16.21,100,0
BSCU.US,5,20230630,193000,16.21,16.21,16.2099,16.21,4402,0
BSCU.US,5,20230630,193500,16.205,16.205,16.205,16.205,100,0
BSCU.US,5,20230630,194500,16.2095,16.2095,16.2095,16.2095,425,0
BSCU.US,5,20230630,195000,16.205,16.205,16.205,16.205,3393,0
BSCU.US,5,20230630,201500,16.207,16.207,16.205,16.205,1933,0
BSCU.US,5,20230630,202500,16.209,16.2199,16.209,16.2199,723,0
BSCU.US,5,20230630,204500,16.205,16.205,16.205,16.205,970,0
BSCU.US,5,20230630,205500,16.205,16.21,16.205,16.21,3266,0
BSCU.US,5,20230630,210000,16.205,16.21,16.205,16.21,1215,0
BSCU.US,5,20230630,212000,16.205,16.205,16.205,16.205,112,0
BSCU.US,5,20230630,214500,16.21,16.21,16.21,16.21,200,0
BSCU.US,5,20230703,153500,16.2,16.2,16.2,16.2,400,0
BSCU.US,5,20230703,155500,16.215,16.215,16.21,16.21,1795,0
BSCU.US,5,20230703,160500,16.2499,16.2499,16.2499,16.2499,1858,0
BSCU.US,5,20230703,161000,16.24,16.24,16.24,16.24,100,0
BSCU.US,5,20230703,162500,16.235,16.235,16.235,16.235,570,0
BSCU.US,5,20230703,164000,16.22,16.22,16.22,16.22,301,0
BSCU.US,5,20230703,170500,16.21,16.21,16.195,16.195,400,0
BSCU.US,5,20230703,171500,16.2,16.2,16.2,16.2,100,0
BSCU.US,5,20230703,172500,16.2,16.2,16.2,16.2,400,0
BSCU.US,5,20230703,173000,16.2,16.2,16.2,16.2,100,0
BSCU.US,5,20230703,182000,16.19,16.19,16.19,16.19,200,0
BSCU.US,5,20230703,182500,16.2,16.204,16.2,16.2,2485,0
BSCU.US,5,20230703,184000,16.195,16.1982,16.195,16.1982,1928,0
BSCU.US,5,20230703,184500,16.195,16.195,16.195,16.195,800,0
BSCU.US,5,20230703,185000,16.195,16.195,16.195,16.195,1100,0
BSCU.US,5,20230703,185500,16.195,16.195,16.1936,16.195,2043,0
BSCU.US,5,20230703,190000,16.19,16.19,16.19,16.19,566,0
BSCU.US,5,20230705,153000,16.19,16.19,16.14,16.14,17314,0
BSCU.US,5,20230705,153500,16.159,16.19,16.159,16.16,25708,0
BSCU.US,5,20230705,154500,16.15,16.15,16.1,16.15,10529,0
BSCU.US,5,20230705,155500,16.16,16.17,16.16,16.1697,4600,0
BSCU.US,5,20230705,160000,16.17,16.17,16.165,16.165,300,0
BSCU.US,5,20230705,161000,16.16,16.16,16.16,16.16,200,0
BSCU.US,5,20230705,161500,16.15,16.15,16.15,16.15,100,0
BSCU.US,5,20230705,165000,16.13,16.13,16.13,16.13,100,0
BSCU.US,5,20230705,170500,16.135,16.14,16.135,16.135,1708,0
BSCU.US,5,20230705,171000,16.135,16.135,16.135,16.135,106,0
BSCU.US,5,20230705,171500,16.1335,16.1335,16.1335,16.1335,1764,0
BSCU.US,5,20230705,172000,16.1397,16.1397,16.1397,16.1397,123,0
BSCU.US,5,20230705,172500,16.135,16.135,16.135,16.135,100,0
BSCU.US,5,20230705,173000,16.1317,16.1317,16.1317,16.1317,123,0
BSCU.US,5,20230705,173500,16.1301,16.1323,16.1301,16.1323,240,0
BSCU.US,5,20230705,174500,16.135,16.135,16.135,16.135,100,0
BSCU.US,5,20230705,175500,16.135,16.135,16.135,16.135,1047,0
BSCU.US,5,20230705,180000,16.135,16.135,16.135,16.135,1859,0
BSCU.US,5,20230705,180500,16.135,16.135,16.13,16.135,1343,0
BSCU.US,5,20230705,181000,16.135,16.135,16.135,16.135,100,0
BSCU.US,5,20230705,181500,16.13,16.1301,16.12,16.12,311,0
BSCU.US,5,20230705,183000,16.125,16.125,16.125,16.125,4400,0
BSCU.US,5,20230705,183500,16.125,16.125,16.125,16.125,100,0
BSCU.US,5,20230705,184000,16.125,16.125,16.125,16.125,159,0
BSCU.US,5,20230705,184500,16.125,16.125,16.125,16.125,900,0
BSCU.US,5,20230705,185000,16.12,16.12,16.12,16.12,300,0
BSCU.US,5,20230705,185500,16.1182,16.1182,16.1182,16.1182,227,0
BSCU.US,5,20230705,190500,16.115,16.115,16.115,16.115,100,0
BSCU.US,5,20230705,192000,16.11,16.11,16.11,16.11,450,0
BSCU.US,5,20230705,193000,16.115,16.115,16.115,16.115,100,0
BSCU.US,5,20230705,194000,16.11,16.11,16.1,16.1,300,0
BSCU.US,5,20230705,195500,16.08,16.08,16.08,16.08,1550,0
BSCU.US,5,20230705,200000,16.09,16.1,16.09,16.0999,8030,0
BSCU.US,5,20230705,200500,16.0998,16.0998,16.0889,16.0889,2074,0
BSCU.US,5,20230705,201000,16.094,16.094,16.094,16.094,120,0
BSCU.US,5,20230705,202000,16.089,16.089,16.089,16.089,618,0
BSCU.US,5,20230705,202500,16.09,16.09,16.09,16.09,100,0
BSCU.US,5,20230705,204000,16.09,16.09,16.09,16.09,100,0
BSCU.US,5,20230705,205000,16.09,16.1,16.08,16.09,2900,0
BSCU.US,5,20230705,205500,16.09,16.09,16.0891,16.0891,1038,0
BSCU.US,5,20230705,210000,16.085,16.0979,16.085,16.09,4693,0
BSCU.US,5,20230705,210500,16.09,16.09,16.09,16.09,125,0
BSCU.US,5,20230705,211000,16.08,16.09,16.08,16.09,1000,0
BSCU.US,5,20230705,211500,16.0899,16.0899,16.0899,16.0899,130,0
BSCU.US,5,20230705,212500,16.09,16.09,16.09,16.09,100,0
BSCU.US,5,20230705,213000,16.09,16.09,16.09,16.09,100,0
BSCU.US,5,20230705,213500,16.0821,16.09,16.0821,16.089,1008,0
BSCU.US,5,20230705,214000,16.0801,16.0801,16.0801,16.0801,3092,0
BSCU.US,5,20230705,214500,16.09,16.09,16.09,16.09,100,0
BSCU.US,5,20230705,215500,16.09,16.09,16.085,16.085,446,0
BSCU.US,5,20230706,153000,16,16,15.97,15.97,1947,0
BSCU.US,5,20230706,153500,15.97,15.97,15.97,15.97,1500,0
BSCU.US,5,20230706,154000,15.971,15.971,15.971,15.971,100,0
BSCU.US,5,20230706,154500,15.9721,15.9721,15.9721,15.9721,155,0
BSCU.US,5,20230706,160000,15.97,15.97,15.97,15.97,500,0
BSCU.US,5,20230706,160500,15.95,15.95,15.95,15.95,1600,0
BSCU.US,5,20230706,161000,15.95,15.95,15.95,15.95,300,0
BSCU.US,5,20230706,161500,15.94,15.94,15.94,15.94,100,0
BSCU.US,5,20230706,163000,15.9327,15.9327,15.9327,15.9327,200,0
BSCU.US,5,20230706,164500,15.9203,15.9203,15.9203,15.9203,1100,0
BSCU.US,5,20230706,165000,15.94,15.94,15.93,15.93,600,0
BSCU.US,5,20230706,165500,15.93,15.93,15.9288,15.9288,945,0
BSCU.US,5,20230706,170500,15.9356,15.9356,15.93,15.93,970,0
BSCU.US,5,20230706,171000,15.94,15.94,15.94,15.94,500,0
BSCU.US,5,20230706,172000,15.921,15.921,15.921,15.921,100,0
BSCU.US,5,20230706,175500,15.93,15.93,15.93,15.93,100,0
BSCU.US,5,20230706,180500,15.94,15.94,15.92,15.92,474,0
BSCU.US,5,20230706,181500,15.94,15.94,15.94,15.94,556,0
BSCU.US,5,20230706,182000,15.9399,15.94,15.9399,15.94,1328,0
BSCU.US,5,20230706,185000,15.9599,15.9599,15.9599,15.9599,2500,0
BSCU.US,5,20230706,185500,15.94,15.94,15.94,15.94,1200,0
BSCU.US,5,20230706,190500,15.9498,15.9498,15.9498,15.9498,550,0
BSCU.US,5,20230706,191000,15.95,15.95,15.945,15.945,1500,0
BSCU.US,5,20230706,191500,15.95,15.95,15.95,15.95,100,0
BSCU.US,5,20230706,192500,15.95,15.96,15.95,15.96,200,0
BSCU.US,5,20230706,193000,15.96,15.96,15.9595,15.9595,690,0
BSCU.US,5,20230706,193500,15.959,15.96,15.959,15.96,466,0
BSCU.US,5,20230706,195000,15.954,15.954,15.954,15.954,400,0
BSCU.US,5,20230706,200500,15.97,15.97,15.9699,15.9699,200,0
BSCU.US,5,20230706,201000,15.96,15.96,15.96,15.96,1000,0
BSCU.US,5,20230706,201500,15.96,15.96,15.96,15.96,400,0
BSCU.US,5,20230706,202000,15.9635,15.9635,15.9635,15.9635,1000,0
BSCU.US,5,20230706,203000,15.9683,15.97,15.95,15.97,1273,0
BSCU.US,5,20230706,204000,15.969,15.969,15.9601,15.9601,2099,0
BSCU.US,5,20230706,204500,15.97,15.98,15.9657,15.9657,800,0
BSCU.US,5,20230706,205000,15.979,15.979,15.9699,15.979,3018,0
BSCU.US,5,20230706,205500,15.98,15.98,15.98,15.98,100,0
BSCU.US,5,20230706,210000,15.98,15.98,15.97,15.97,1550,0
BSCU.US,5,20230706,211500,15.97,15.97,15.97,15.97,100,0
BSCU.US,5,20230706,214000,15.97,15.97,15.97,15.97,600,0
BSCU.US,5,20230706,214500,15.969,15.97,15.969,15.97,3929,0
BSCU.US,5,20230706,215000,15.9696,15.9696,15.9696,15.9696,1900,0
BSCU.US,5,20230706,215500,15.96,15.97,15.95,15.95,1002,0
BSCU.US,5,20230707,153000,15.97,15.97,15.97,15.97,501,0
BSCU.US,5,20230707,153500,15.9717,15.975,15.965,15.97,2347,0
BSCU.US,5,20230707,154500,15.975,15.99,15.975,15.99,853,0
BSCU.US,5,20230707,155000,15.985,15.985,15.9817,15.9817,540,0
BSCU.US,5,20230707,160000,15.985,15.99,15.98,15.98,2800,0
BSCU.US,5,20230707,161000,15.9701,15.9701,15.9701,15.9701,750,0
BSCU.US,5,20230707,161500,15.99,15.99,15.99,15.99,1600,0
BSCU.US,5,20230707,162000,15.9873,15.999,15.9873,15.999,982,0
BSCU.US,5,20230707,162500,15.99,15.99,15.99,15.99,200,0
BSCU.US,5,20230707,163000,15.99,15.99,15.9899,15.99,612,0
BSCU.US,5,20230707,164000,16,16,16,16,400,0
BSCU.US,5,20230707,164500,15.9935,16,15.9935,16,500,0
BSCU.US,5,20230707,165000,16.01,16.01,16.01,16.01,200,0
BSCU.US,5,20230707,165500,16.008,16.008,16,16,525,0
BSCU.US,5,20230707,170000,16,16,16,16,600,0
BSCU.US,5,20230707,170500,16,16,16,16,746,0
BSCU.US,5,20230707,171500,15.9933,15.995,15.9933,15.995,4550,0
BSCU.US,5,20230707,172000,15.995,15.995,15.995,15.995,826,0
BSCU.US,5,20230707,172500,15.995,15.995,15.995,15.995,562,0
BSCU.US,5,20230707,173500,15.995,15.995,15.995,15.995,249,0
BSCU.US,5,20230707,174000,15.995,15.995,15.995,15.995,200,0
BSCU.US,5,20230707,175000,15.9991,15.9991,15.995,15.995,5465,0
BSCU.US,5,20230707,175500,15.995,15.995,15.995,15.995,100,0
BSCU.US,5,20230707,180000,16,16,16,16,100,0
BSCU.US,5,20230707,180500,15.995,16,15.9901,16,842,0
BSCU.US,5,20230707,181000,15.995,15.995,15.995,15.995,200,0
BSCU.US,5,20230707,181500,16,16,16,16,100,0
BSCU.US,5,20230707,182500,16,16,16,16,705,0
BSCU.US,5,20230707,183000,16,16,16,16,100,0
BSCU.US,5,20230707,184500,16,16,16,16,200,0
BSCU.US,5,20230707,190500,15.99,15.995,15.99,15.995,500,0
BSCU.US,5,20230707,191000,15.995,15.995,15.995,15.995,200,0
BSCU.US,5,20230707,193000,16,16,16,16,200,0
BSCU.US,5,20230707,195000,15.995,15.995,15.995,15.995,200,0
BSCU.US,5,20230707,195500,15.995,15.995,15.995,15.995,805,0
BSCU.US,5,20230707,200000,15.99,15.99,15.99,15.99,400,0
BSCU.US,5,20230707,200500,15.99,15.99,15.99,15.99,200,0
BSCU.US,5,20230707,201500,15.98,15.98,15.98,15.98,270,0
BSCU.US,5,20230707,202500,15.985,15.985,15.985,15.985,3000,0
BSCU.US,5,20230707,203000,15.985,15.985,15.985,15.985,1477,0
BSCU.US,5,20230707,205000,15.985,15.985,15.985,15.985,200,0
BSCU.US,5,20230707,205500,15.99,15.99,15.99,15.99,100,0
BSCU.US,5,20230707,210000,15.98,15.98,15.98,15.98,100,0
BSCU.US,5,20230707,210500,15.985,15.985,15.985,15.985,2200,0
BSCU.US,5,20230707,212000,15.975,15.975,15.975,15.975,900,0
BSCU.US,5,20230707,212500,15.975,15.975,15.975,15.975,5902,0
BSCU.US,5,20230707,213000,15.97,15.975,15.97,15.975,1900,0
BSCU.US,5,20230707,213500,15.975,15.9799,15.9717,15.975,14437,0
BSCU.US,5,20230707,214000,15.97,15.975,15.97,15.97,3400,0
BSCU.US,5,20230707,214500,15.97,15.97,15.97,15.97,500,0
BSCU.US,5,20230707,215000,15.965,15.965,15.965,15.965,200,0
BSCU.US,5,20230707,215500,15.965,15.97,15.965,15.97,542,0
