<TICKER>,<PER>,<DATE>,<TIME>,<OPEN>,<HIGH>,<LOW>,<CLOSE>,<VOL>,<OPENINT>
BSJQ.US,5,20230522,153000,22.59,22.59,22.59,22.59,152,0
BSJQ.US,5,20230522,155000,22.5892,22.5892,22.5892,22.5892,260,0
BSJQ.US,5,20230522,155500,22.58,22.58,22.57,22.57,200,0
BSJQ.US,5,20230522,160000,22.5795,22.58,22.5795,22.58,261,0
BSJQ.US,5,20230522,160500,22.58,22.58,22.58,22.58,100,0
BSJQ.US,5,20230522,161000,22.56,22.56,22.56,22.56,100,0
BSJQ.US,5,20230522,162000,22.605,22.605,22.605,22.605,202,0
BSJQ.US,5,20230522,162500,22.6199,22.6199,22.5997,22.5997,1388,0
BSJQ.US,5,20230522,164500,22.595,22.595,22.595,22.595,500,0
BSJQ.US,5,20230522,165000,22.5978,22.5978,22.59,22.59,200,0
BSJQ.US,5,20230522,165500,22.59,22.59,22.59,22.59,328,0
BSJQ.US,5,20230522,170000,22.6,22.6,22.6,22.6,749,0
BSJQ.US,5,20230522,170500,22.61,22.6108,22.61,22.6108,469,0
BSJQ.US,5,20230522,171000,22.61,22.61,22.61,22.61,125,0
BSJQ.US,5,20230522,171500,22.6022,22.6022,22.6022,22.6022,190,0
BSJQ.US,5,20230522,172000,22.6174,22.6174,22.6174,22.6174,2000,0
BSJQ.US,5,20230522,172500,22.6,22.6,22.6,22.6,277,0
BSJQ.US,5,20230522,174000,22.61,22.61,22.61,22.61,1106,0
BSJQ.US,5,20230522,174500,22.6181,22.6181,22.6181,22.6181,105,0
BSJQ.US,5,20230522,181000,22.6259,22.6259,22.6259,22.6259,133,0
BSJQ.US,5,20230522,181500,22.6233,22.625,22.6222,22.625,1243,0
BSJQ.US,5,20230522,182000,22.6299,22.6299,22.6299,22.6299,407,0
BSJQ.US,5,20230522,183000,22.625,22.625,22.625,22.625,1534,0
BSJQ.US,5,20230522,185500,22.6292,22.6292,22.6292,22.6292,1643,0
BSJQ.US,5,20230522,190000,22.63,22.63,22.63,22.63,100,0
BSJQ.US,5,20230522,190500,22.63,22.63,22.63,22.63,100,0
BSJQ.US,5,20230522,191000,22.64,22.64,22.63,22.63,800,0
BSJQ.US,5,20230522,191500,22.63,22.63,22.62,22.62,620,0
BSJQ.US,5,20230522,192000,22.61,22.6101,22.61,22.6101,2154,0
BSJQ.US,5,20230522,193000,22.62,22.6464,22.62,22.6464,1790,0
BSJQ.US,5,20230522,194000,22.6499,22.6499,22.645,22.645,485,0
BSJQ.US,5,20230522,194500,22.65,22.65,22.65,22.65,700,0
BSJQ.US,5,20230522,195500,22.64,22.64,22.64,22.64,1085,0
BSJQ.US,5,20230522,201000,22.645,22.645,22.64,22.64,590,0
BSJQ.US,5,20230522,203000,22.6494,22.6494,22.6494,22.6494,111,0
BSJQ.US,5,20230522,205000,22.645,22.645,22.645,22.645,100,0
BSJQ.US,5,20230522,205500,22.645,22.6475,22.645,22.6475,235,0
BSJQ.US,5,20230522,210000,22.64,22.64,22.64,22.64,103,0
BSJQ.US,5,20230522,211500,22.6499,22.65,22.64,22.64,1403,0
BSJQ.US,5,20230522,212000,22.64,22.64,22.63,22.635,1850,0
BSJQ.US,5,20230522,212500,22.63,22.64,22.62,22.6293,1381,0
BSJQ.US,5,20230522,213500,22.6328,22.6328,22.6328,22.6328,500,0
BSJQ.US,5,20230522,214500,22.64,22.64,22.63,22.63,300,0
BSJQ.US,5,20230522,215000,22.6399,22.6399,22.6399,22.6399,2000,0
BSJQ.US,5,20230522,215500,22.63,22.63,22.62,22.62,450,0
BSJQ.US,5,20230523,153000,22.62,22.62,22.5801,22.5801,600,0
BSJQ.US,5,20230523,153500,22.58,22.58,22.58,22.58,448,0
BSJQ.US,5,20230523,154000,22.6,22.6,22.6,22.6,200,0
BSJQ.US,5,20230523,154500,22.6,22.61,22.6,22.6,793,0
BSJQ.US,5,20230523,155000,22.6,22.6,22.6,22.6,220,0
BSJQ.US,5,20230523,155500,22.6,22.61,22.5955,22.5955,4901,0
BSJQ.US,5,20230523,160000,22.6,22.6,22.6,22.6,268,0
BSJQ.US,5,20230523,161500,22.59,22.59,22.57,22.58,626,0
BSJQ.US,5,20230523,162000,22.6,22.6,22.6,22.6,102,0
BSJQ.US,5,20230523,162500,22.595,22.595,22.5945,22.5945,1100,0
BSJQ.US,5,20230523,163000,22.5925,22.5925,22.5925,22.5925,500,0
BSJQ.US,5,20230523,164000,22.5983,22.5983,22.5983,22.5983,233,0
BSJQ.US,5,20230523,164500,22.5927,22.599,22.5927,22.599,542,0
BSJQ.US,5,20230523,165500,22.61,22.61,22.609,22.6099,2200,0
BSJQ.US,5,20230523,170500,22.61,22.61,22.61,22.61,100,0
BSJQ.US,5,20230523,171000,22.609,22.609,22.609,22.609,100,0
BSJQ.US,5,20230523,171500,22.6,22.61,22.6,22.6097,3900,0
BSJQ.US,5,20230523,172000,22.605,22.605,22.605,22.605,553,0
BSJQ.US,5,20230523,172500,22.6017,22.6017,22.6017,22.6017,350,0
BSJQ.US,5,20230523,173000,22.625,22.625,22.625,22.625,200,0
BSJQ.US,5,20230523,173500,22.6212,22.625,22.6212,22.625,608,0
BSJQ.US,5,20230523,174000,22.6101,22.6101,22.6101,22.6101,1000,0
BSJQ.US,5,20230523,174500,22.619,22.62,22.619,22.62,872,0
BSJQ.US,5,20230523,175000,22.6194,22.6194,22.6194,22.6194,400,0
BSJQ.US,5,20230523,175500,22.62,22.62,22.615,22.615,1879,0
BSJQ.US,5,20230523,181000,22.615,22.615,22.6101,22.615,4908,0
BSJQ.US,5,20230523,181500,22.61,22.61,22.61,22.61,450,0
BSJQ.US,5,20230523,182500,22.595,22.6,22.5905,22.5905,15884,0
BSJQ.US,5,20230523,183000,22.595,22.5999,22.595,22.595,8359,0
BSJQ.US,5,20230523,183500,22.595,22.595,22.5699,22.575,1756,0
BSJQ.US,5,20230523,184000,22.58,22.58,22.58,22.58,222,0
BSJQ.US,5,20230523,185500,22.58,22.58,22.58,22.58,250,0
BSJQ.US,5,20230523,190000,22.575,22.575,22.575,22.575,100,0
BSJQ.US,5,20230523,190500,22.5733,22.5733,22.5733,22.5733,100,0
BSJQ.US,5,20230523,191500,22.579,22.579,22.579,22.579,1505,0
BSJQ.US,5,20230523,192500,22.57,22.57,22.57,22.57,200,0
BSJQ.US,5,20230523,193000,22.57,22.57,22.57,22.57,150,0
BSJQ.US,5,20230523,193500,22.555,22.555,22.555,22.555,300,0
BSJQ.US,5,20230523,194000,22.56,22.56,22.56,22.56,900,0
BSJQ.US,5,20230523,195500,22.5599,22.56,22.5599,22.56,354,0
BSJQ.US,5,20230523,200000,22.55,22.55,22.55,22.55,1200,0
BSJQ.US,5,20230523,201000,22.5483,22.5483,22.5483,22.5483,215,0
BSJQ.US,5,20230523,201500,22.55,22.56,22.5499,22.555,2600,0
BSJQ.US,5,20230523,202000,22.555,22.555,22.539,22.5399,3386,0
BSJQ.US,5,20230523,202500,22.535,22.535,22.535,22.535,100,0
BSJQ.US,5,20230523,203000,22.549,22.55,22.549,22.5499,869,0
BSJQ.US,5,20230523,204000,22.545,22.55,22.545,22.545,3300,0
BSJQ.US,5,20230523,204500,22.549,22.549,22.549,22.549,409,0
BSJQ.US,5,20230523,205000,22.55,22.55,22.55,22.55,200,0
BSJQ.US,5,20230523,205500,22.548,22.548,22.545,22.545,2020,0
BSJQ.US,5,20230523,210000,22.549,22.55,22.545,22.545,2556,0
BSJQ.US,5,20230523,210500,22.545,22.545,22.545,22.545,500,0
BSJQ.US,5,20230523,211000,22.545,22.545,22.545,22.545,100,0
BSJQ.US,5,20230523,211500,22.545,22.545,22.545,22.545,500,0
BSJQ.US,5,20230523,212000,22.545,22.545,22.545,22.545,493,0
BSJQ.US,5,20230523,212500,22.547,22.547,22.547,22.547,300,0
BSJQ.US,5,20230523,213500,22.545,22.545,22.545,22.545,178,0
BSJQ.US,5,20230523,215000,22.55,22.55,22.545,22.545,300,0
BSJQ.US,5,20230523,215500,22.55,22.55,22.55,22.55,1200,0
BSJQ.US,5,20230524,153000,22.53,22.53,22.53,22.53,1656,0
BSJQ.US,5,20230524,154500,22.52,22.529,22.52,22.52,824,0
BSJQ.US,5,20230524,155000,22.5,22.5,22.495,22.5,500,0
BSJQ.US,5,20230524,155500,22.49,22.4987,22.49,22.4987,939,0
BSJQ.US,5,20230524,160500,22.475,22.475,22.475,22.475,300,0
BSJQ.US,5,20230524,161500,22.48,22.48,22.48,22.48,100,0
BSJQ.US,5,20230524,162000,22.47,22.47,22.46,22.46,1879,0
BSJQ.US,5,20230524,162500,22.46,22.46,22.46,22.46,100,0
BSJQ.US,5,20230524,163000,22.455,22.455,22.455,22.455,200,0
BSJQ.US,5,20230524,163500,22.455,22.47,22.455,22.4699,3708,0
BSJQ.US,5,20230524,164000,22.4601,22.4601,22.4601,22.4601,225,0
BSJQ.US,5,20230524,164500,22.46,22.46,22.46,22.46,200,0
BSJQ.US,5,20230524,165000,22.455,22.459,22.45,22.459,2653,0
BSJQ.US,5,20230524,165500,22.445,22.445,22.445,22.445,100,0
BSJQ.US,5,20230524,170000,22.445,22.445,22.445,22.445,400,0
BSJQ.US,5,20230524,170500,22.45,22.45,22.4401,22.4406,7515,0
BSJQ.US,5,20230524,171000,22.46,22.4685,22.46,22.4685,498,0
BSJQ.US,5,20230524,172000,22.46,22.47,22.46,22.47,400,0
BSJQ.US,5,20230524,172500,22.465,22.47,22.465,22.47,700,0
BSJQ.US,5,20230524,173000,22.46,22.46,22.46,22.46,100,0
BSJQ.US,5,20230524,173500,22.45,22.4599,22.45,22.4599,400,0
BSJQ.US,5,20230524,174000,22.455,22.455,22.455,22.455,1190,0
BSJQ.US,5,20230524,174500,22.455,22.455,22.455,22.455,1064,0
BSJQ.US,5,20230524,175000,22.45,22.45,22.44,22.44,500,0
BSJQ.US,5,20230524,180000,22.435,22.435,22.435,22.435,300,0
BSJQ.US,5,20230524,180500,22.44,22.44,22.44,22.44,100,0
BSJQ.US,5,20230524,181500,22.41,22.41,22.4,22.4,3542,0
BSJQ.US,5,20230524,183500,22.405,22.405,22.405,22.405,300,0
BSJQ.US,5,20230524,184000,22.41,22.42,22.405,22.42,3608,0
BSJQ.US,5,20230524,184500,22.425,22.425,22.425,22.425,100,0
BSJQ.US,5,20230524,185500,22.43,22.43,22.43,22.43,100,0
BSJQ.US,5,20230524,190000,22.425,22.43,22.425,22.425,1000,0
BSJQ.US,5,20230524,190500,22.43,22.43,22.42,22.42,540,0
BSJQ.US,5,20230524,191500,22.405,22.41,22.405,22.41,600,0
BSJQ.US,5,20230524,192000,22.4194,22.42,22.4194,22.42,2900,0
BSJQ.US,5,20230524,192500,22.42,22.42,22.42,22.42,100,0
BSJQ.US,5,20230524,193000,22.415,22.42,22.415,22.42,355,0
BSJQ.US,5,20230524,193500,22.415,22.43,22.415,22.43,5900,0
BSJQ.US,5,20230524,195500,22.435,22.435,22.435,22.435,200,0
BSJQ.US,5,20230524,200000,22.44,22.44,22.43,22.43,1000,0
BSJQ.US,5,20230524,200500,22.4372,22.4372,22.4308,22.4308,863,0
BSJQ.US,5,20230524,202000,22.4226,22.4313,22.4226,22.43,327,0
BSJQ.US,5,20230524,204000,22.43,22.4398,22.43,22.4398,2245,0
BSJQ.US,5,20230524,204500,22.4499,22.4499,22.44,22.44,1500,0
BSJQ.US,5,20230524,205000,22.445,22.445,22.44,22.44,4300,0
BSJQ.US,5,20230524,205500,22.43,22.43,22.43,22.43,100,0
BSJQ.US,5,20230524,210000,22.42,22.42,22.42,22.42,1200,0
BSJQ.US,5,20230524,211500,22.445,22.464,22.44,22.464,1300,0
BSJQ.US,5,20230524,212000,22.46,22.47,22.46,22.47,3820,0
BSJQ.US,5,20230524,212500,22.47,22.47,22.47,22.47,300,0
BSJQ.US,5,20230524,213500,22.46,22.46,22.46,22.46,200,0
BSJQ.US,5,20230524,214500,22.45,22.45,22.45,22.45,300,0
BSJQ.US,5,20230524,215000,22.45,22.45,22.445,22.4495,900,0
BSJQ.US,5,20230524,215500,22.44,22.44,22.43,22.435,2767,0
BSJQ.US,5,20230525,153500,22.48,22.48,22.4719,22.4719,252,0
BSJQ.US,5,20230525,154000,22.4798,22.4798,22.4798,22.4798,311,0
BSJQ.US,5,20230525,164000,22.46,22.4699,22.46,22.4699,3925,0
BSJQ.US,5,20230525,171000,22.46,22.46,22.46,22.46,300,0
BSJQ.US,5,20230525,171500,22.4725,22.4762,22.4725,22.4762,1068,0
BSJQ.US,5,20230525,173000,22.46,22.46,22.46,22.46,200,0
BSJQ.US,5,20230525,173500,22.46,22.46,22.45,22.45,2233,0
BSJQ.US,5,20230525,174000,22.44,22.44,22.42,22.42,400,0
BSJQ.US,5,20230525,174500,22.43,22.44,22.4299,22.43,2569,0
BSJQ.US,5,20230525,175000,22.4383,22.4383,22.4283,22.4283,700,0
BSJQ.US,5,20230525,175500,22.425,22.43,22.425,22.43,300,0
BSJQ.US,5,20230525,180000,22.44,22.44,22.43,22.43,300,0
BSJQ.US,5,20230525,180500,22.43,22.435,22.43,22.435,5800,0
BSJQ.US,5,20230525,181000,22.435,22.44,22.435,22.44,300,0
BSJQ.US,5,20230525,182000,22.45,22.45,22.45,22.45,100,0
BSJQ.US,5,20230525,183500,22.4499,22.4499,22.4499,22.4499,334,0
BSJQ.US,5,20230525,184000,22.45,22.45,22.45,22.45,100,0
BSJQ.US,5,20230525,184500,22.4499,22.4499,22.4499,22.4499,1179,0
BSJQ.US,5,20230525,185000,22.4443,22.4443,22.4443,22.4443,251,0
BSJQ.US,5,20230525,190000,22.445,22.445,22.44,22.44,1730,0
BSJQ.US,5,20230525,191500,22.4491,22.4491,22.4409,22.4409,1215,0
BSJQ.US,5,20230525,192500,22.4483,22.45,22.4483,22.45,1000,0
BSJQ.US,5,20230525,193000,22.45,22.46,22.45,22.46,200,0
BSJQ.US,5,20230525,193500,22.46,22.4699,22.45,22.46,12147,0
BSJQ.US,5,20230525,200000,22.47,22.475,22.46,22.47,2380,0
BSJQ.US,5,20230525,200500,22.46,22.46,22.46,22.46,100,0
BSJQ.US,5,20230525,202500,22.45,22.45,22.45,22.45,100,0
BSJQ.US,5,20230525,203000,22.45,22.45,22.44,22.44,600,0
BSJQ.US,5,20230525,203500,22.435,22.435,22.435,22.435,1378,0
BSJQ.US,5,20230525,205500,22.425,22.425,22.425,22.425,445,0
BSJQ.US,5,20230525,210500,22.43,22.43,22.43,22.43,440,0
BSJQ.US,5,20230525,211500,22.435,22.435,22.435,22.435,100,0
BSJQ.US,5,20230525,212000,22.4299,22.4299,22.425,22.425,400,0
BSJQ.US,5,20230525,212500,22.43,22.4325,22.43,22.4325,1179,0
BSJQ.US,5,20230525,213500,22.435,22.435,22.435,22.435,100,0
BSJQ.US,5,20230525,215000,22.435,22.435,22.435,22.435,1100,0
BSJQ.US,5,20230525,215500,22.43,22.43,22.43,22.43,100,0
BSJQ.US,5,20230526,153000,22.47,22.47,22.455,22.467,4854,0
BSJQ.US,5,20230526,153500,22.46,22.46,22.46,22.46,100,0
BSJQ.US,5,20230526,154000,22.4798,22.4798,22.4798,22.4798,876,0
BSJQ.US,5,20230526,154500,22.475,22.475,22.475,22.475,400,0
BSJQ.US,5,20230526,155500,22.4786,22.4786,22.4786,22.4786,113,0
BSJQ.US,5,20230526,160000,22.476,22.48,22.476,22.48,1212,0
BSJQ.US,5,20230526,160500,22.49,22.49,22.49,22.49,264,0
BSJQ.US,5,20230526,161500,22.5093,22.5093,22.5093,22.5093,128,0
BSJQ.US,5,20230526,162000,22.51,22.51,22.51,22.51,100,0
BSJQ.US,5,20230526,163000,22.54,22.55,22.54,22.54,675,0
BSJQ.US,5,20230526,163500,22.54,22.54,22.5399,22.5399,1334,0
BSJQ.US,5,20230526,164000,22.52,22.52,22.52,22.52,700,0
BSJQ.US,5,20230526,164500,22.51,22.51,22.51,22.51,400,0
BSJQ.US,5,20230526,165500,22.529,22.529,22.524,22.524,300,0
BSJQ.US,5,20230526,171000,22.5199,22.52,22.4957,22.496,1298,0
BSJQ.US,5,20230526,172000,22.5,22.5,22.5,22.5,1167,0
BSJQ.US,5,20230526,173000,22.49,22.49,22.49,22.49,312,0
BSJQ.US,5,20230526,173500,22.4963,22.4963,22.4963,22.4963,448,0
BSJQ.US,5,20230526,174000,22.5,22.5,22.5,22.5,100,0
BSJQ.US,5,20230526,174500,22.51,22.51,22.51,22.51,100,0
BSJQ.US,5,20230526,175000,22.51,22.51,22.51,22.51,145,0
BSJQ.US,5,20230526,175500,22.5096,22.5096,22.5096,22.5096,875,0
BSJQ.US,5,20230526,180500,22.51,22.51,22.51,22.51,100,0
BSJQ.US,5,20230526,181000,22.515,22.515,22.515,22.515,200,0
BSJQ.US,5,20230526,183500,22.525,22.525,22.525,22.525,300,0
BSJQ.US,5,20230526,184000,22.525,22.53,22.525,22.53,1550,0
BSJQ.US,5,20230526,184500,22.525,22.525,22.52,22.525,1438,0
BSJQ.US,5,20230526,191000,22.53,22.53,22.5299,22.5299,2200,0
BSJQ.US,5,20230526,191500,22.52,22.525,22.5,22.525,91986,0
BSJQ.US,5,20230526,192000,22.525,22.525,22.52,22.52,500,0
BSJQ.US,5,20230526,193000,22.51,22.5133,22.51,22.5133,1766,0
BSJQ.US,5,20230526,193500,22.52,22.52,22.51,22.51,500,0
BSJQ.US,5,20230526,194000,22.51,22.51,22.5,22.5,500,0
BSJQ.US,5,20230526,194500,22.5,22.5,22.5,22.5,400,0
BSJQ.US,5,20230526,195000,22.51,22.51,22.5,22.5,400,0
BSJQ.US,5,20230526,195500,22.505,22.505,22.505,22.505,200,0
BSJQ.US,5,20230526,200000,22.51,22.51,22.505,22.505,400,0
BSJQ.US,5,20230526,200500,22.505,22.505,22.5,22.5,1000,0
BSJQ.US,5,20230526,201000,22.52,22.52,22.52,22.52,200,0
BSJQ.US,5,20230526,201500,22.51,22.51,22.51,22.51,400,0
BSJQ.US,5,20230526,202000,22.52,22.525,22.52,22.525,300,0
BSJQ.US,5,20230526,202500,22.52,22.53,22.52,22.53,300,0
BSJQ.US,5,20230526,203000,22.53,22.53,22.52,22.52,300,0
BSJQ.US,5,20230526,203500,22.53,22.53,22.53,22.53,200,0
BSJQ.US,5,20230526,204000,22.531,22.531,22.53,22.53,329,0
BSJQ.US,5,20230526,204500,22.54,22.54,22.54,22.54,200,0
BSJQ.US,5,20230526,205000,22.55,22.55,22.54,22.54,527,0
BSJQ.US,5,20230526,205500,22.54,22.55,22.54,22.55,450,0
BSJQ.US,5,20230526,210000,22.54,22.55,22.54,22.55,400,0
BSJQ.US,5,20230526,210500,22.55,22.55,22.55,22.55,200,0
BSJQ.US,5,20230526,211000,22.55,22.56,22.5499,22.5499,1760,0
BSJQ.US,5,20230526,211500,22.55,22.55,22.55,22.55,200,0
BSJQ.US,5,20230526,212000,22.55,22.5599,22.54,22.54,1433,0
BSJQ.US,5,20230526,212500,22.5417,22.5417,22.54,22.54,361,0
BSJQ.US,5,20230526,213000,22.54,22.55,22.54,22.54,400,0
BSJQ.US,5,20230526,213500,22.54,22.55,22.54,22.545,700,0
BSJQ.US,5,20230526,214000,22.55,22.55,22.54,22.54,300,0
BSJQ.US,5,20230526,214500,22.54,22.55,22.54,22.55,2718,0
BSJQ.US,5,20230526,215000,22.54,22.545,22.54,22.545,1300,0
BSJQ.US,5,20230526,215500,22.54,22.54,22.53,22.53,3175,0
BSJQ.US,5,20230530,153000,22.63,22.63,22.6,22.6,1107,0
BSJQ.US,5,20230530,153500,22.59,22.59,22.59,22.59,100,0
BSJQ.US,5,20230530,154500,22.599,22.605,22.599,22.605,2300,0
BSJQ.US,5,20230530,155000,22.61,22.61,22.61,22.61,100,0
BSJQ.US,5,20230530,160000,22.5975,22.5975,22.5975,22.5975,932,0
BSJQ.US,5,20230530,160500,22.6,22.6,22.6,22.6,500,0
BSJQ.US,5,20230530,161500,22.6012,22.6012,22.6012,22.6012,161,0
BSJQ.US,5,20230530,162500,22.58,22.58,22.5775,22.5775,200,0
BSJQ.US,5,20230530,165000,22.56,22.56,22.56,22.56,100,0
BSJQ.US,5,20230530,165500,22.57,22.57,22.57,22.57,400,0
BSJQ.US,5,20230530,171500,22.565,22.565,22.565,22.565,100,0
BSJQ.US,5,20230530,172000,22.56,22.56,22.56,22.56,200,0
BSJQ.US,5,20230530,172500,22.558,22.558,22.558,22.558,200,0
BSJQ.US,5,20230530,173500,22.5607,22.5607,22.5607,22.5607,110,0
BSJQ.US,5,20230530,174500,22.5681,22.57,22.56,22.57,4265,0
BSJQ.US,5,20230530,175000,22.56,22.56,22.56,22.56,100,0
BSJQ.US,5,20230530,181000,22.57,22.57,22.57,22.57,274,0
BSJQ.US,5,20230530,181500,22.5645,22.565,22.5645,22.565,400,0
BSJQ.US,5,20230530,185000,22.5633,22.5633,22.56,22.56,1209,0
BSJQ.US,5,20230530,190500,22.56,22.5635,22.56,22.5635,201,0
BSJQ.US,5,20230530,191000,22.57,22.57,22.57,22.57,100,0
BSJQ.US,5,20230530,191500,22.569,22.57,22.5607,22.5607,3115,0
BSJQ.US,5,20230530,193000,22.5645,22.5645,22.56,22.56,1306,0
BSJQ.US,5,20230530,193500,22.57,22.57,22.57,22.57,1160,0
BSJQ.US,5,20230530,195500,22.5697,22.5697,22.5697,22.5697,105,0
BSJQ.US,5,20230530,201500,22.5667,22.5667,22.5667,22.5667,193,0
BSJQ.US,5,20230530,202000,22.57,22.57,22.56,22.56,427,0
BSJQ.US,5,20230530,202500,22.57,22.57,22.57,22.57,900,0
BSJQ.US,5,20230530,205000,22.5601,22.5601,22.5601,22.5601,3743,0
BSJQ.US,5,20230530,210000,22.57,22.57,22.5671,22.5671,201,0
BSJQ.US,5,20230530,211500,22.5699,22.57,22.5657,22.57,400,0
BSJQ.US,5,20230530,212000,22.569,22.569,22.56,22.56,372,0
BSJQ.US,5,20230530,212500,22.57,22.57,22.57,22.57,185,0
BSJQ.US,5,20230530,213500,22.565,22.565,22.565,22.565,105,0
BSJQ.US,5,20230530,214000,22.57,22.57,22.57,22.57,2583,0
BSJQ.US,5,20230530,214500,22.57,22.57,22.57,22.57,180,0
BSJQ.US,5,20230530,215000,22.56,22.56,22.56,22.56,360,0
BSJQ.US,5,20230530,215500,22.57,22.57,22.565,22.565,2346,0
BSJQ.US,5,20230531,153000,22.58,22.58,22.58,22.58,1782,0
BSJQ.US,5,20230531,153500,22.53,22.53,22.53,22.53,480,0
BSJQ.US,5,20230531,154000,22.56,22.56,22.56,22.56,600,0
BSJQ.US,5,20230531,154500,22.56,22.57,22.56,22.56,1500,0
BSJQ.US,5,20230531,160000,22.55,22.55,22.55,22.55,100,0
BSJQ.US,5,20230531,160500,22.53,22.53,22.53,22.53,120,0
BSJQ.US,5,20230531,163000,22.5299,22.5299,22.5299,22.5299,108,0
BSJQ.US,5,20230531,164500,22.52,22.52,22.51,22.51,1600,0
BSJQ.US,5,20230531,170500,22.52,22.52,22.52,22.52,100,0
BSJQ.US,5,20230531,172500,22.515,22.515,22.515,22.515,854,0
BSJQ.US,5,20230531,173500,22.515,22.515,22.515,22.515,222,0
BSJQ.US,5,20230531,175000,22.52,22.52,22.52,22.52,200,0
BSJQ.US,5,20230531,175500,22.52,22.52,22.52,22.52,100,0
BSJQ.US,5,20230531,180500,22.51,22.51,22.51,22.51,433,0
BSJQ.US,5,20230531,181500,22.515,22.515,22.515,22.515,628,0
BSJQ.US,5,20230531,182000,22.5199,22.5199,22.5103,22.5103,559,0
BSJQ.US,5,20230531,182500,22.52,22.53,22.5144,22.5144,3874,0
BSJQ.US,5,20230531,183000,22.515,22.515,22.515,22.515,300,0
BSJQ.US,5,20230531,183500,22.5123,22.5123,22.51,22.51,671,0
BSJQ.US,5,20230531,184500,22.5291,22.5291,22.5291,22.5291,1066,0
BSJQ.US,5,20230531,192500,22.52,22.52,22.52,22.52,100,0
BSJQ.US,5,20230531,193500,22.53,22.53,22.53,22.53,800,0
BSJQ.US,5,20230531,194000,22.53,22.535,22.53,22.535,3100,0
BSJQ.US,5,20230531,195000,22.5301,22.5301,22.5301,22.5301,320,0
BSJQ.US,5,20230531,200500,22.54,22.55,22.5399,22.54,7592,0
BSJQ.US,5,20230531,201500,22.54,22.545,22.54,22.545,200,0
BSJQ.US,5,20230531,202000,22.54,22.5495,22.54,22.5495,647,0
BSJQ.US,5,20230531,203000,22.5499,22.5499,22.5499,22.5499,1091,0
BSJQ.US,5,20230531,204000,22.545,22.545,22.545,22.545,121,0
BSJQ.US,5,20230531,204500,22.54,22.54,22.54,22.54,800,0
BSJQ.US,5,20230531,205000,22.54,22.54,22.53,22.53,400,0
BSJQ.US,5,20230531,210000,22.5399,22.5399,22.5399,22.5399,200,0
BSJQ.US,5,20230531,211000,22.53,22.54,22.53,22.5303,2614,0
BSJQ.US,5,20230531,212000,22.55,22.55,22.53,22.53,3600,0
BSJQ.US,5,20230531,213000,22.55,22.55,22.55,22.55,398,0
BSJQ.US,5,20230531,214000,22.55,22.56,22.55,22.56,1427,0
BSJQ.US,5,20230531,214500,22.55,22.555,22.55,22.55,2602,0
BSJQ.US,5,20230531,215000,22.56,22.56,22.55,22.55,2510,0
BSJQ.US,5,20230531,215500,22.55,22.555,22.55,22.555,200,0
BSJQ.US,5,20230601,153000,22.58,22.58,22.56,22.56,1840,0
BSJQ.US,5,20230601,155500,22.56,22.56,22.56,22.56,100,0
BSJQ.US,5,20230601,160000,22.59,22.59,22.58,22.58,1027,0
BSJQ.US,5,20230601,161000,22.59,22.59,22.59,22.59,300,0
BSJQ.US,5,20230601,164000,22.6,22.6,22.6,22.6,100,0
BSJQ.US,5,20230601,164500,22.62,22.62,22.62,22.62,100,0
BSJQ.US,5,20230601,165500,22.615,22.615,22.615,22.615,350,0
BSJQ.US,5,20230601,170500,22.6117,22.6117,22.6117,22.6117,213,0
BSJQ.US,5,20230601,171000,22.62,22.62,22.62,22.62,100,0
BSJQ.US,5,20230601,171500,22.62,22.62,22.62,22.62,100,0
BSJQ.US,5,20230601,172000,22.62,22.62,22.61,22.61,750,0
BSJQ.US,5,20230601,180000,22.63,22.63,22.63,22.63,200,0
BSJQ.US,5,20230601,180500,22.6317,22.6317,22.6317,22.6317,102,0
BSJQ.US,5,20230601,181000,22.63,22.63,22.63,22.63,200,0
BSJQ.US,5,20230601,181500,22.63,22.63,22.63,22.63,100,0
BSJQ.US,5,20230601,182000,22.6101,22.62,22.6101,22.62,3647,0
BSJQ.US,5,20230601,183500,22.62,22.62,22.62,22.62,100,0
BSJQ.US,5,20230601,184500,22.6112,22.6112,22.6112,22.6112,238,0
BSJQ.US,5,20230601,185500,22.6121,22.6121,22.6121,22.6121,100,0
BSJQ.US,5,20230601,190500,22.6112,22.62,22.6112,22.62,1817,0
BSJQ.US,5,20230601,192000,22.64,22.65,22.64,22.65,500,0
BSJQ.US,5,20230601,192500,22.65,22.65,22.645,22.6486,1300,0
BSJQ.US,5,20230601,195500,22.646,22.646,22.646,22.646,413,0
BSJQ.US,5,20230601,201000,22.645,22.66,22.645,22.66,1268,0
BSJQ.US,5,20230601,202000,22.655,22.655,22.655,22.655,689,0
BSJQ.US,5,20230601,203500,22.66,22.665,22.6563,22.665,1366,0
BSJQ.US,5,20230601,205500,22.6688,22.6688,22.6688,22.6688,891,0
BSJQ.US,5,20230601,210000,22.6601,22.6601,22.6601,22.6601,231,0
BSJQ.US,5,20230601,211500,22.6699,22.675,22.6699,22.675,4185,0
BSJQ.US,5,20230601,212500,22.675,22.675,22.66,22.66,3179,0
BSJQ.US,5,20230601,213000,22.6601,22.6601,22.6601,22.6601,433,0
BSJQ.US,5,20230601,213500,22.66,22.66,22.65,22.65,600,0
BSJQ.US,5,20230601,214500,22.65,22.65,22.65,22.65,100,0
BSJQ.US,5,20230601,215000,22.64,22.64,22.64,22.64,100,0
BSJQ.US,5,20230601,215500,22.665,22.67,22.665,22.67,400,0
BSJQ.US,5,20230602,153000,22.73,22.73,22.7289,22.7289,2363,0
BSJQ.US,5,20230602,161000,22.7,22.7072,22.7,22.7072,687,0
BSJQ.US,5,20230602,161500,22.71,22.71,22.71,22.71,440,0
BSJQ.US,5,20230602,162500,22.7,22.7,22.7,22.7,300,0
BSJQ.US,5,20230602,170000,22.73,22.73,22.725,22.73,550,0
BSJQ.US,5,20230602,171000,22.73,22.73,22.73,22.73,300,0
BSJQ.US,5,20230602,171500,22.72,22.7201,22.72,22.72,998,0
BSJQ.US,5,20230602,173000,22.7299,22.7299,22.71,22.72,2200,0
BSJQ.US,5,20230602,173500,22.7199,22.7199,22.7195,22.7195,2598,0
BSJQ.US,5,20230602,174500,22.71,22.71,22.7,22.7,460,0
BSJQ.US,5,20230602,175000,22.7,22.7,22.7,22.7,100,0
BSJQ.US,5,20230602,175500,22.7199,22.7199,22.7199,22.7199,963,0
BSJQ.US,5,20230602,180000,22.72,22.73,22.7191,22.7191,2377,0
BSJQ.US,5,20230602,180500,22.71,22.71,22.7001,22.7001,1090,0
BSJQ.US,5,20230602,183000,22.7,22.71,22.7,22.71,1000,0
BSJQ.US,5,20230602,183500,22.7182,22.7182,22.7182,22.7182,675,0
BSJQ.US,5,20230602,184000,22.72,22.72,22.72,22.72,100,0
BSJQ.US,5,20230602,185000,22.72,22.72,22.72,22.72,2300,0
BSJQ.US,5,20230602,190500,22.73,22.73,22.73,22.73,100,0
BSJQ.US,5,20230602,191500,22.745,22.745,22.745,22.745,100,0
BSJQ.US,5,20230602,192000,22.75,22.75,22.74,22.74,1033,0
BSJQ.US,5,20230602,193000,22.745,22.745,22.7401,22.7401,2450,0
BSJQ.US,5,20230602,193500,22.7499,22.7499,22.7499,22.7499,163,0
BSJQ.US,5,20230602,194000,22.745,22.745,22.745,22.745,200,0
BSJQ.US,5,20230602,195000,22.7456,22.7456,22.7456,22.7456,468,0
BSJQ.US,5,20230602,200500,22.74,22.74,22.74,22.74,260,0
BSJQ.US,5,20230602,201000,22.72,22.72,22.72,22.72,300,0
BSJQ.US,5,20230602,202000,22.72,22.72,22.72,22.72,119,0
BSJQ.US,5,20230602,203500,22.73,22.74,22.73,22.74,500,0
BSJQ.US,5,20230602,211500,22.7685,22.7685,22.7685,22.7685,660,0
BSJQ.US,5,20230602,212000,22.7681,22.769,22.76,22.76,2409,0
BSJQ.US,5,20230602,212500,22.76,22.76,22.76,22.76,200,0
BSJQ.US,5,20230602,213000,22.7593,22.7593,22.75,22.75,1268,0
BSJQ.US,5,20230602,213500,22.75,22.75,22.75,22.75,1100,0
BSJQ.US,5,20230602,214000,22.7595,22.7595,22.75,22.75,2890,0
BSJQ.US,5,20230602,214500,22.75,22.75,22.74,22.74,300,0
BSJQ.US,5,20230602,215000,22.74,22.74,22.737,22.74,750,0
BSJQ.US,5,20230602,215500,22.73,22.74,22.73,22.73,687,0
BSJQ.US,5,20230605,153000,22.72,22.72,22.72,22.72,1283,0
BSJQ.US,5,20230605,153500,22.7,22.7,22.68,22.68,745,0
BSJQ.US,5,20230605,154000,22.6898,22.6898,22.6898,22.6898,950,0
BSJQ.US,5,20230605,154500,22.6799,22.6799,22.6799,22.6799,150,0
BSJQ.US,5,20230605,155000,22.6691,22.6691,22.6691,22.6691,113,0
BSJQ.US,5,20230605,160000,22.6799,22.6799,22.6799,22.6799,100,0
BSJQ.US,5,20230605,160500,22.68,22.68,22.68,22.68,200,0
BSJQ.US,5,20230605,161000,22.68,22.68,22.68,22.68,100,0
BSJQ.US,5,20230605,161500,22.67,22.67,22.67,22.67,353,0
BSJQ.US,5,20230605,162500,22.68,22.68,22.68,22.68,11114,0
BSJQ.US,5,20230605,163000,22.67,22.67,22.67,22.67,306,0
BSJQ.US,5,20230605,164000,22.675,22.675,22.675,22.675,709,0
BSJQ.US,5,20230605,164500,22.69,22.69,22.69,22.69,115,0
BSJQ.US,5,20230605,165000,22.695,22.6999,22.69,22.69,5737,0
BSJQ.US,5,20230605,165500,22.69,22.69,22.69,22.69,200,0
BSJQ.US,5,20230605,170000,22.69,22.69,22.69,22.69,100,0
BSJQ.US,5,20230605,170500,22.6911,22.6911,22.68,22.68,5305,0
BSJQ.US,5,20230605,171000,22.69,22.69,22.69,22.69,100,0
BSJQ.US,5,20230605,171500,22.6993,22.6993,22.6993,22.6993,1000,0
BSJQ.US,5,20230605,173500,22.686,22.686,22.68,22.68,1389,0
BSJQ.US,5,20230605,180500,22.692,22.692,22.692,22.692,110,0
BSJQ.US,5,20230605,181000,22.68,22.68,22.68,22.68,271,0
BSJQ.US,5,20230605,182000,22.69,22.69,22.69,22.69,100,0
BSJQ.US,5,20230605,182500,22.695,22.696,22.69,22.69,1601,0
BSJQ.US,5,20230605,183000,22.6973,22.6973,22.6973,22.6973,390,0
BSJQ.US,5,20230605,183500,22.6999,22.6999,22.6999,22.6999,120,0
BSJQ.US,5,20230605,185000,22.6994,22.705,22.6994,22.705,818,0
BSJQ.US,5,20230605,185500,22.7014,22.7014,22.7014,22.7014,600,0
BSJQ.US,5,20230605,190000,22.708,22.708,22.708,22.708,187,0
BSJQ.US,5,20230605,191000,22.7,22.7,22.69,22.69,960,0
BSJQ.US,5,20230605,191500,22.69,22.69,22.69,22.69,100,0
BSJQ.US,5,20230605,192500,22.69,22.69,22.69,22.69,321,0
BSJQ.US,5,20230605,193500,22.68,22.68,22.68,22.68,1105,0
BSJQ.US,5,20230605,195500,22.6718,22.6999,22.6718,22.6999,384,0
BSJQ.US,5,20230605,200000,22.6999,22.6999,22.68,22.68,2052,0
BSJQ.US,5,20230605,202000,22.69,22.69,22.69,22.69,100,0
BSJQ.US,5,20230605,203000,22.69,22.69,22.69,22.69,200,0
BSJQ.US,5,20230605,204000,22.68,22.6899,22.68,22.6899,295,0
BSJQ.US,5,20230605,204500,22.68,22.68,22.68,22.68,426,0
BSJQ.US,5,20230605,205500,22.6731,22.6768,22.6731,22.6768,385,0
BSJQ.US,5,20230605,210000,22.69,22.69,22.68,22.68,300,0
BSJQ.US,5,20230605,211000,22.6857,22.69,22.6857,22.69,663,0
BSJQ.US,5,20230605,211500,22.6999,22.6999,22.692,22.692,2402,0
BSJQ.US,5,20230605,212000,22.6984,22.6984,22.6984,22.6984,446,0
BSJQ.US,5,20230605,212500,22.698,22.698,22.698,22.698,200,0
BSJQ.US,5,20230605,213000,22.6957,22.7,22.69,22.69,2350,0
BSJQ.US,5,20230605,213500,22.695,22.695,22.67,22.67,3867,0
BSJQ.US,5,20230605,214000,22.67,22.679,22.67,22.679,539,0
BSJQ.US,5,20230605,214500,22.68,22.68,22.68,22.68,118,0
BSJQ.US,5,20230605,215000,22.68,22.68,22.6794,22.68,1000,0
BSJQ.US,5,20230605,215500,22.68,22.695,22.68,22.695,4862,0
BSJQ.US,5,20230606,153000,22.7,22.7,22.685,22.685,11714,0
BSJQ.US,5,20230606,153500,22.689,22.689,22.68,22.685,11605,0
BSJQ.US,5,20230606,154000,22.68,22.68,22.68,22.68,600,0
BSJQ.US,5,20230606,155500,22.688,22.69,22.685,22.69,2433,0
BSJQ.US,5,20230606,160500,22.685,22.69,22.685,22.69,364,0
BSJQ.US,5,20230606,161000,22.685,22.685,22.685,22.685,400,0
BSJQ.US,5,20230606,161500,22.6812,22.6812,22.6812,22.6812,430,0
BSJQ.US,5,20230606,162000,22.685,22.685,22.685,22.685,300,0
BSJQ.US,5,20230606,162500,22.6821,22.6821,22.6821,22.6821,1000,0
BSJQ.US,5,20230606,163000,22.6802,22.69,22.6802,22.69,420,0
BSJQ.US,5,20230606,163500,22.7078,22.7078,22.7078,22.7078,100,0
BSJQ.US,5,20230606,164500,22.71,22.71,22.705,22.705,200,0
BSJQ.US,5,20230606,165000,22.71,22.71,22.705,22.705,400,0
BSJQ.US,5,20230606,165500,22.7027,22.7027,22.7027,22.7027,200,0
BSJQ.US,5,20230606,170000,22.7027,22.7027,22.7027,22.7027,100,0
BSJQ.US,5,20230606,170500,22.71,22.71,22.71,22.71,300,0
BSJQ.US,5,20230606,171500,22.7143,22.7143,22.7143,22.7143,230,0
BSJQ.US,5,20230606,172000,22.7194,22.7194,22.71,22.715,17214,0
BSJQ.US,5,20230606,172500,22.71,22.718,22.69,22.69,2487,0
BSJQ.US,5,20230606,173500,22.7,22.7,22.7,22.7,100,0
BSJQ.US,5,20230606,174500,22.6901,22.7,22.6901,22.7,861,0
BSJQ.US,5,20230606,181500,22.715,22.72,22.715,22.72,1900,0
BSJQ.US,5,20230606,185000,22.7144,22.7144,22.7144,22.7144,452,0
BSJQ.US,5,20230606,190000,22.7182,22.7182,22.71,22.71,580,0
BSJQ.US,5,20230606,192000,22.7,22.7,22.7,22.7,100,0
BSJQ.US,5,20230606,192500,22.695,22.6999,22.69,22.6904,3867,0
BSJQ.US,5,20230606,193500,22.6991,22.6991,22.69,22.69,2503,0
BSJQ.US,5,20230606,200000,22.709,22.7096,22.7,22.7,6800,0
BSJQ.US,5,20230606,200500,22.7081,22.7081,22.7081,22.7081,661,0
BSJQ.US,5,20230606,201000,22.6996,22.7015,22.6996,22.7011,1500,0
BSJQ.US,5,20230606,201500,22.7037,22.7037,22.7037,22.7037,500,0
BSJQ.US,5,20230606,202000,22.7088,22.7088,22.7088,22.7088,222,0
BSJQ.US,5,20230606,203000,22.7041,22.7041,22.7,22.7,1180,0
BSJQ.US,5,20230606,204000,22.71,22.71,22.71,22.71,300,0
BSJQ.US,5,20230606,204500,22.715,22.715,22.715,22.715,600,0
BSJQ.US,5,20230606,205000,22.72,22.72,22.72,22.72,480,0
BSJQ.US,5,20230606,210000,22.7221,22.7221,22.7221,22.7221,500,0
BSJQ.US,5,20230606,211500,22.7275,22.7275,22.7227,22.7227,641,0
BSJQ.US,5,20230606,213000,22.73,22.73,22.72,22.72,5460,0
BSJQ.US,5,20230606,213500,22.72,22.72,22.72,22.72,100,0
BSJQ.US,5,20230606,214000,22.72,22.7299,22.72,22.7299,1837,0
BSJQ.US,5,20230606,214500,22.73,22.73,22.72,22.72,4791,0
BSJQ.US,5,20230606,215500,22.72,22.725,22.72,22.725,1540,0
BSJQ.US,5,20230607,153000,22.77,22.77,22.75,22.75,1687,0
BSJQ.US,5,20230607,153500,22.76,22.7701,22.76,22.7701,321,0
BSJQ.US,5,20230607,154000,22.77,22.77,22.77,22.77,300,0
BSJQ.US,5,20230607,154500,22.77,22.77,22.77,22.77,300,0
BSJQ.US,5,20230607,155000,22.77,22.77,22.77,22.77,100,0
BSJQ.US,5,20230607,155500,22.76,22.76,22.75,22.75,300,0
BSJQ.US,5,20230607,160000,22.75,22.758,22.75,22.758,1400,0
BSJQ.US,5,20230607,161000,22.755,22.755,22.75,22.75,400,0
BSJQ.US,5,20230607,161500,22.7599,22.7599,22.75,22.75,376,0
BSJQ.US,5,20230607,162000,22.745,22.745,22.74,22.74,1235,0
BSJQ.US,5,20230607,162500,22.725,22.73,22.725,22.73,200,0
BSJQ.US,5,20230607,163000,22.725,22.725,22.725,22.725,200,0
BSJQ.US,5,20230607,163500,22.72,22.72,22.69,22.69,400,0
BSJQ.US,5,20230607,164500,22.69,22.69,22.69,22.69,100,0
BSJQ.US,5,20230607,165000,22.685,22.685,22.685,22.685,200,0
BSJQ.US,5,20230607,165500,22.68,22.69,22.68,22.69,400,0
BSJQ.US,5,20230607,170000,22.69,22.69,22.69,22.69,100,0
BSJQ.US,5,20230607,171000,22.68,22.685,22.68,22.68,1266,0
BSJQ.US,5,20230607,171500,22.689,22.689,22.689,22.689,253,0
BSJQ.US,5,20230607,172000,22.68,22.68,22.68,22.68,300,0
BSJQ.US,5,20230607,173000,22.68,22.685,22.68,22.685,600,0
BSJQ.US,5,20230607,173500,22.6894,22.6894,22.6894,22.6894,185,0
BSJQ.US,5,20230607,174000,22.68,22.6891,22.68,22.6891,392,0
BSJQ.US,5,20230607,174500,22.6901,22.6901,22.6901,22.6901,100,0
BSJQ.US,5,20230607,175000,22.69,22.69,22.69,22.69,200,0
BSJQ.US,5,20230607,180000,22.68,22.68,22.68,22.68,300,0
BSJQ.US,5,20230607,181000,22.68,22.68,22.68,22.68,900,0
BSJQ.US,5,20230607,181500,22.66,22.66,22.65,22.65,200,0
BSJQ.US,5,20230607,182000,22.64,22.64,22.64,22.64,200,0
BSJQ.US,5,20230607,182500,22.6494,22.66,22.64,22.65,4200,0
BSJQ.US,5,20230607,183000,22.645,22.645,22.645,22.645,200,0
BSJQ.US,5,20230607,183500,22.645,22.6507,22.645,22.6504,854,0
BSJQ.US,5,20230607,184000,22.645,22.645,22.645,22.645,100,0
BSJQ.US,5,20230607,184500,22.65,22.65,22.64,22.64,3002,0
BSJQ.US,5,20230607,185000,22.6394,22.6394,22.6394,22.6394,200,0
BSJQ.US,5,20230607,185500,22.63,22.64,22.63,22.64,2248,0
BSJQ.US,5,20230607,190000,22.645,22.645,22.64,22.64,1550,0
BSJQ.US,5,20230607,191000,22.6399,22.64,22.6399,22.64,542,0
BSJQ.US,5,20230607,191500,22.6379,22.6379,22.6379,22.6379,1100,0
BSJQ.US,5,20230607,192000,22.635,22.635,22.63,22.63,300,0
BSJQ.US,5,20230607,192500,22.63,22.64,22.63,22.64,1525,0
BSJQ.US,5,20230607,193000,22.637,22.637,22.637,22.637,300,0
BSJQ.US,5,20230607,194000,22.6375,22.6375,22.6215,22.63,2921,0
BSJQ.US,5,20230607,195000,22.64,22.64,22.64,22.64,100,0
BSJQ.US,5,20230607,195500,22.66,22.67,22.66,22.6699,3800,0
BSJQ.US,5,20230607,200000,22.67,22.67,22.66,22.665,1176,0
BSJQ.US,5,20230607,201000,22.665,22.665,22.655,22.655,400,0
BSJQ.US,5,20230607,201500,22.67,22.67,22.67,22.67,100,0
BSJQ.US,5,20230607,202500,22.66,22.66,22.66,22.66,500,0
BSJQ.US,5,20230607,203000,22.655,22.655,22.655,22.655,300,0
BSJQ.US,5,20230607,203500,22.655,22.655,22.65,22.65,500,0
BSJQ.US,5,20230607,204000,22.65,22.65,22.65,22.65,400,0
BSJQ.US,5,20230607,205000,22.655,22.655,22.655,22.655,600,0
BSJQ.US,5,20230607,210500,22.665,22.665,22.66,22.66,500,0
BSJQ.US,5,20230607,211000,22.66,22.6644,22.66,22.6644,320,0
BSJQ.US,5,20230607,211500,22.6617,22.6689,22.66,22.6601,1632,0
BSJQ.US,5,20230607,212000,22.665,22.67,22.665,22.665,300,0
BSJQ.US,5,20230607,212500,22.665,22.67,22.66,22.665,1118,0
BSJQ.US,5,20230607,213000,22.66,22.665,22.66,22.665,500,0
BSJQ.US,5,20230607,213500,22.66,22.66,22.65,22.65,500,0
BSJQ.US,5,20230607,214000,22.6599,22.6599,22.635,22.64,1200,0
BSJQ.US,5,20230607,214500,22.645,22.645,22.645,22.645,100,0
BSJQ.US,5,20230607,215000,22.65,22.65,22.64,22.64,600,0
BSJQ.US,5,20230607,215500,22.64,22.645,22.63,22.64,1200,0
BSJQ.US,5,20230608,153000,22.68,22.68,22.68,22.68,1707,0
BSJQ.US,5,20230608,153500,22.68,22.68,22.6701,22.6701,526,0
BSJQ.US,5,20230608,155000,22.6889,22.6889,22.6889,22.6889,513,0
BSJQ.US,5,20230608,155500,22.68,22.69,22.6767,22.6767,600,0
BSJQ.US,5,20230608,160000,22.69,22.69,22.69,22.69,100,0
BSJQ.US,5,20230608,161500,22.71,22.71,22.71,22.71,100,0
BSJQ.US,5,20230608,162000,22.705,22.705,22.705,22.705,278,0
BSJQ.US,5,20230608,162500,22.7,22.705,22.7,22.705,1287,0
BSJQ.US,5,20230608,163000,22.715,22.715,22.71,22.71,300,0
BSJQ.US,5,20230608,163500,22.7096,22.7096,22.69,22.69,1119,0
BSJQ.US,5,20230608,164000,22.7,22.7,22.7,22.7,55679,0
BSJQ.US,5,20230608,164500,22.7092,22.71,22.7035,22.71,1092,0
BSJQ.US,5,20230608,165000,22.7089,22.71,22.7,22.7047,2174,0
BSJQ.US,5,20230608,165500,22.72,22.73,22.72,22.725,1744,0
BSJQ.US,5,20230608,171500,22.72,22.72,22.72,22.72,200,0
BSJQ.US,5,20230608,172000,22.73,22.73,22.7296,22.7296,330,0
BSJQ.US,5,20230608,172500,22.725,22.725,22.725,22.725,200,0
BSJQ.US,5,20230608,173500,22.727,22.727,22.727,22.727,177,0
BSJQ.US,5,20230608,174500,22.72,22.72,22.7125,22.7125,2061,0
BSJQ.US,5,20230608,175500,22.737,22.737,22.737,22.737,100,0
BSJQ.US,5,20230608,180000,22.73,22.73,22.73,22.73,200,0
BSJQ.US,5,20230608,180500,22.7192,22.7192,22.7192,22.7192,144,0
BSJQ.US,5,20230608,181000,22.72,22.7295,22.72,22.72,332,0
BSJQ.US,5,20230608,181500,22.73,22.73,22.73,22.73,100,0
BSJQ.US,5,20230608,182500,22.7333,22.7365,22.7333,22.7365,820,0
BSJQ.US,5,20230608,183000,22.74,22.74,22.73,22.73,4247,0
BSJQ.US,5,20230608,185500,22.7396,22.7396,22.735,22.735,492,0
BSJQ.US,5,20230608,190000,22.7396,22.7396,22.735,22.735,953,0
BSJQ.US,5,20230608,190500,22.74,22.76,22.74,22.76,1892,0
BSJQ.US,5,20230608,191000,22.76,22.78,22.76,22.77,4058,0
BSJQ.US,5,20230608,193000,22.75,22.75,22.75,22.75,100,0
BSJQ.US,5,20230608,194500,22.7311,22.735,22.7311,22.735,1887,0
BSJQ.US,5,20230608,200000,22.7301,22.7301,22.7301,22.7301,350,0
BSJQ.US,5,20230608,201000,22.73,22.73,22.73,22.73,100,0
BSJQ.US,5,20230608,202000,22.73,22.74,22.73,22.735,700,0
BSJQ.US,5,20230608,204000,22.73,22.73,22.73,22.73,100,0
BSJQ.US,5,20230608,210000,22.73,22.735,22.7299,22.735,950,0
BSJQ.US,5,20230608,211000,22.73,22.73,22.73,22.73,100,0
BSJQ.US,5,20230608,211500,22.74,22.74,22.735,22.735,477,0
BSJQ.US,5,20230608,212000,22.7333,22.735,22.7301,22.7301,1518,0
BSJQ.US,5,20230608,212500,22.7392,22.7392,22.735,22.735,675,0
BSJQ.US,5,20230608,214000,22.75,22.75,22.75,22.75,100,0
BSJQ.US,5,20230608,214500,22.76,22.76,22.76,22.76,200,0
BSJQ.US,5,20230608,215000,22.77,22.775,22.765,22.77,3492,0
BSJQ.US,5,20230608,215500,22.775,22.775,22.775,22.775,912,0
BSJQ.US,5,20230609,153000,22.8,22.8,22.8,22.8,3254,0
BSJQ.US,5,20230609,153500,22.77,22.78,22.77,22.78,1292,0
BSJQ.US,5,20230609,155000,22.78,22.78,22.7727,22.7727,200,0
BSJQ.US,5,20230609,155500,22.7778,22.7778,22.7778,22.7778,1098,0
BSJQ.US,5,20230609,160500,22.79,22.79,22.79,22.79,117,0
BSJQ.US,5,20230609,162500,22.7901,22.7901,22.7901,22.7901,198,0
BSJQ.US,5,20230609,163000,22.8,22.81,22.798,22.798,8200,0
BSJQ.US,5,20230609,163500,22.8,22.8,22.79,22.79,300,0
BSJQ.US,5,20230609,164000,22.79,22.79,22.79,22.79,100,0
BSJQ.US,5,20230609,164500,22.7801,22.7801,22.7801,22.7801,621,0
BSJQ.US,5,20230609,165000,22.78,22.78,22.77,22.77,300,0
BSJQ.US,5,20230609,165500,22.785,22.785,22.77,22.77,51551,0
BSJQ.US,5,20230609,170000,22.76,22.76,22.76,22.76,200,0
BSJQ.US,5,20230609,171500,22.76,22.76,22.76,22.76,200,0
BSJQ.US,5,20230609,172000,22.76,22.7637,22.76,22.7637,686,0
BSJQ.US,5,20230609,172500,22.7688,22.7688,22.765,22.765,743,0
BSJQ.US,5,20230609,173000,22.7601,22.7601,22.7501,22.755,5263,0
BSJQ.US,5,20230609,173500,22.7517,22.7517,22.7517,22.7517,200,0
BSJQ.US,5,20230609,174000,22.76,22.765,22.76,22.765,233,0
BSJQ.US,5,20230609,174500,22.77,22.78,22.77,22.78,600,0
BSJQ.US,5,20230609,175000,22.778,22.778,22.77,22.77,2121,0
BSJQ.US,5,20230609,175500,22.7794,22.7799,22.775,22.7799,1936,0
BSJQ.US,5,20230609,180000,22.77,22.77,22.76,22.76,600,0
BSJQ.US,5,20230609,180500,22.77,22.775,22.77,22.77,1270,0
BSJQ.US,5,20230609,181000,22.7799,22.78,22.77,22.78,1137,0
BSJQ.US,5,20230609,181500,22.79,22.795,22.79,22.795,892,0
BSJQ.US,5,20230609,182000,22.7885,22.7885,22.778,22.778,2444,0
BSJQ.US,5,20230609,182500,22.7697,22.7697,22.76,22.76,531,0
BSJQ.US,5,20230609,183000,22.7641,22.78,22.7641,22.77,1568,0
BSJQ.US,5,20230609,183500,22.7792,22.7792,22.777,22.777,531,0
BSJQ.US,5,20230609,184000,22.7799,22.7799,22.76,22.76,3450,0
BSJQ.US,5,20230609,184500,22.77,22.7779,22.76,22.776,2860,0
BSJQ.US,5,20230609,185000,22.7795,22.7795,22.76,22.7773,2527,0
BSJQ.US,5,20230609,185500,22.7794,22.79,22.7794,22.78,1040,0
BSJQ.US,5,20230609,190500,22.7863,22.79,22.781,22.785,1506,0
BSJQ.US,5,20230609,194500,22.78,22.785,22.78,22.785,300,0
BSJQ.US,5,20230609,200000,22.7821,22.7821,22.7821,22.7821,220,0
BSJQ.US,5,20230609,200500,22.79,22.79,22.7899,22.7899,350,0
BSJQ.US,5,20230609,201000,22.79,22.79,22.7899,22.7899,558,0
BSJQ.US,5,20230609,202500,22.78,22.78,22.78,22.78,100,0
BSJQ.US,5,20230609,204500,22.79,22.79,22.78,22.78,2496,0
BSJQ.US,5,20230609,205000,22.79,22.79,22.78,22.79,2258,0
BSJQ.US,5,20230609,210500,22.78,22.78,22.78,22.78,100,0
BSJQ.US,5,20230609,212000,22.785,22.785,22.785,22.785,117,0
BSJQ.US,5,20230609,212500,22.7899,22.7899,22.785,22.785,399,0
BSJQ.US,5,20230609,213000,22.78,22.78,22.775,22.775,740,0
BSJQ.US,5,20230609,215000,22.77,22.77,22.77,22.77,315,0
BSJQ.US,5,20230609,215500,22.775,22.79,22.77,22.79,1111,0
BSJQ.US,5,20230612,153000,22.79,22.79,22.77,22.77,989,0
BSJQ.US,5,20230612,153500,22.76,22.76,22.753,22.753,200,0
BSJQ.US,5,20230612,155000,22.7587,22.7587,22.75,22.75,471,0
BSJQ.US,5,20230612,160000,22.7201,22.7201,22.7201,22.7201,102,0
BSJQ.US,5,20230612,161500,22.7305,22.7305,22.7305,22.7305,176,0
BSJQ.US,5,20230612,162000,22.7,22.7,22.7,22.7,178,0
BSJQ.US,5,20230612,162500,22.7,22.7,22.7,22.7,103,0
BSJQ.US,5,20230612,164000,22.72,22.72,22.71,22.71,2141,0
BSJQ.US,5,20230612,164500,22.72,22.72,22.72,22.72,116,0
BSJQ.US,5,20230612,165000,22.7199,22.7199,22.71,22.71,603,0
BSJQ.US,5,20230612,165500,22.7189,22.7189,22.71,22.71,1963,0
BSJQ.US,5,20230612,170000,22.7188,22.7188,22.7188,22.7188,260,0
BSJQ.US,5,20230612,170500,22.72,22.72,22.7156,22.7156,321,0
BSJQ.US,5,20230612,171000,22.72,22.73,22.72,22.72,600,0
BSJQ.US,5,20230612,172000,22.7099,22.7099,22.6995,22.6995,497,0
BSJQ.US,5,20230612,172500,22.7,22.7,22.7,22.7,200,0
BSJQ.US,5,20230612,173000,22.7013,22.7013,22.7013,22.7013,265,0
BSJQ.US,5,20230612,180000,22.72,22.72,22.715,22.715,14996,0
BSJQ.US,5,20230612,180500,22.715,22.715,22.71,22.71,15400,0
BSJQ.US,5,20230612,181000,22.715,22.715,22.715,22.715,100,0
BSJQ.US,5,20230612,181500,22.7199,22.7199,22.715,22.715,1000,0
BSJQ.US,5,20230612,182000,22.7178,22.72,22.71,22.71,2540,0
BSJQ.US,5,20230612,183000,22.7199,22.7199,22.715,22.715,540,0
BSJQ.US,5,20230612,183500,22.72,22.72,22.72,22.72,100,0
BSJQ.US,5,20230612,184000,22.72,22.72,22.715,22.715,1480,0
BSJQ.US,5,20230612,185000,22.72,22.74,22.71,22.7203,24912,0
BSJQ.US,5,20230612,190000,22.7294,22.7294,22.7294,22.7294,220,0
BSJQ.US,5,20230612,192000,22.7299,22.7299,22.7299,22.7299,300,0
BSJQ.US,5,20230612,192500,22.73,22.7394,22.73,22.7394,1500,0
BSJQ.US,5,20230612,193000,22.733,22.733,22.73,22.73,307,0
BSJQ.US,5,20230612,194000,22.74,22.74,22.7352,22.7352,200,0
BSJQ.US,5,20230612,195000,22.7392,22.75,22.73,22.74,19392,0
BSJQ.US,5,20230612,195500,22.7499,22.75,22.74,22.74,3065,0
BSJQ.US,5,20230612,200000,22.75,22.76,22.75,22.7587,1880,0
BSJQ.US,5,20230612,200500,22.7575,22.76,22.74,22.74,2916,0
BSJQ.US,5,20230612,201000,22.7574,22.7574,22.74,22.74,3727,0
BSJQ.US,5,20230612,201500,22.75,22.75,22.75,22.75,205,0
BSJQ.US,5,20230612,202000,22.7491,22.7491,22.74,22.74,495,0
BSJQ.US,5,20230612,203500,22.7485,22.7485,22.74,22.74,700,0
BSJQ.US,5,20230612,204000,22.74,22.74,22.73,22.73,12812,0
BSJQ.US,5,20230612,204500,22.74,22.74,22.74,22.74,544,0
BSJQ.US,5,20230612,205000,22.7392,22.76,22.735,22.76,24660,0
BSJQ.US,5,20230612,205500,22.7507,22.7507,22.7507,22.7507,564,0
BSJQ.US,5,20230612,210000,22.7595,22.7595,22.7595,22.7595,1100,0
BSJQ.US,5,20230612,211000,22.7591,22.77,22.755,22.7691,32528,0
BSJQ.US,5,20230612,211500,22.765,22.7691,22.765,22.7691,225,0
BSJQ.US,5,20230612,212000,22.765,22.7699,22.765,22.7699,589,0
BSJQ.US,5,20230612,212500,22.7691,22.7691,22.7691,22.7691,311,0
BSJQ.US,5,20230612,213000,22.7698,22.7698,22.7625,22.7689,1015,0
BSJQ.US,5,20230612,214000,22.7641,22.7641,22.76,22.76,700,0
BSJQ.US,5,20230612,215000,22.7625,22.7625,22.7625,22.7625,253,0
BSJQ.US,5,20230612,215500,22.76,22.76,22.76,22.76,300,0
BSJQ.US,5,20230613,153000,22.92,22.92,22.81,22.81,2398,0
BSJQ.US,5,20230613,153500,22.8089,22.8089,22.8089,22.8089,1300,0
BSJQ.US,5,20230613,154500,22.8,22.8,22.8,22.8,100,0
BSJQ.US,5,20230613,155000,22.79,22.79,22.79,22.79,100,0
BSJQ.US,5,20230613,161000,22.75,22.75,22.75,22.75,400,0
BSJQ.US,5,20230613,161500,22.74,22.74,22.74,22.74,100,0
BSJQ.US,5,20230613,162000,22.75,22.75,22.75,22.75,340,0
BSJQ.US,5,20230613,164000,22.7693,22.781,22.7687,22.78,15840,0
BSJQ.US,5,20230613,164500,22.775,22.78,22.7717,22.7717,1495,0
BSJQ.US,5,20230613,165500,22.7799,22.7799,22.775,22.775,1137,0
BSJQ.US,5,20230613,171000,22.775,22.775,22.76,22.765,32415,0
BSJQ.US,5,20230613,171500,22.765,22.7807,22.765,22.7807,11084,0
BSJQ.US,5,20230613,172500,22.78,22.78,22.78,22.78,100,0
BSJQ.US,5,20230613,173000,22.78,22.78,22.78,22.78,500,0
BSJQ.US,5,20230613,175500,22.77,22.77,22.77,22.77,100,0
BSJQ.US,5,20230613,180500,22.7756,22.78,22.774,22.774,4223,0
BSJQ.US,5,20230613,181000,22.78,22.78,22.775,22.775,407,0
BSJQ.US,5,20230613,181500,22.774,22.784,22.774,22.78,1800,0
BSJQ.US,5,20230613,182000,22.78,22.7847,22.78,22.7847,200,0
BSJQ.US,5,20230613,184000,22.79,22.79,22.79,22.79,188,0
BSJQ.US,5,20230613,190500,22.78,22.78,22.78,22.78,100,0
BSJQ.US,5,20230613,192000,22.7891,22.7891,22.7891,22.7891,150,0
BSJQ.US,5,20230613,192500,22.785,22.785,22.785,22.785,700,0
BSJQ.US,5,20230613,193000,22.79,22.79,22.79,22.79,100,0
BSJQ.US,5,20230613,194500,22.785,22.785,22.785,22.785,400,0
BSJQ.US,5,20230613,195500,22.78,22.78,22.78,22.78,200,0
BSJQ.US,5,20230613,200000,22.7793,22.7793,22.7793,22.7793,1100,0
BSJQ.US,5,20230613,200500,22.7799,22.7799,22.7799,22.7799,500,0
BSJQ.US,5,20230613,201000,22.77,22.77,22.7684,22.7684,1615,0
BSJQ.US,5,20230613,202500,22.76,22.76,22.76,22.76,200,0
BSJQ.US,5,20230613,203000,22.75,22.75,22.75,22.75,247,0
BSJQ.US,5,20230613,205500,22.758,22.758,22.75,22.75,1106,0
BSJQ.US,5,20230613,210500,22.75,22.75,22.75,22.75,208,0
BSJQ.US,5,20230613,212000,22.7599,22.7599,22.7562,22.7562,858,0
BSJQ.US,5,20230613,212500,22.7588,22.7588,22.7588,22.7588,250,0
BSJQ.US,5,20230613,213000,22.755,22.76,22.755,22.755,1600,0
BSJQ.US,5,20230613,214000,22.76,22.76,22.753,22.753,1302,0
BSJQ.US,5,20230613,215000,22.76,22.76,22.76,22.76,323,0
BSJQ.US,5,20230613,215500,22.765,22.77,22.765,22.77,240,0
BSJQ.US,5,20230614,153000,22.79,22.79,22.79,22.79,454,0
BSJQ.US,5,20230614,153500,22.77,22.77,22.77,22.77,400,0
BSJQ.US,5,20230614,154000,22.78,22.81,22.78,22.8,2338,0
BSJQ.US,5,20230614,154500,22.81,22.81,22.8,22.8,1100,0
BSJQ.US,5,20230614,155000,22.8007,22.8007,22.8,22.8,1400,0
BSJQ.US,5,20230614,155500,22.79,22.79,22.79,22.79,100,0
BSJQ.US,5,20230614,160000,22.79,22.795,22.79,22.795,900,0
BSJQ.US,5,20230614,160500,22.795,22.82,22.795,22.82,14336,0
BSJQ.US,5,20230614,162000,22.805,22.805,22.8,22.8,700,0
BSJQ.US,5,20230614,162500,22.8,22.8,22.795,22.795,500,0
BSJQ.US,5,20230614,163000,22.795,22.795,22.795,22.795,1000,0
BSJQ.US,5,20230614,164000,22.795,22.7991,22.795,22.7991,5500,0
BSJQ.US,5,20230614,164500,22.7991,22.81,22.795,22.81,15000,0
BSJQ.US,5,20230614,165000,22.815,22.8187,22.815,22.8187,660,0
BSJQ.US,5,20230614,165500,22.81,22.81,22.81,22.81,500,0
BSJQ.US,5,20230614,170000,22.7901,22.795,22.7901,22.795,418,0
BSJQ.US,5,20230614,170500,22.795,22.795,22.795,22.795,400,0
BSJQ.US,5,20230614,171000,22.795,22.795,22.795,22.795,400,0
BSJQ.US,5,20230614,171500,22.796,22.81,22.795,22.81,4242,0
BSJQ.US,5,20230614,172000,22.81,22.81,22.81,22.81,842,0
BSJQ.US,5,20230614,172500,22.81,22.815,22.81,22.815,2280,0
BSJQ.US,5,20230614,173000,22.815,22.815,22.815,22.815,100,0
BSJQ.US,5,20230614,173500,22.815,22.815,22.815,22.815,400,0
BSJQ.US,5,20230614,174000,22.815,22.815,22.815,22.815,300,0
BSJQ.US,5,20230614,174500,22.815,22.815,22.815,22.815,300,0
BSJQ.US,5,20230614,175000,22.817,22.817,22.81,22.81,400,0
BSJQ.US,5,20230614,175500,22.815,22.815,22.805,22.809,1100,0
BSJQ.US,5,20230614,180000,22.8099,22.8099,22.805,22.805,564,0
BSJQ.US,5,20230614,180500,22.8,22.8099,22.795,22.7991,11560,0
BSJQ.US,5,20230614,181000,22.7996,22.82,22.7982,22.815,35200,0
BSJQ.US,5,20230614,182500,22.81,22.81,22.81,22.81,700,0
BSJQ.US,5,20230614,183500,22.815,22.815,22.815,22.815,1200,0
BSJQ.US,5,20230614,184500,22.815,22.815,22.81,22.815,1400,0
BSJQ.US,5,20230614,185000,22.8131,22.815,22.8131,22.815,640,0
BSJQ.US,5,20230614,185500,22.815,22.815,22.815,22.815,500,0
BSJQ.US,5,20230614,190000,22.815,22.815,22.815,22.815,200,0
BSJQ.US,5,20230614,190500,22.815,22.815,22.815,22.815,400,0
BSJQ.US,5,20230614,191000,22.81,22.812,22.81,22.812,700,0
BSJQ.US,5,20230614,191500,22.815,22.815,22.815,22.815,600,0
BSJQ.US,5,20230614,192000,22.815,22.815,22.815,22.815,300,0
BSJQ.US,5,20230614,192500,22.815,22.817,22.815,22.817,1139,0
BSJQ.US,5,20230614,193000,22.81,22.815,22.805,22.805,800,0
BSJQ.US,5,20230614,193500,22.805,22.805,22.805,22.805,400,0
BSJQ.US,5,20230614,194000,22.8097,22.8097,22.805,22.805,560,0
BSJQ.US,5,20230614,195000,22.805,22.805,22.805,22.805,700,0
BSJQ.US,5,20230614,195500,22.805,22.805,22.805,22.805,500,0
BSJQ.US,5,20230614,200000,22.8,22.8,22.73,22.73,3103,0
BSJQ.US,5,20230614,200500,22.67,22.7062,22.67,22.7062,245,0
BSJQ.US,5,20230614,201000,22.68,22.72,22.68,22.72,1000,0
BSJQ.US,5,20230614,201500,22.72,22.72,22.7,22.7,800,0
BSJQ.US,5,20230614,202000,22.7086,22.7086,22.69,22.695,4023,0
BSJQ.US,5,20230614,202500,22.68,22.68,22.675,22.68,1964,0
BSJQ.US,5,20230614,203000,22.6856,22.7,22.685,22.7,687,0
BSJQ.US,5,20230614,203500,22.7,22.74,22.7,22.7374,21385,0
BSJQ.US,5,20230614,204000,22.748,22.748,22.74,22.74,426,0
BSJQ.US,5,20230614,204500,22.74,22.74,22.735,22.74,4218,0
BSJQ.US,5,20230614,205000,22.74,22.77,22.74,22.74,14000,0
BSJQ.US,5,20230614,205500,22.735,22.735,22.735,22.735,800,0
BSJQ.US,5,20230614,210000,22.735,22.755,22.735,22.75,5740,0
BSJQ.US,5,20230614,210500,22.7594,22.775,22.7591,22.775,10500,0
BSJQ.US,5,20230614,211000,22.775,22.775,22.77,22.77,2068,0
BSJQ.US,5,20230614,211500,22.76,22.76,22.75,22.755,5023,0
BSJQ.US,5,20230614,212000,22.7591,22.7818,22.755,22.775,11429,0
BSJQ.US,5,20230614,212500,22.775,22.775,22.755,22.755,1500,0
BSJQ.US,5,20230614,213000,22.755,22.755,22.755,22.755,900,0
BSJQ.US,5,20230614,213500,22.755,22.755,22.755,22.755,1100,0
BSJQ.US,5,20230614,214000,22.755,22.755,22.755,22.755,900,0
BSJQ.US,5,20230614,214500,22.755,22.76,22.755,22.76,1295,0
BSJQ.US,5,20230614,215000,22.7699,22.7699,22.76,22.76,1400,0
BSJQ.US,5,20230614,215500,22.76,22.79,22.76,22.79,3100,0
BSJQ.US,5,20230615,153000,22.83,22.83,22.82,22.82,370,0
BSJQ.US,5,20230615,154000,22.82,22.82,22.82,22.82,200,0
BSJQ.US,5,20230615,155000,22.8239,22.8239,22.8239,22.8239,173,0
BSJQ.US,5,20230615,160000,22.83,22.83,22.83,22.83,435,0
BSJQ.US,5,20230615,161500,22.84,22.84,22.84,22.84,500,0
BSJQ.US,5,20230615,162500,22.84,22.84,22.84,22.84,100,0
BSJQ.US,5,20230615,163000,22.845,22.845,22.845,22.845,189,0
BSJQ.US,5,20230615,163500,22.84,22.84,22.84,22.84,500,0
BSJQ.US,5,20230615,164000,22.84,22.84,22.84,22.84,117,0
BSJQ.US,5,20230615,164500,22.84,22.84,22.84,22.84,350,0
BSJQ.US,5,20230615,165000,22.84,22.84,22.837,22.8399,1050,0
BSJQ.US,5,20230615,165500,22.83,22.83,22.83,22.83,100,0
BSJQ.US,5,20230615,170000,22.83,22.83,22.83,22.83,200,0
BSJQ.US,5,20230615,170500,22.83,22.83,22.805,22.805,7991,0
BSJQ.US,5,20230615,171000,22.81,22.81,22.81,22.81,467,0
BSJQ.US,5,20230615,172000,22.8121,22.815,22.8121,22.815,348,0
BSJQ.US,5,20230615,173000,22.8194,22.85,22.818,22.84,18426,0
BSJQ.US,5,20230615,173500,22.833,22.85,22.8313,22.84,12100,0
BSJQ.US,5,20230615,174000,22.845,22.845,22.83,22.83,359,0
BSJQ.US,5,20230615,174500,22.82,22.82,22.82,22.82,615,0
BSJQ.US,5,20230615,175000,22.81,22.815,22.8001,22.8001,2701,0
BSJQ.US,5,20230615,175500,22.8083,22.8095,22.8083,22.8095,600,0
BSJQ.US,5,20230615,180000,22.8094,22.81,22.8083,22.81,2700,0
BSJQ.US,5,20230615,180500,22.81,22.81,22.81,22.81,412,0
BSJQ.US,5,20230615,181000,22.82,22.825,22.82,22.8204,4949,0
BSJQ.US,5,20230615,181500,22.8279,22.8279,22.8279,22.8279,2628,0
BSJQ.US,5,20230615,183000,22.82,22.82,22.815,22.815,695,0
BSJQ.US,5,20230615,184000,22.8192,22.84,22.8192,22.83,22400,0
BSJQ.US,5,20230615,184500,22.83,22.83,22.82,22.8217,573,0
BSJQ.US,5,20230615,185500,22.825,22.825,22.825,22.825,210,0
BSJQ.US,5,20230615,190500,22.82,22.8205,22.82,22.8205,252,0
BSJQ.US,5,20230615,191000,22.825,22.825,22.82,22.82,325,0
BSJQ.US,5,20230615,191500,22.82,22.82,22.8196,22.8196,275,0
BSJQ.US,5,20230615,192500,22.8165,22.8165,22.8165,22.8165,100,0
BSJQ.US,5,20230615,193500,22.8188,22.8188,22.8188,22.8188,100,0
BSJQ.US,5,20230615,194000,22.82,22.83,22.82,22.83,5000,0
BSJQ.US,5,20230615,194500,22.8297,22.85,22.8283,22.8404,34166,0
BSJQ.US,5,20230615,195000,22.8464,22.8464,22.8464,22.8464,100,0
BSJQ.US,5,20230615,200000,22.8499,22.8499,22.8499,22.8499,438,0
BSJQ.US,5,20230615,200500,22.83,22.83,22.83,22.83,100,0
BSJQ.US,5,20230615,202000,22.83,22.83,22.83,22.83,100,0
BSJQ.US,5,20230615,202500,22.82,22.8299,22.82,22.828,1941,0
BSJQ.US,5,20230615,203000,22.8401,22.8401,22.8401,22.8401,457,0
BSJQ.US,5,20230615,203500,22.845,22.85,22.845,22.85,326,0
BSJQ.US,5,20230615,204000,22.8499,22.8499,22.8499,22.8499,1465,0
BSJQ.US,5,20230615,205500,22.8496,22.8759,22.8496,22.87,22316,0
BSJQ.US,5,20230615,210000,22.87,22.8736,22.87,22.8736,200,0
BSJQ.US,5,20230615,210500,22.87,22.87,22.86,22.86,206,0
BSJQ.US,5,20230615,211000,22.865,22.865,22.865,22.865,907,0
BSJQ.US,5,20230615,211500,22.8699,22.8699,22.8699,22.8699,317,0
BSJQ.US,5,20230615,212000,22.8699,22.8699,22.8699,22.8699,836,0
BSJQ.US,5,20230615,212500,22.8618,22.8658,22.8608,22.8658,467,0
BSJQ.US,5,20230615,213500,22.8682,22.8682,22.85,22.85,732,0
BSJQ.US,5,20230615,215000,22.845,22.845,22.845,22.845,465,0
BSJQ.US,5,20230615,215500,22.845,22.847,22.84,22.84,830,0
BSJQ.US,5,20230616,153000,22.88,22.88,22.88,22.88,1019,0
BSJQ.US,5,20230616,155500,22.81,22.81,22.81,22.81,200,0
BSJQ.US,5,20230616,160000,22.836,22.8399,22.82,22.82,1171,0
BSJQ.US,5,20230616,160500,22.82,22.82,22.82,22.82,160,0
BSJQ.US,5,20230616,161000,22.82,22.82,22.82,22.82,100,0
BSJQ.US,5,20230616,162000,22.83,22.84,22.83,22.83,7299,0
BSJQ.US,5,20230616,162500,22.82,22.825,22.82,22.825,2257,0
BSJQ.US,5,20230616,163000,22.825,22.825,22.825,22.825,657,0
BSJQ.US,5,20230616,164500,22.81,22.8167,22.81,22.81,2392,0
BSJQ.US,5,20230616,170500,22.809,22.809,22.809,22.809,153,0
BSJQ.US,5,20230616,171000,22.81,22.8199,22.81,22.8199,1097,0
BSJQ.US,5,20230616,172000,22.81,22.81,22.81,22.81,200,0
BSJQ.US,5,20230616,173000,22.81,22.82,22.81,22.82,700,0
BSJQ.US,5,20230616,174500,22.815,22.815,22.815,22.815,738,0
BSJQ.US,5,20230616,181000,22.8094,22.8094,22.8094,22.8094,500,0
BSJQ.US,5,20230616,183000,22.81,22.81,22.81,22.81,850,0
BSJQ.US,5,20230616,183500,22.8094,22.8094,22.8094,22.8094,110,0
BSJQ.US,5,20230616,184500,22.81,22.81,22.81,22.81,500,0
BSJQ.US,5,20230616,185000,22.83,22.84,22.83,22.83,3900,0
BSJQ.US,5,20230616,185500,22.8304,22.8313,22.8304,22.8313,200,0
BSJQ.US,5,20230616,190000,22.8299,22.8299,22.8299,22.8299,3188,0
BSJQ.US,5,20230616,192000,22.8113,22.8113,22.8113,22.8113,500,0
BSJQ.US,5,20230616,193000,22.8198,22.8198,22.8198,22.8198,133,0
BSJQ.US,5,20230616,200500,22.8199,22.8199,22.8199,22.8199,550,0
BSJQ.US,5,20230616,201000,22.8199,22.8199,22.815,22.815,500,0
BSJQ.US,5,20230616,201500,22.8199,22.8199,22.81,22.81,1393,0
BSJQ.US,5,20230616,203000,22.82,22.83,22.8195,22.8195,1901,0
BSJQ.US,5,20230616,205000,22.8112,22.8112,22.8112,22.8112,800,0
BSJQ.US,5,20230616,205500,22.815,22.815,22.81,22.81,561,0
BSJQ.US,5,20230616,210000,22.81,22.81,22.8099,22.8099,1087,0
BSJQ.US,5,20230616,211000,22.8094,22.8094,22.8094,22.8094,100,0
BSJQ.US,5,20230616,213500,22.805,22.805,22.805,22.805,226,0
BSJQ.US,5,20230616,214500,22.8096,22.8299,22.8096,22.8299,4700,0
BSJQ.US,5,20230616,215500,22.805,22.805,22.805,22.805,519,0
BSJQ.US,5,20230620,153000,22.66,22.6723,22.66,22.6723,1801,0
BSJQ.US,5,20230620,153500,22.6864,22.6864,22.6864,22.6864,1750,0
BSJQ.US,5,20230620,154000,22.665,22.665,22.665,22.665,230,0
BSJQ.US,5,20230620,160000,22.6608,22.665,22.6608,22.665,953,0
BSJQ.US,5,20230620,161000,22.6899,22.6899,22.6899,22.6899,877,0
BSJQ.US,5,20230620,161500,22.6762,22.6762,22.67,22.67,434,0
BSJQ.US,5,20230620,163500,22.6641,22.6641,22.6641,22.6641,375,0
BSJQ.US,5,20230620,164500,22.6799,22.6799,22.6799,22.6799,2050,0
BSJQ.US,5,20230620,170000,22.68,22.689,22.68,22.689,425,0
BSJQ.US,5,20230620,170500,22.6887,22.69,22.6887,22.69,1597,0
BSJQ.US,5,20230620,171000,22.6882,22.6882,22.6882,22.6882,790,0
BSJQ.US,5,20230620,172000,22.6724,22.6724,22.6724,22.6724,429,0
BSJQ.US,5,20230620,172500,22.6899,22.6899,22.67,22.67,1962,0
BSJQ.US,5,20230620,173000,22.69,22.69,22.6866,22.6866,1260,0
BSJQ.US,5,20230620,173500,22.69,22.69,22.69,22.69,100,0
BSJQ.US,5,20230620,174000,22.687,22.69,22.6854,22.6854,1545,0
BSJQ.US,5,20230620,174500,22.6844,22.6844,22.6844,22.6844,400,0
BSJQ.US,5,20230620,175500,22.6899,22.69,22.6852,22.6852,2255,0
BSJQ.US,5,20230620,180000,22.6899,22.6899,22.6899,22.6899,1705,0
BSJQ.US,5,20230620,181000,22.69,22.69,22.69,22.69,200,0
BSJQ.US,5,20230620,181500,22.69,22.69,22.69,22.69,100,0
BSJQ.US,5,20230620,182500,22.7055,22.7055,22.7001,22.7001,1366,0
BSJQ.US,5,20230620,183500,22.7001,22.7001,22.7001,22.7001,2426,0
BSJQ.US,5,20230620,184000,22.709,22.71,22.7086,22.71,803,0
BSJQ.US,5,20230620,184500,22.7142,22.7142,22.7142,22.7142,700,0
BSJQ.US,5,20230620,185000,22.7179,22.7179,22.705,22.705,1604,0
BSJQ.US,5,20230620,185500,22.7,22.7099,22.7,22.7099,1000,0
BSJQ.US,5,20230620,190000,22.7,22.7,22.7,22.7,100,0
BSJQ.US,5,20230620,190500,22.695,22.695,22.695,22.695,1000,0
BSJQ.US,5,20230620,191000,22.699,22.699,22.699,22.699,353,0
BSJQ.US,5,20230620,192000,22.7,22.7,22.7,22.7,100,0
BSJQ.US,5,20230620,193000,22.705,22.705,22.7015,22.7015,7714,0
BSJQ.US,5,20230620,200500,22.7099,22.7099,22.705,22.705,2003,0
BSJQ.US,5,20230620,202000,22.7015,22.7015,22.7015,22.7015,1539,0
BSJQ.US,5,20230620,203500,22.7,22.7,22.7,22.7,100,0
BSJQ.US,5,20230620,204000,22.7,22.7,22.7,22.7,300,0
BSJQ.US,5,20230620,205500,22.6999,22.6999,22.6999,22.6999,132,0
BSJQ.US,5,20230620,213000,22.685,22.685,22.68,22.68,600,0
BSJQ.US,5,20230620,213500,22.68,22.68,22.68,22.68,3000,0
BSJQ.US,5,20230620,214000,22.68,22.68,22.68,22.68,684,0
BSJQ.US,5,20230620,214500,22.69,22.695,22.69,22.69,700,0
BSJQ.US,5,20230620,215500,22.6885,22.6885,22.68,22.68,400,0
BSJQ.US,5,20230621,153000,22.65,22.65,22.61,22.61,4356,0
BSJQ.US,5,20230621,154500,22.64,22.64,22.64,22.64,100,0
BSJQ.US,5,20230621,155000,22.63,22.63,22.62,22.62,200,0
BSJQ.US,5,20230621,155500,22.6299,22.6299,22.6299,22.6299,6425,0
BSJQ.US,5,20230621,160500,22.62,22.63,22.6199,22.63,558,0
BSJQ.US,5,20230621,161000,22.63,22.63,22.63,22.63,681,0
BSJQ.US,5,20230621,164000,22.62,22.62,22.62,22.62,469,0
BSJQ.US,5,20230621,165000,22.61,22.61,22.605,22.61,1674,0
BSJQ.US,5,20230621,165500,22.6196,22.6305,22.619,22.6305,21500,0
BSJQ.US,5,20230621,170000,22.63,22.63,22.63,22.63,200,0
BSJQ.US,5,20230621,170500,22.615,22.615,22.61,22.61,459,0
BSJQ.US,5,20230621,171000,22.6,22.6,22.6,22.6,100,0
BSJQ.US,5,20230621,172000,22.6095,22.6095,22.6095,22.6095,155,0
BSJQ.US,5,20230621,172500,22.605,22.6095,22.605,22.6095,885,0
BSJQ.US,5,20230621,173000,22.6095,22.64,22.6095,22.64,12198,0
BSJQ.US,5,20230621,173500,22.635,22.635,22.635,22.635,305,0
BSJQ.US,5,20230621,174000,22.63,22.63,22.63,22.63,200,0
BSJQ.US,5,20230621,175000,22.635,22.635,22.635,22.635,200,0
BSJQ.US,5,20230621,175500,22.6399,22.64,22.635,22.635,16685,0
BSJQ.US,5,20230621,180000,22.635,22.635,22.635,22.635,300,0
BSJQ.US,5,20230621,180500,22.63,22.63,22.63,22.63,100,0
BSJQ.US,5,20230621,181000,22.6201,22.6201,22.6201,22.6201,404,0
BSJQ.US,5,20230621,181500,22.63,22.63,22.63,22.63,100,0
BSJQ.US,5,20230621,184000,22.6399,22.6399,22.6399,22.6399,145,0
BSJQ.US,5,20230621,185000,22.625,22.625,22.625,22.625,510,0
BSJQ.US,5,20230621,185500,22.625,22.625,22.625,22.625,168,0
BSJQ.US,5,20230621,190000,22.62,22.62,22.62,22.62,200,0
BSJQ.US,5,20230621,191000,22.6282,22.6282,22.6282,22.6282,250,0
BSJQ.US,5,20230621,192500,22.63,22.63,22.63,22.63,206,0
BSJQ.US,5,20230621,195000,22.6313,22.6313,22.6313,22.6313,100,0
BSJQ.US,5,20230621,200000,22.64,22.647,22.64,22.647,343,0
BSJQ.US,5,20230621,200500,22.645,22.65,22.645,22.65,1271,0
BSJQ.US,5,20230621,201000,22.66,22.66,22.66,22.66,220,0
BSJQ.US,5,20230621,201500,22.6601,22.6601,22.6601,22.6601,203,0
BSJQ.US,5,20230621,203000,22.675,22.675,22.66,22.66,678,0
BSJQ.US,5,20230621,210000,22.66,22.66,22.66,22.66,100,0
BSJQ.US,5,20230621,211000,22.65,22.65,22.65,22.65,253,0
BSJQ.US,5,20230621,211500,22.6563,22.657,22.6563,22.657,2176,0
BSJQ.US,5,20230621,212000,22.6592,22.6592,22.6592,22.6592,200,0
BSJQ.US,5,20230621,212500,22.6599,22.6599,22.65,22.65,376,0
BSJQ.US,5,20230621,213000,22.655,22.655,22.655,22.655,100,0
BSJQ.US,5,20230621,215500,22.655,22.655,22.655,22.655,1407,0
BSJQ.US,5,20230622,153000,22.65,22.65,22.62,22.62,4858,0
BSJQ.US,5,20230622,153500,22.63,22.63,22.63,22.63,100,0
BSJQ.US,5,20230622,154500,22.64,22.64,22.64,22.64,100,0
BSJQ.US,5,20230622,155000,22.635,22.635,22.635,22.635,265,0
BSJQ.US,5,20230622,161000,22.6554,22.6554,22.6554,22.6554,225,0
BSJQ.US,5,20230622,162500,22.6499,22.6499,22.6499,22.6499,600,0
BSJQ.US,5,20230622,163500,22.64,22.64,22.64,22.64,100,0
BSJQ.US,5,20230622,164500,22.6213,22.6213,22.6213,22.6213,342,0
BSJQ.US,5,20230622,165000,22.63,22.63,22.63,22.63,100,0
BSJQ.US,5,20230622,173000,22.63,22.64,22.63,22.64,956,0
BSJQ.US,5,20230622,173500,22.62,22.62,22.62,22.62,165,0
BSJQ.US,5,20230622,174000,22.6396,22.6396,22.6396,22.6396,150,0
BSJQ.US,5,20230622,174500,22.6396,22.6396,22.6396,22.6396,146,0
BSJQ.US,5,20230622,175000,22.635,22.635,22.635,22.635,200,0
BSJQ.US,5,20230622,180000,22.6393,22.6399,22.635,22.6399,804,0
BSJQ.US,5,20230622,182500,22.639,22.6399,22.639,22.6399,934,0
BSJQ.US,5,20230622,183500,22.64,22.64,22.6356,22.6356,1463,0
BSJQ.US,5,20230622,184500,22.64,22.64,22.64,22.64,100,0
BSJQ.US,5,20230622,185000,22.63,22.63,22.63,22.63,400,0
BSJQ.US,5,20230622,190000,22.6399,22.64,22.6399,22.6399,2290,0
BSJQ.US,5,20230622,190500,22.63,22.63,22.63,22.63,200,0
BSJQ.US,5,20230622,191500,22.6299,22.6299,22.6299,22.6299,200,0
BSJQ.US,5,20230622,192000,22.6256,22.6256,22.6256,22.6256,274,0
BSJQ.US,5,20230622,193000,22.625,22.625,22.625,22.625,1000,0
BSJQ.US,5,20230622,193500,22.63,22.63,22.63,22.63,100,0
BSJQ.US,5,20230622,194000,22.63,22.64,22.6294,22.64,20800,0
BSJQ.US,5,20230622,195000,22.6399,22.6399,22.6399,22.6399,3300,0
BSJQ.US,5,20230622,195500,22.64,22.65,22.6392,22.6392,2700,0
BSJQ.US,5,20230622,201000,22.64,22.64,22.64,22.64,1300,0
BSJQ.US,5,20230622,201500,22.635,22.635,22.635,22.635,100,0
BSJQ.US,5,20230622,202000,22.635,22.635,22.635,22.635,1006,0
BSJQ.US,5,20230622,202500,22.63,22.63,22.63,22.63,485,0
BSJQ.US,5,20230622,203000,22.634,22.634,22.634,22.634,216,0
BSJQ.US,5,20230622,203500,22.635,22.635,22.635,22.635,100,0
BSJQ.US,5,20230622,204000,22.635,22.635,22.635,22.635,100,0
BSJQ.US,5,20230622,210000,22.645,22.645,22.645,22.645,100,0
BSJQ.US,5,20230622,211500,22.63,22.638,22.63,22.638,535,0
BSJQ.US,5,20230622,212000,22.63,22.63,22.63,22.63,222,0
BSJQ.US,5,20230622,213500,22.63,22.63,22.63,22.63,400,0
BSJQ.US,5,20230622,214000,22.6305,22.6399,22.6305,22.6399,974,0
BSJQ.US,5,20230622,215500,22.63,22.63,22.63,22.63,474,0
BSJQ.US,5,20230623,153000,22.6,22.6,22.5662,22.58,2904,0
BSJQ.US,5,20230623,153500,22.55,22.5872,22.55,22.5872,1394,0
BSJQ.US,5,20230623,154500,22.5999,22.5999,22.5999,22.5999,240,0
BSJQ.US,5,20230623,160000,22.6,22.6,22.6,22.6,100,0
BSJQ.US,5,20230623,162000,22.58,22.58,22.58,22.58,100,0
BSJQ.US,5,20230623,163000,22.57,22.575,22.57,22.575,339,0
BSJQ.US,5,20230623,163500,22.58,22.58,22.58,22.58,100,0
BSJQ.US,5,20230623,164000,22.5705,22.5705,22.5705,22.5705,146,0
BSJQ.US,5,20230623,165000,22.565,22.565,22.565,22.565,122,0
BSJQ.US,5,20230623,165500,22.56,22.56,22.555,22.555,400,0
BSJQ.US,5,20230623,170000,22.56,22.56,22.56,22.56,137,0
BSJQ.US,5,20230623,171500,22.5599,22.5599,22.5599,22.5599,1000,0
BSJQ.US,5,20230623,173500,22.555,22.56,22.555,22.56,600,0
BSJQ.US,5,20230623,174000,22.5655,22.5655,22.5655,22.5655,1775,0
BSJQ.US,5,20230623,180000,22.57,22.57,22.57,22.57,100,0
BSJQ.US,5,20230623,181000,22.56,22.56,22.56,22.56,100,0
BSJQ.US,5,20230623,182000,22.5799,22.5799,22.5799,22.5799,225,0
BSJQ.US,5,20230623,182500,22.5798,22.5799,22.575,22.575,3204,0
BSJQ.US,5,20230623,183500,22.58,22.58,22.58,22.58,100,0
BSJQ.US,5,20230623,192000,22.58,22.588,22.58,22.588,2350,0
BSJQ.US,5,20230623,200000,22.595,22.598,22.595,22.598,600,0
BSJQ.US,5,20230623,201000,22.5999,22.5999,22.5999,22.5999,470,0
BSJQ.US,5,20230623,202500,22.59,22.59,22.5801,22.5801,1876,0
BSJQ.US,5,20230623,205500,22.58,22.58,22.58,22.58,603,0
BSJQ.US,5,20230623,210000,22.565,22.565,22.565,22.565,257,0
BSJQ.US,5,20230623,210500,22.575,22.575,22.575,22.575,221,0
BSJQ.US,5,20230623,211500,22.5799,22.5799,22.5799,22.5799,106,0
BSJQ.US,5,20230623,212000,22.5799,22.5799,22.5785,22.5785,1690,0
BSJQ.US,5,20230623,213000,22.5701,22.575,22.5701,22.575,1369,0
BSJQ.US,5,20230623,213500,22.58,22.58,22.58,22.58,100,0
BSJQ.US,5,20230623,214000,22.57,22.57,22.57,22.57,417,0
BSJQ.US,5,20230623,214500,22.58,22.5899,22.5799,22.5899,2074,0
BSJQ.US,5,20230623,215000,22.5899,22.5899,22.5899,22.5899,1000,0
BSJQ.US,5,20230626,155500,22.6265,22.6265,22.6265,22.6265,353,0
BSJQ.US,5,20230626,160000,22.6261,22.6261,22.62,22.62,1055,0
BSJQ.US,5,20230626,160500,22.62,22.63,22.62,22.63,500,0
BSJQ.US,5,20230626,163000,22.6,22.6,22.6,22.6,200,0
BSJQ.US,5,20230626,164000,22.59,22.59,22.59,22.59,100,0
BSJQ.US,5,20230626,164500,22.585,22.6,22.585,22.6,870,0
BSJQ.US,5,20230626,165000,22.61,22.6115,22.61,22.6115,300,0
BSJQ.US,5,20230626,170000,22.5996,22.5996,22.5996,22.5996,530,0
BSJQ.US,5,20230626,171000,22.5829,22.6,22.5829,22.6,417,0
BSJQ.US,5,20230626,172000,22.5988,22.6,22.5988,22.6,228,0
BSJQ.US,5,20230626,173000,22.5999,22.5999,22.5963,22.5963,991,0
BSJQ.US,5,20230626,174000,22.59,22.59,22.5888,22.5888,1480,0
BSJQ.US,5,20230626,174500,22.5801,22.61,22.5801,22.61,3199,0
BSJQ.US,5,20230626,180500,22.5746,22.5746,22.5746,22.5746,767,0
BSJQ.US,5,20230626,181000,22.57,22.57,22.57,22.57,600,0
BSJQ.US,5,20230626,182000,22.58,22.58,22.58,22.58,100,0
BSJQ.US,5,20230626,182500,22.58,22.58,22.58,22.58,100,0
BSJQ.US,5,20230626,183000,22.589,22.589,22.589,22.589,350,0
BSJQ.US,5,20230626,183500,22.59,22.59,22.59,22.59,100,0
BSJQ.US,5,20230626,184500,22.589,22.59,22.589,22.59,10500,0
BSJQ.US,5,20230626,185500,22.6,22.6,22.6,22.6,300,0
BSJQ.US,5,20230626,191000,22.605,22.605,22.6001,22.6001,2635,0
BSJQ.US,5,20230626,191500,22.6087,22.6087,22.6087,22.6087,100,0
BSJQ.US,5,20230626,192000,22.6099,22.6099,22.609,22.609,2660,0
BSJQ.US,5,20230626,192500,22.6073,22.6073,22.6005,22.6005,427,0
BSJQ.US,5,20230626,195000,22.6099,22.6099,22.605,22.605,3850,0
BSJQ.US,5,20230626,201000,22.6001,22.605,22.6001,22.605,3154,0
BSJQ.US,5,20230626,201500,22.6016,22.6016,22.6016,22.6016,163,0
BSJQ.US,5,20230626,203500,22.63,22.63,22.63,22.63,100,0
BSJQ.US,5,20230626,205500,22.625,22.625,22.625,22.625,200,0
BSJQ.US,5,20230626,210000,22.6117,22.6117,22.6117,22.6117,274,0
BSJQ.US,5,20230626,210500,22.62,22.635,22.62,22.635,300,0
BSJQ.US,5,20230626,212000,22.63,22.635,22.6201,22.6201,7136,0
BSJQ.US,5,20230626,213000,22.625,22.625,22.625,22.625,100,0
BSJQ.US,5,20230626,214000,22.625,22.6281,22.625,22.6281,422,0
BSJQ.US,5,20230626,215500,22.62,22.62,22.605,22.61,945,0
BSJQ.US,5,20230627,154500,22.63,22.63,22.63,22.63,100,0
BSJQ.US,5,20230627,155000,22.633,22.633,22.633,22.633,461,0
BSJQ.US,5,20230627,160000,22.62,22.62,22.62,22.62,100,0
BSJQ.US,5,20230627,161000,22.63,22.63,22.63,22.63,200,0
BSJQ.US,5,20230627,161500,22.63,22.63,22.63,22.63,100,0
BSJQ.US,5,20230627,164000,22.63,22.63,22.63,22.63,200,0
BSJQ.US,5,20230627,165000,22.61,22.63,22.61,22.63,635,0
BSJQ.US,5,20230627,165500,22.6299,22.6299,22.6299,22.6299,603,0
BSJQ.US,5,20230627,170000,22.63,22.63,22.63,22.63,300,0
BSJQ.US,5,20230627,173000,22.66,22.66,22.6594,22.66,600,0
BSJQ.US,5,20230627,173500,22.67,22.67,22.67,22.67,100,0
BSJQ.US,5,20230627,174000,22.665,22.665,22.665,22.665,165,0
BSJQ.US,5,20230627,175000,22.6701,22.6701,22.6701,22.6701,173,0
BSJQ.US,5,20230627,175500,22.6707,22.6707,22.6707,22.6707,500,0
BSJQ.US,5,20230627,180500,22.6737,22.6737,22.6701,22.6701,1344,0
BSJQ.US,5,20230627,181500,22.67,22.67,22.67,22.67,200,0
BSJQ.US,5,20230627,183000,22.6582,22.6582,22.6582,22.6582,250,0
BSJQ.US,5,20230627,184500,22.66,22.66,22.66,22.66,100,0
BSJQ.US,5,20230627,185500,22.665,22.665,22.665,22.665,100,0
BSJQ.US,5,20230627,190500,22.65,22.65,22.65,22.65,621,0
BSJQ.US,5,20230627,192000,22.66,22.66,22.66,22.66,138,0
BSJQ.US,5,20230627,193500,22.665,22.665,22.66,22.66,27879,0
BSJQ.US,5,20230627,194000,22.665,22.665,22.665,22.665,2718,0
BSJQ.US,5,20230627,194500,22.67,22.67,22.67,22.67,100,0
BSJQ.US,5,20230627,195500,22.67,22.6705,22.67,22.6705,721,0
BSJQ.US,5,20230627,201000,22.67,22.67,22.6687,22.6687,718,0
BSJQ.US,5,20230627,201500,22.6618,22.6618,22.6618,22.6618,264,0
BSJQ.US,5,20230627,202000,22.66,22.6687,22.66,22.6687,205,0
BSJQ.US,5,20230627,202500,22.66,22.66,22.66,22.66,100,0
BSJQ.US,5,20230627,203000,22.66,22.6629,22.6501,22.6501,554,0
BSJQ.US,5,20230627,203500,22.6657,22.6657,22.6657,22.6657,2451,0
BSJQ.US,5,20230627,204000,22.6688,22.67,22.6688,22.67,501,0
BSJQ.US,5,20230627,204500,22.66,22.66,22.66,22.66,34766,0
BSJQ.US,5,20230627,205000,22.6629,22.6629,22.66,22.66,543,0
BSJQ.US,5,20230627,205500,22.66,22.66,22.66,22.66,200,0
BSJQ.US,5,20230627,211000,22.655,22.655,22.655,22.655,1169,0
BSJQ.US,5,20230627,212500,22.65,22.65,22.6401,22.6401,884,0
BSJQ.US,5,20230627,213000,22.64,22.64,22.64,22.64,5200,0
BSJQ.US,5,20230627,213500,22.64,22.6466,22.64,22.6466,1207,0
BSJQ.US,5,20230627,214000,22.64,22.64,22.64,22.64,1800,0
BSJQ.US,5,20230627,214500,22.64,22.64,22.64,22.64,13800,0
BSJQ.US,5,20230627,215000,22.64,22.645,22.64,22.64,14100,0
BSJQ.US,5,20230627,215500,22.645,22.645,22.64,22.64,1634,0
BSJQ.US,5,20230628,153000,22.69,22.69,22.6612,22.6612,1660,0
BSJQ.US,5,20230628,155500,22.6599,22.6599,22.6599,22.6599,221,0
BSJQ.US,5,20230628,162000,22.66,22.66,22.66,22.66,892,0
BSJQ.US,5,20230628,162500,22.67,22.67,22.67,22.67,200,0
BSJQ.US,5,20230628,163000,22.68,22.68,22.673,22.673,375,0
BSJQ.US,5,20230628,164500,22.6801,22.685,22.6801,22.6825,1420,0
BSJQ.US,5,20230628,165500,22.685,22.685,22.685,22.685,100,0
BSJQ.US,5,20230628,171000,22.6764,22.6764,22.6764,22.6764,1322,0
BSJQ.US,5,20230628,171500,22.6799,22.69,22.6799,22.685,2090,0
BSJQ.US,5,20230628,173500,22.68,22.6807,22.68,22.6801,4800,0
BSJQ.US,5,20230628,180000,22.7,22.7,22.7,22.7,200,0
BSJQ.US,5,20230628,180500,22.7082,22.7082,22.7082,22.7082,144,0
BSJQ.US,5,20230628,181000,22.71,22.73,22.71,22.725,12800,0
BSJQ.US,5,20230628,181500,22.725,22.725,22.725,22.725,200,0
BSJQ.US,5,20230628,182000,22.725,22.725,22.72,22.72,276,0
BSJQ.US,5,20230628,182500,22.7107,22.7107,22.7107,22.7107,104,0
BSJQ.US,5,20230628,184000,22.69,22.69,22.69,22.69,900,0
BSJQ.US,5,20230628,184500,22.69,22.7,22.69,22.7,1260,0
BSJQ.US,5,20230628,185500,22.68,22.68,22.68,22.68,4042,0
BSJQ.US,5,20230628,190000,22.7085,22.7085,22.7,22.7,1100,0
BSJQ.US,5,20230628,190500,22.705,22.705,22.705,22.705,1053,0
BSJQ.US,5,20230628,192000,22.71,22.71,22.71,22.71,300,0
BSJQ.US,5,20230628,193000,22.72,22.72,22.71,22.71,92712,0
BSJQ.US,5,20230628,194000,22.7193,22.7193,22.7101,22.7101,219,0
BSJQ.US,5,20230628,194500,22.72,22.72,22.72,22.72,300,0
BSJQ.US,5,20230628,195500,22.73,22.73,22.73,22.73,100,0
BSJQ.US,5,20230628,201000,22.74,22.74,22.74,22.74,2200,0
BSJQ.US,5,20230628,202500,22.745,22.745,22.745,22.745,1660,0
BSJQ.US,5,20230628,205000,22.74,22.74,22.74,22.74,100,0
BSJQ.US,5,20230628,210000,22.745,22.745,22.74,22.745,2497,0
BSJQ.US,5,20230628,211000,22.7345,22.7345,22.7345,22.7345,1700,0
BSJQ.US,5,20230628,211500,22.735,22.735,22.735,22.735,482,0
BSJQ.US,5,20230628,212500,22.743,22.7493,22.74,22.745,1800,0
BSJQ.US,5,20230628,214000,22.745,22.745,22.745,22.745,100,0
BSJQ.US,5,20230628,215500,22.745,22.76,22.74,22.755,19963,0
BSJQ.US,5,20230629,153000,22.7,22.7,22.7,22.7,1228,0
BSJQ.US,5,20230629,153500,22.69,22.7,22.69,22.7,900,0
BSJQ.US,5,20230629,154000,22.69,22.7,22.68,22.68,2460,0
BSJQ.US,5,20230629,155000,22.68,22.68,22.675,22.675,1600,0
BSJQ.US,5,20230629,155500,22.675,22.675,22.675,22.675,1200,0
BSJQ.US,5,20230629,160000,22.675,22.68,22.675,22.675,1200,0
BSJQ.US,5,20230629,160500,22.675,22.68,22.67,22.67,2256,0
BSJQ.US,5,20230629,161000,22.65,22.65,22.65,22.65,1000,0
BSJQ.US,5,20230629,161500,22.66,22.66,22.66,22.66,1300,0
BSJQ.US,5,20230629,162000,22.66,22.685,22.66,22.685,31475,0
BSJQ.US,5,20230629,162500,22.685,22.685,22.685,22.685,1100,0
BSJQ.US,5,20230629,163000,22.685,22.685,22.685,22.685,1200,0
BSJQ.US,5,20230629,163500,22.685,22.685,22.685,22.685,1200,0
BSJQ.US,5,20230629,164000,22.685,22.685,22.685,22.685,1200,0
BSJQ.US,5,20230629,164500,22.685,22.685,22.685,22.685,1200,0
BSJQ.US,5,20230629,165000,22.685,22.687,22.685,22.685,1018,0
BSJQ.US,5,20230629,165500,22.685,22.685,22.685,22.685,1200,0
BSJQ.US,5,20230629,170000,22.685,22.685,22.685,22.685,900,0
BSJQ.US,5,20230629,170500,22.685,22.685,22.685,22.685,1600,0
BSJQ.US,5,20230629,171000,22.685,22.685,22.685,22.685,900,0
BSJQ.US,5,20230629,171500,22.685,22.685,22.685,22.685,1200,0
BSJQ.US,5,20230629,172000,22.685,22.685,22.685,22.685,900,0
BSJQ.US,5,20230629,172500,22.685,22.685,22.685,22.685,1200,0
BSJQ.US,5,20230629,173000,22.685,22.6899,22.68,22.6899,41662,0
BSJQ.US,5,20230629,173500,22.68,22.68,22.675,22.675,400,0
BSJQ.US,5,20230629,174000,22.675,22.68,22.675,22.675,1400,0
BSJQ.US,5,20230629,174500,22.675,22.68,22.675,22.68,700,0
BSJQ.US,5,20230629,175000,22.68,22.685,22.6763,22.685,2996,0
BSJQ.US,5,20230629,175500,22.685,22.685,22.685,22.685,700,0
BSJQ.US,5,20230629,180000,22.685,22.6883,22.685,22.685,1785,0
BSJQ.US,5,20230629,180500,22.685,22.69,22.685,22.685,900,0
BSJQ.US,5,20230629,181000,22.685,22.69,22.685,22.685,1100,0
BSJQ.US,5,20230629,181500,22.685,22.69,22.685,22.69,700,0
BSJQ.US,5,20230629,182000,22.685,22.695,22.685,22.695,1400,0
BSJQ.US,5,20230629,182500,22.695,22.695,22.695,22.695,900,0
BSJQ.US,5,20230629,183000,22.695,22.7,22.6912,22.6912,1120,0
BSJQ.US,5,20230629,183500,22.7,22.7,22.695,22.695,900,0
BSJQ.US,5,20230629,184000,22.695,22.7,22.695,22.695,1000,0
BSJQ.US,5,20230629,184500,22.695,22.695,22.695,22.695,600,0
BSJQ.US,5,20230629,185000,22.695,22.695,22.695,22.695,1000,0
BSJQ.US,5,20230629,185500,22.695,22.695,22.69,22.69,1439,0
BSJQ.US,5,20230629,190000,22.68,22.68,22.68,22.68,100,0
BSJQ.US,5,20230629,190500,22.685,22.685,22.685,22.685,900,0
BSJQ.US,5,20230629,191000,22.685,22.685,22.685,22.685,1000,0
BSJQ.US,5,20230629,191500,22.685,22.685,22.68,22.68,1000,0
BSJQ.US,5,20230629,192000,22.6899,22.6899,22.685,22.685,5989,0
BSJQ.US,5,20230629,192500,22.685,22.6899,22.685,22.6899,2002,0
BSJQ.US,5,20230629,193000,22.685,22.6887,22.685,22.685,1691,0
BSJQ.US,5,20230629,193500,22.68,22.685,22.68,22.685,1599,0
BSJQ.US,5,20230629,194000,22.685,22.685,22.68,22.685,1000,0
BSJQ.US,5,20230629,194500,22.685,22.7,22.685,22.7,760,0
BSJQ.US,5,20230629,195000,22.7,22.7,22.7,22.7,900,0
BSJQ.US,5,20230629,195500,22.7,22.705,22.7,22.705,1200,0
BSJQ.US,5,20230629,200000,22.705,22.705,22.7017,22.705,1645,0
BSJQ.US,5,20230629,200500,22.705,22.705,22.705,22.705,1000,0
BSJQ.US,5,20230629,201000,22.705,22.705,22.7021,22.705,2648,0
BSJQ.US,5,20230629,201500,22.705,22.705,22.7048,22.705,1476,0
BSJQ.US,5,20230629,202000,22.705,22.705,22.705,22.705,1300,0
BSJQ.US,5,20230629,202500,22.7,22.71,22.7,22.7021,1800,0
BSJQ.US,5,20230629,203000,22.705,22.705,22.705,22.705,600,0
BSJQ.US,5,20230629,203500,22.705,22.71,22.705,22.705,1315,0
BSJQ.US,5,20230629,204000,22.71,22.72,22.71,22.72,1200,0
BSJQ.US,5,20230629,204500,22.73,22.74,22.73,22.74,400,0
BSJQ.US,5,20230629,205000,22.74,22.74,22.735,22.735,1400,0
BSJQ.US,5,20230629,205500,22.735,22.735,22.73,22.735,1500,0
BSJQ.US,5,20230629,210000,22.735,22.735,22.735,22.735,1000,0
BSJQ.US,5,20230629,210500,22.73,22.735,22.73,22.73,1500,0
BSJQ.US,5,20230629,211000,22.735,22.735,22.735,22.735,1500,0
BSJQ.US,5,20230629,211500,22.735,22.735,22.735,22.735,1000,0
BSJQ.US,5,20230629,212000,22.735,22.735,22.735,22.735,1801,0
BSJQ.US,5,20230629,212500,22.735,22.735,22.735,22.735,1000,0
BSJQ.US,5,20230629,213000,22.735,22.735,22.735,22.735,1800,0
BSJQ.US,5,20230629,213500,22.73,22.735,22.73,22.735,1700,0
BSJQ.US,5,20230629,214000,22.735,22.735,22.735,22.735,2600,0
BSJQ.US,5,20230629,214500,22.735,22.74,22.735,22.735,2000,0
BSJQ.US,5,20230629,215000,22.735,22.74,22.735,22.735,2400,0
BSJQ.US,5,20230629,215500,22.735,22.74,22.73,22.73,9335,0
BSJQ.US,5,20230630,153000,22.785,22.785,22.785,22.785,332,0
BSJQ.US,5,20230630,153500,22.7701,22.7799,22.7701,22.7799,399,0
BSJQ.US,5,20230630,154000,22.78,22.78,22.77,22.77,2000,0
BSJQ.US,5,20230630,161500,22.79,22.79,22.79,22.79,100,0
BSJQ.US,5,20230630,162000,22.8,22.8,22.8,22.8,200,0
BSJQ.US,5,20230630,163000,22.78,22.78,22.78,22.78,200,0
BSJQ.US,5,20230630,163500,22.77,22.77,22.77,22.77,100,0
BSJQ.US,5,20230630,165000,22.77,22.78,22.77,22.78,22027,0
BSJQ.US,5,20230630,165500,22.765,22.765,22.765,22.765,611,0
BSJQ.US,5,20230630,171000,22.78,22.795,22.775,22.79,25020,0
BSJQ.US,5,20230630,171500,22.79,22.795,22.785,22.79,6800,0
BSJQ.US,5,20230630,172500,22.7717,22.7717,22.7717,22.7717,100,0
BSJQ.US,5,20230630,173500,22.78,22.78,22.78,22.78,325,0
BSJQ.US,5,20230630,174000,22.779,22.779,22.779,22.779,1991,0
BSJQ.US,5,20230630,175000,22.7709,22.785,22.77,22.78,22988,0
BSJQ.US,5,20230630,180000,22.79,22.79,22.79,22.79,100,0
BSJQ.US,5,20230630,180500,22.785,22.785,22.785,22.785,100,0
BSJQ.US,5,20230630,181000,22.7801,22.7801,22.7801,22.7801,201,0
BSJQ.US,5,20230630,183000,22.7995,22.7995,22.7995,22.7995,431,0
BSJQ.US,5,20230630,183500,22.7901,22.7901,22.7901,22.7901,230,0
BSJQ.US,5,20230630,184500,22.79,22.8091,22.79,22.8091,9576,0
BSJQ.US,5,20230630,185500,22.8099,22.8099,22.8099,22.8099,352,0
BSJQ.US,5,20230630,190000,22.8087,22.8087,22.8087,22.8087,800,0
BSJQ.US,5,20230630,191500,22.82,22.825,22.815,22.815,754,0
BSJQ.US,5,20230630,193000,22.815,22.815,22.815,22.815,693,0
BSJQ.US,5,20230630,200500,22.8221,22.8221,22.8221,22.8221,500,0
BSJQ.US,5,20230630,202000,22.8209,22.8209,22.8209,22.8209,160,0
BSJQ.US,5,20230630,205500,22.835,22.835,22.835,22.835,359,0
BSJQ.US,5,20230630,210000,22.825,22.825,22.825,22.825,100,0
BSJQ.US,5,20230630,211000,22.8282,22.8282,22.8282,22.8282,250,0
BSJQ.US,5,20230630,211500,22.8291,22.8291,22.8291,22.8291,1317,0
BSJQ.US,5,20230630,212000,22.82,22.82,22.82,22.82,247,0
BSJQ.US,5,20230630,213500,22.82,22.825,22.82,22.825,200,0
BSJQ.US,5,20230630,214000,22.82,22.82,22.8101,22.8101,925,0
BSJQ.US,5,20230630,214500,22.815,22.815,22.815,22.815,100,0
BSJQ.US,5,20230630,215000,22.815,22.815,22.815,22.815,500,0
BSJQ.US,5,20230630,215500,22.81,22.81,22.8,22.81,1651,0
BSJQ.US,5,20230703,153000,22.8,22.8,22.8,22.8,1425,0
BSJQ.US,5,20230703,153500,22.79,22.7996,22.79,22.7996,404,0
BSJQ.US,5,20230703,154500,22.76,22.76,22.76,22.76,100,0
BSJQ.US,5,20230703,155000,22.75,22.75,22.75,22.75,626,0
BSJQ.US,5,20230703,155500,22.76,22.76,22.7415,22.7415,5489,0
BSJQ.US,5,20230703,161000,22.76,22.76,22.76,22.76,100,0
BSJQ.US,5,20230703,162000,22.76,22.76,22.76,22.76,191,0
BSJQ.US,5,20230703,163500,22.76,22.765,22.7552,22.7608,21800,0
BSJQ.US,5,20230703,164000,22.7637,22.7637,22.7637,22.7637,1200,0
BSJQ.US,5,20230703,165000,22.7629,22.7694,22.7629,22.7694,418,0
BSJQ.US,5,20230703,165500,22.765,22.765,22.765,22.765,200,0
BSJQ.US,5,20230703,170000,22.755,22.755,22.7501,22.7532,1451,0
BSJQ.US,5,20230703,170500,22.7501,22.7501,22.7501,22.7501,150,0
BSJQ.US,5,20230703,175000,22.77,22.77,22.77,22.77,400,0
BSJQ.US,5,20230703,180000,22.7757,22.7757,22.7757,22.7757,2195,0
BSJQ.US,5,20230703,182500,22.77,22.77,22.77,22.77,131,0
BSJQ.US,5,20230703,183000,22.7705,22.7705,22.7701,22.7701,1390,0
BSJQ.US,5,20230703,184000,22.78,22.78,22.775,22.775,416,0
BSJQ.US,5,20230705,153000,22.78,22.78,22.77,22.77,3322,0
BSJQ.US,5,20230705,154500,22.7315,22.7315,22.7315,22.7315,3330,0
BSJQ.US,5,20230705,155000,22.7398,22.745,22.7398,22.745,648,0
BSJQ.US,5,20230705,160500,22.7399,22.7399,22.73,22.7302,2917,0
BSJQ.US,5,20230705,162500,22.74,22.74,22.74,22.74,100,0
BSJQ.US,5,20230705,165500,22.755,22.755,22.755,22.755,250,0
BSJQ.US,5,20230705,170000,22.75,22.755,22.75,22.755,2792,0
BSJQ.US,5,20230705,170500,22.75,22.7501,22.74,22.74,2367,0
BSJQ.US,5,20230705,172000,22.735,22.735,22.734,22.734,806,0
BSJQ.US,5,20230705,172500,22.7399,22.7399,22.7399,22.7399,381,0
BSJQ.US,5,20230705,173000,22.7399,22.7399,22.7399,22.7399,102,0
BSJQ.US,5,20230705,173500,22.74,22.75,22.7308,22.745,3112,0
BSJQ.US,5,20230705,175000,22.74,22.74,22.74,22.74,100,0
BSJQ.US,5,20230705,183000,22.72,22.72,22.72,22.72,1000,0
BSJQ.US,5,20230705,184500,22.715,22.715,22.715,22.715,200,0
BSJQ.US,5,20230705,185000,22.71,22.71,22.71,22.71,100,0
BSJQ.US,5,20230705,190500,22.71,22.72,22.71,22.72,2201,0
BSJQ.US,5,20230705,191000,22.705,22.705,22.705,22.705,484,0
BSJQ.US,5,20230705,191500,22.705,22.705,22.705,22.705,200,0
BSJQ.US,5,20230705,192000,22.71,22.71,22.69,22.7006,11526,0
BSJQ.US,5,20230705,192500,22.7,22.7,22.7,22.7,250,0
BSJQ.US,5,20230705,193500,22.724,22.724,22.724,22.724,100,0
BSJQ.US,5,20230705,194000,22.7299,22.7299,22.7299,22.7299,1270,0
BSJQ.US,5,20230705,195500,22.72,22.72,22.72,22.72,128,0
BSJQ.US,5,20230705,200500,22.73,22.74,22.73,22.74,200,0
BSJQ.US,5,20230705,202000,22.735,22.735,22.735,22.735,132,0
BSJQ.US,5,20230705,202500,22.735,22.735,22.735,22.735,146,0
BSJQ.US,5,20230705,203500,22.7304,22.7304,22.7304,22.7304,175,0
BSJQ.US,5,20230705,204000,22.73,22.73,22.73,22.73,154,0
BSJQ.US,5,20230705,205000,22.73,22.73,22.73,22.73,139,0
BSJQ.US,5,20230705,205500,22.7386,22.7386,22.7386,22.7386,1000,0
BSJQ.US,5,20230705,210000,22.74,22.74,22.74,22.74,4370,0
BSJQ.US,5,20230705,210500,22.7399,22.7399,22.7399,22.7399,151,0
BSJQ.US,5,20230705,211500,22.7399,22.74,22.7399,22.74,3150,0
BSJQ.US,5,20230705,212000,22.7394,22.7394,22.7301,22.7301,675,0
BSJQ.US,5,20230705,213000,22.7385,22.7385,22.7385,22.7385,1000,0
BSJQ.US,5,20230705,213500,22.735,22.735,22.735,22.735,355,0
BSJQ.US,5,20230705,215000,22.7381,22.745,22.7381,22.745,900,0
BSJQ.US,5,20230705,215500,22.745,22.745,22.74,22.74,300,0
BSJQ.US,5,20230706,153000,22.6,22.61,22.6,22.61,727,0
BSJQ.US,5,20230706,153500,22.61,22.62,22.6,22.6106,4800,0
BSJQ.US,5,20230706,154000,22.6106,22.6106,22.61,22.61,1800,0
BSJQ.US,5,20230706,154500,22.6193,22.6193,22.6193,22.6193,550,0
BSJQ.US,5,20230706,155000,22.6,22.6,22.6,22.6,100,0
BSJQ.US,5,20230706,160000,22.59,22.59,22.57,22.57,718,0
BSJQ.US,5,20230706,160500,22.595,22.595,22.59,22.59,761,0
BSJQ.US,5,20230706,161500,22.6,22.6,22.6,22.6,100,0
BSJQ.US,5,20230706,164000,22.59,22.59,22.59,22.59,100,0
BSJQ.US,5,20230706,164500,22.59,22.59,22.583,22.583,439,0
BSJQ.US,5,20230706,170500,22.59,22.59,22.59,22.59,165,0
BSJQ.US,5,20230706,172000,22.58,22.58,22.58,22.58,100,0
BSJQ.US,5,20230706,172500,22.57,22.59,22.57,22.59,2232,0
BSJQ.US,5,20230706,173000,22.5944,22.5944,22.5944,22.5944,137,0
BSJQ.US,5,20230706,173500,22.6012,22.6012,22.6,22.6,517,0
BSJQ.US,5,20230706,175000,22.6109,22.6109,22.6109,22.6109,245,0
BSJQ.US,5,20230706,180500,22.6299,22.6299,22.6299,22.6299,654,0
BSJQ.US,5,20230706,185500,22.64,22.64,22.64,22.64,100,0
BSJQ.US,5,20230706,192000,22.6408,22.6408,22.6408,22.6408,140,0
BSJQ.US,5,20230706,193500,22.64,22.64,22.64,22.64,280,0
BSJQ.US,5,20230706,194500,22.648,22.6484,22.645,22.645,2064,0
BSJQ.US,5,20230706,195000,22.6482,22.6482,22.6482,22.6482,275,0
BSJQ.US,5,20230706,195500,22.64,22.64,22.64,22.64,200,0
BSJQ.US,5,20230706,200000,22.64,22.64,22.6399,22.6399,557,0
BSJQ.US,5,20230706,200500,22.6399,22.6399,22.6399,22.6399,168,0
BSJQ.US,5,20230706,201000,22.64,22.64,22.64,22.64,1200,0
BSJQ.US,5,20230706,201500,22.64,22.64,22.64,22.64,2240,0
BSJQ.US,5,20230706,202000,22.64,22.64,22.64,22.64,2600,0
BSJQ.US,5,20230706,202500,22.64,22.645,22.64,22.645,3298,0
BSJQ.US,5,20230706,203000,22.645,22.645,22.645,22.645,2660,0
BSJQ.US,5,20230706,203500,22.645,22.645,22.645,22.645,3061,0
BSJQ.US,5,20230706,204000,22.645,22.645,22.645,22.645,2896,0
BSJQ.US,5,20230706,204500,22.65,22.65,22.65,22.65,3000,0
BSJQ.US,5,20230706,205000,22.65,22.65,22.65,22.65,3600,0
BSJQ.US,5,20230706,205500,22.65,22.65,22.65,22.65,2900,0
BSJQ.US,5,20230706,210000,22.65,22.66,22.65,22.655,3784,0
BSJQ.US,5,20230706,210500,22.655,22.655,22.65,22.655,11029,0
BSJQ.US,5,20230706,211000,22.65,22.66,22.65,22.66,47779,0
BSJQ.US,5,20230706,211500,22.6566,22.6566,22.6566,22.6566,295,0
BSJQ.US,5,20230706,212500,22.655,22.655,22.655,22.655,559,0
BSJQ.US,5,20230706,213500,22.65,22.655,22.65,22.655,911,0
BSJQ.US,5,20230706,214000,22.66,22.66,22.655,22.655,2000,0
BSJQ.US,5,20230706,214500,22.655,22.659,22.65,22.65,2293,0
BSJQ.US,5,20230706,215000,22.655,22.655,22.655,22.655,1100,0
BSJQ.US,5,20230707,153000,22.63,22.63,22.6,22.6,368,0
BSJQ.US,5,20230707,155500,22.6502,22.6502,22.6502,22.6502,750,0
BSJQ.US,5,20230707,160000,22.67,22.67,22.67,22.67,400,0
BSJQ.US,5,20230707,161000,22.6772,22.6772,22.6772,22.6772,500,0
BSJQ.US,5,20230707,161500,22.6767,22.6767,22.6767,22.6767,1000,0
BSJQ.US,5,20230707,162000,22.67,22.67,22.67,22.67,645,0
BSJQ.US,5,20230707,164000,22.6801,22.69,22.6801,22.69,1100,0
BSJQ.US,5,20230707,164500,22.695,22.695,22.695,22.695,1000,0
BSJQ.US,5,20230707,170500,22.7,22.71,22.7,22.71,200,0
BSJQ.US,5,20230707,171000,22.705,22.705,22.7,22.7,425,0
BSJQ.US,5,20230707,172500,22.7,22.7,22.7,22.7,123,0
BSJQ.US,5,20230707,174000,22.7,22.7033,22.7,22.7,2690,0
BSJQ.US,5,20230707,180000,22.72,22.72,22.72,22.72,100,0
BSJQ.US,5,20230707,181500,22.72,22.72,22.72,22.72,2536,0
BSJQ.US,5,20230707,182000,22.7101,22.7101,22.7101,22.7101,442,0
BSJQ.US,5,20230707,184500,22.7161,22.7189,22.7161,22.7189,438,0
BSJQ.US,5,20230707,185000,22.71,22.73,22.71,22.73,20730,0
BSJQ.US,5,20230707,185500,22.735,22.74,22.73,22.73,7470,0
BSJQ.US,5,20230707,192000,22.7155,22.7155,22.7155,22.7155,500,0
BSJQ.US,5,20230707,192500,22.7299,22.7299,22.7299,22.7299,1200,0
BSJQ.US,5,20230707,193500,22.72,22.72,22.7,22.71,695,0
BSJQ.US,5,20230707,194000,22.71,22.7134,22.71,22.7134,2636,0
BSJQ.US,5,20230707,194500,22.7192,22.7192,22.7192,22.7192,2120,0
BSJQ.US,5,20230707,195000,22.7,22.705,22.7,22.705,2100,0
BSJQ.US,5,20230707,195500,22.7,22.7,22.7,22.7,100,0
BSJQ.US,5,20230707,200500,22.685,22.685,22.685,22.685,131,0
BSJQ.US,5,20230707,201500,22.6801,22.6801,22.6801,22.6801,125,0
BSJQ.US,5,20230707,202500,22.7,22.7,22.7,22.7,1582,0
BSJQ.US,5,20230707,203000,22.69,22.69,22.69,22.69,2264,0
BSJQ.US,5,20230707,205000,22.6893,22.6893,22.6893,22.6893,187,0
BSJQ.US,5,20230707,205500,22.68,22.68,22.68,22.68,304,0
BSJQ.US,5,20230707,210000,22.67,22.67,22.67,22.67,100,0
BSJQ.US,5,20230707,211000,22.6799,22.6799,22.6799,22.6799,307,0
BSJQ.US,5,20230707,212500,22.65,22.65,22.65,22.65,100,0
BSJQ.US,5,20230707,213500,22.65,22.659,22.65,22.65,1309,0
BSJQ.US,5,20230707,214000,22.64,22.65,22.64,22.64,1465,0
BSJQ.US,5,20230707,214500,22.645,22.645,22.63,22.63,800,0
BSJQ.US,5,20230707,215500,22.6293,22.6293,22.6293,22.6293,663,0
