<TICKER>,<PER>,<DATE>,<TIME>,<OPEN>,<HIGH>,<LOW>,<CLOSE>,<VOL>,<OPENINT>
BSJS.US,5,20230522,153000,20.85,20.85,20.78,20.78,1402,0
BSJS.US,5,20230522,162500,20.86,20.87,20.8398,20.8398,1900,0
BSJS.US,5,20230522,165500,20.78,20.78,20.78,20.78,102,0
BSJS.US,5,20230522,170000,20.78,20.78,20.78,20.78,792,0
BSJS.US,5,20230522,171000,20.86,20.86,20.86,20.86,200,0
BSJS.US,5,20230522,172000,20.87,20.87,20.86,20.86,200,0
BSJS.US,5,20230522,174000,20.9,20.9099,20.845,20.9,6179,0
BSJS.US,5,20230522,181000,20.89,20.89,20.89,20.89,100,0
BSJS.US,5,20230522,183000,20.89,20.91,20.89,20.91,490,0
BSJS.US,5,20230522,190500,20.89,20.89,20.89,20.89,100,0
BSJS.US,5,20230522,193500,20.91,20.91,20.91,20.91,100,0
BSJS.US,5,20230522,200500,20.91,20.91,20.91,20.91,100,0
BSJS.US,5,20230522,201000,20.88,20.88,20.86,20.86,400,0
BSJS.US,5,20230522,202500,20.9098,20.9098,20.9098,20.9098,177,0
BSJS.US,5,20230522,205000,20.9,20.9,20.9,20.9,500,0
BSJS.US,5,20230522,205500,20.9,20.9,20.9,20.9,100,0
BSJS.US,5,20230522,210000,20.9,20.9,20.9,20.9,100,0
BSJS.US,5,20230522,211000,20.9,20.9,20.9,20.9,100,0
BSJS.US,5,20230522,211500,20.9,20.9,20.9,20.9,100,0
BSJS.US,5,20230522,212000,20.9,20.9,20.89,20.89,300,0
BSJS.US,5,20230522,213000,20.92,20.92,20.92,20.92,100,0
BSJS.US,5,20230522,213500,20.92,20.93,20.92,20.93,200,0
BSJS.US,5,20230522,214000,20.92,20.92,20.92,20.92,100,0
BSJS.US,5,20230522,214500,20.92,20.92,20.92,20.92,200,0
BSJS.US,5,20230522,215000,20.93,20.93,20.93,20.93,100,0
BSJS.US,5,20230522,215500,20.95,20.95,20.93,20.93,900,0
BSJS.US,5,20230523,162500,20.85,20.85,20.81,20.81,867,0
BSJS.US,5,20230523,163000,20.8899,20.8899,20.8899,20.8899,500,0
BSJS.US,5,20230523,171000,20.85,20.85,20.85,20.85,192,0
BSJS.US,5,20230523,180000,20.82,20.82,20.82,20.82,100,0
BSJS.US,5,20230523,182500,20.87,20.87,20.87,20.87,1424,0
BSJS.US,5,20230523,183500,20.845,20.845,20.845,20.845,836,0
BSJS.US,5,20230523,190000,20.84,20.845,20.84,20.84,1400,0
BSJS.US,5,20230523,191500,20.855,20.855,20.855,20.855,1582,0
BSJS.US,5,20230523,192000,20.835,20.835,20.835,20.835,100,0
BSJS.US,5,20230523,193000,20.84,20.85,20.84,20.84,2445,0
BSJS.US,5,20230523,194000,20.84,20.84,20.84,20.84,600,0
BSJS.US,5,20230523,194500,20.84,20.84,20.84,20.84,300,0
BSJS.US,5,20230523,201000,20.84,20.84,20.84,20.84,100,0
BSJS.US,5,20230523,201500,20.83,20.83,20.83,20.83,400,0
BSJS.US,5,20230523,202000,20.81,20.81,20.81,20.81,300,0
BSJS.US,5,20230523,202500,20.8,20.82,20.8,20.82,3000,0
BSJS.US,5,20230523,204000,20.81,20.82,20.81,20.815,1640,0
BSJS.US,5,20230523,210000,20.81,20.81,20.81,20.81,600,0
BSJS.US,5,20230523,211000,20.81,20.82,20.81,20.82,600,0
BSJS.US,5,20230523,211500,20.81,20.81,20.81,20.81,200,0
BSJS.US,5,20230523,214500,20.8199,20.8199,20.8199,20.8199,240,0
BSJS.US,5,20230523,215000,20.8,20.81,20.8,20.81,500,0
BSJS.US,5,20230523,215500,20.8,20.805,20.8,20.8,400,0
BSJS.US,5,20230524,153000,20.68,20.68,20.68,20.68,100,0
BSJS.US,5,20230524,154500,20.706,20.754,20.706,20.754,250,0
BSJS.US,5,20230524,155000,20.71,20.71,20.71,20.71,100,0
BSJS.US,5,20230524,160500,20.705,20.705,20.705,20.705,100,0
BSJS.US,5,20230524,162000,20.7,20.7,20.7,20.7,200,0
BSJS.US,5,20230524,164500,20.62,20.62,20.62,20.62,190,0
BSJS.US,5,20230524,171000,20.65,20.74,20.65,20.74,3975,0
BSJS.US,5,20230524,174000,20.65,20.66,20.65,20.65,1490,0
BSJS.US,5,20230524,174500,20.642,20.642,20.642,20.642,393,0
BSJS.US,5,20230524,191500,20.65,20.65,20.65,20.65,322,0
BSJS.US,5,20230524,193000,20.61,20.61,20.61,20.61,280,0
BSJS.US,5,20230524,200500,20.68,20.68,20.68,20.68,400,0
BSJS.US,5,20230524,210000,20.68,20.68,20.68,20.68,300,0
BSJS.US,5,20230524,211500,20.581,20.581,20.581,20.581,725,0
BSJS.US,5,20230524,215500,20.68,20.7,20.68,20.7,5420,0
BSJS.US,5,20230525,154000,20.665,20.665,20.665,20.665,338,0
BSJS.US,5,20230525,170500,20.71,20.71,20.71,20.71,150,0
BSJS.US,5,20230525,175000,20.67,20.67,20.67,20.67,100,0
BSJS.US,5,20230525,183500,20.6899,20.6899,20.67,20.6742,3571,0
BSJS.US,5,20230525,184000,20.655,20.655,20.655,20.655,100,0
BSJS.US,5,20230525,193000,20.67,20.67,20.67,20.67,100,0
BSJS.US,5,20230525,210000,20.66,20.66,20.66,20.66,300,0
BSJS.US,5,20230525,211500,20.66,20.665,20.66,20.66,800,0
BSJS.US,5,20230525,215000,20.68,20.68,20.68,20.68,500,0
BSJS.US,5,20230525,215500,20.63,20.645,20.63,20.645,300,0
BSJS.US,5,20230526,153000,20.64,20.64,20.6,20.63,1090,0
BSJS.US,5,20230526,154500,20.65,20.65,20.6491,20.65,1084,0
BSJS.US,5,20230526,173000,20.72,20.72,20.72,20.72,200,0
BSJS.US,5,20230526,181000,20.72,20.74,20.72,20.74,600,0
BSJS.US,5,20230526,182500,20.73,20.73,20.73,20.73,900,0
BSJS.US,5,20230526,185500,20.73,20.73,20.73,20.73,900,0
BSJS.US,5,20230526,190000,20.73,20.73,20.73,20.73,100,0
BSJS.US,5,20230526,191000,20.73,20.74,20.73,20.73,900,0
BSJS.US,5,20230526,192000,20.73,20.73,20.68,20.68,1700,0
BSJS.US,5,20230526,192500,20.68,20.68,20.68,20.68,1000,0
BSJS.US,5,20230526,193000,20.68,20.68,20.68,20.68,100,0
BSJS.US,5,20230526,193500,20.67,20.68,20.67,20.68,400,0
BSJS.US,5,20230526,194000,20.68,20.68,20.68,20.68,700,0
BSJS.US,5,20230526,194500,20.68,20.68,20.68,20.68,100,0
BSJS.US,5,20230526,195000,20.68,20.68,20.68,20.68,200,0
BSJS.US,5,20230526,195500,20.7,20.7,20.7,20.7,400,0
BSJS.US,5,20230526,200000,20.69,20.69,20.69,20.69,100,0
BSJS.US,5,20230526,200500,20.65,20.65,20.62,20.62,14800,0
BSJS.US,5,20230526,201000,20.62,20.62,20.62,20.62,29952,0
BSJS.US,5,20230526,201500,20.62,20.63,20.62,20.63,12070,0
BSJS.US,5,20230526,202000,20.71,20.71,20.71,20.71,100,0
BSJS.US,5,20230526,202500,20.71,20.72,20.71,20.72,200,0
BSJS.US,5,20230526,203000,20.72,20.72,20.72,20.72,100,0
BSJS.US,5,20230526,203500,20.73,20.73,20.73,20.73,100,0
BSJS.US,5,20230526,204000,20.73,20.73,20.73,20.73,200,0
BSJS.US,5,20230526,204500,20.73,20.73,20.73,20.73,100,0
BSJS.US,5,20230526,205000,20.636,20.74,20.636,20.74,245,0
BSJS.US,5,20230526,205500,20.74,20.74,20.74,20.74,100,0
BSJS.US,5,20230526,210000,20.74,20.74,20.74,20.74,200,0
BSJS.US,5,20230526,210500,20.74,20.74,20.74,20.74,100,0
BSJS.US,5,20230526,211000,20.74,20.75,20.74,20.75,217,0
BSJS.US,5,20230526,211500,20.74,20.74,20.74,20.74,200,0
BSJS.US,5,20230526,212000,20.75,20.75,20.75,20.75,100,0
BSJS.US,5,20230526,212500,20.74,20.74,20.74,20.74,300,0
BSJS.US,5,20230526,213500,20.74,20.74,20.74,20.74,100,0
BSJS.US,5,20230526,214000,20.74,20.74,20.74,20.74,100,0
BSJS.US,5,20230526,214500,20.74,20.74,20.65,20.74,2737,0
BSJS.US,5,20230526,215000,20.74,20.74,20.74,20.74,100,0
BSJS.US,5,20230526,215500,20.74,20.75,20.74,20.74,351,0
BSJS.US,5,20230530,154500,20.81,20.82,20.81,20.8199,2900,0
BSJS.US,5,20230530,160000,20.83,20.83,20.83,20.83,100,0
BSJS.US,5,20230530,165000,20.82,20.84,20.8,20.8,1900,0
BSJS.US,5,20230530,165500,20.79,20.79,20.79,20.79,118,0
BSJS.US,5,20230530,173000,20.775,20.775,20.775,20.775,200,0
BSJS.US,5,20230530,181500,20.7919,20.7919,20.7919,20.7919,147,0
BSJS.US,5,20230530,185500,20.7501,20.7501,20.7501,20.7501,100,0
BSJS.US,5,20230530,200500,20.7999,20.7999,20.7999,20.7999,230,0
BSJS.US,5,20230530,202000,20.79,20.79,20.79,20.79,100,0
BSJS.US,5,20230530,204500,20.79,20.79,20.79,20.79,300,0
BSJS.US,5,20230530,210000,20.79,20.79,20.79,20.79,400,0
BSJS.US,5,20230530,210500,20.79,20.79,20.79,20.79,400,0
BSJS.US,5,20230530,212500,20.79,20.79,20.79,20.79,400,0
BSJS.US,5,20230530,213500,20.799,20.799,20.799,20.799,100,0
BSJS.US,5,20230530,214000,20.8,20.8,20.8,20.8,300,0
BSJS.US,5,20230530,215000,20.8,20.8,20.8,20.8,300,0
BSJS.US,5,20230530,215500,20.81,20.81,20.8,20.81,1000,0
BSJS.US,5,20230531,153000,20.85,20.85,20.85,20.85,1357,0
BSJS.US,5,20230531,154500,20.75,20.75,20.75,20.75,2406,0
BSJS.US,5,20230531,174000,20.725,20.725,20.725,20.725,241,0
BSJS.US,5,20230531,180500,20.725,20.725,20.725,20.725,471,0
BSJS.US,5,20230531,183500,20.722,20.722,20.722,20.722,351,0
BSJS.US,5,20230531,184500,20.73,20.74,20.73,20.74,1200,0
BSJS.US,5,20230531,194500,20.74,20.74,20.739,20.739,200,0
BSJS.US,5,20230531,195500,20.72,20.72,20.72,20.72,200,0
BSJS.US,5,20230531,211500,20.74,20.755,20.74,20.755,8200,0
BSJS.US,5,20230531,212000,20.74,20.76,20.735,20.735,10000,0
BSJS.US,5,20230531,213500,20.735,20.86,20.735,20.76,6000,0
BSJS.US,5,20230531,214000,20.75,20.75,20.75,20.75,200,0
BSJS.US,5,20230531,214500,20.79,20.81,20.79,20.79,2400,0
BSJS.US,5,20230531,215000,20.8,20.81,20.79,20.8,6600,0
BSJS.US,5,20230531,215500,20.77,20.79,20.75,20.75,955,0
BSJS.US,5,20230601,153000,20.79,20.79,20.79,20.79,2080,0
BSJS.US,5,20230601,160000,20.782,20.782,20.782,20.782,940,0
BSJS.US,5,20230601,175500,20.83,20.99,20.83,20.83,7457,0
BSJS.US,5,20230601,180000,20.83,20.83,20.83,20.83,500,0
BSJS.US,5,20230601,181000,20.83,20.83,20.83,20.83,200,0
BSJS.US,5,20230601,183000,20.8335,20.8335,20.8335,20.8335,176,0
BSJS.US,5,20230601,183500,20.83,20.83,20.83,20.83,100,0
BSJS.US,5,20230601,190000,20.83,20.83,20.83,20.83,100,0
BSJS.US,5,20230601,190500,20.8104,20.83,20.8104,20.83,944,0
BSJS.US,5,20230601,192000,20.84,20.84,20.84,20.84,100,0
BSJS.US,5,20230601,194500,20.84,20.84,20.84,20.84,100,0
BSJS.US,5,20230601,201000,20.85,20.85,20.85,20.85,100,0
BSJS.US,5,20230601,202000,20.85,20.87,20.85,20.87,848,0
BSJS.US,5,20230601,203500,20.87,20.87,20.87,20.87,100,0
BSJS.US,5,20230601,205500,20.87,20.87,20.87,20.87,100,0
BSJS.US,5,20230601,210000,20.89,20.89,20.88,20.88,1000,0
BSJS.US,5,20230601,210500,20.889,20.89,20.889,20.89,420,0
BSJS.US,5,20230601,211000,20.88,20.88,20.88,20.88,100,0
BSJS.US,5,20230601,211500,20.88,20.88,20.88,20.88,100,0
BSJS.US,5,20230601,214000,20.85,20.85,20.85,20.85,1200,0
BSJS.US,5,20230601,214500,20.85,20.85,20.85,20.85,200,0
BSJS.US,5,20230602,153000,20.97,20.97,20.97,20.97,963,0
BSJS.US,5,20230602,161000,20.9299,20.9299,20.9299,20.9299,238,0
BSJS.US,5,20230602,161500,20.92,20.93,20.92,20.93,400,0
BSJS.US,5,20230602,162000,20.92,20.92,20.92,20.92,100,0
BSJS.US,5,20230602,171000,20.98,20.98,20.98,20.98,100,0
BSJS.US,5,20230602,175500,20.94,20.94,20.94,20.94,200,0
BSJS.US,5,20230602,180000,20.94,21,20.9299,20.95,2136,0
BSJS.US,5,20230602,180500,20.95,20.95,20.94,20.94,500,0
BSJS.US,5,20230602,181500,20.945,20.95,20.945,20.95,400,0
BSJS.US,5,20230602,182500,20.9101,20.95,20.9101,20.95,1026,0
BSJS.US,5,20230602,184500,20.96,20.96,20.96,20.96,179,0
BSJS.US,5,20230602,190500,20.97,20.97,20.9699,20.97,522,0
BSJS.US,5,20230602,191000,21,21,21,21,100,0
BSJS.US,5,20230602,193500,21,21.005,21,21.0025,500,0
BSJS.US,5,20230602,194000,21.005,21.005,21.005,21.005,100,0
BSJS.US,5,20230602,194500,21.005,21.005,21,21,200,0
BSJS.US,5,20230602,200500,21.005,21.005,21.005,21.005,100,0
BSJS.US,5,20230602,203000,21.005,21.005,21.005,21.005,100,0
BSJS.US,5,20230602,204500,21.005,21.005,21.005,21.005,100,0
BSJS.US,5,20230602,205000,21.005,21.005,21.005,21.005,300,0
BSJS.US,5,20230602,205500,21.005,21.005,21.005,21.005,300,0
BSJS.US,5,20230602,210500,21.005,21.005,21.005,21.005,400,0
BSJS.US,5,20230602,212500,21.0387,21.0387,21.03,21.03,2200,0
BSJS.US,5,20230602,213000,21.02,21.02,21.02,21.02,390,0
BSJS.US,5,20230602,215000,21.01,21.01,21.01,21.01,652,0
BSJS.US,5,20230602,215500,21.005,21.005,21.005,21.005,200,0
BSJS.US,5,20230605,165000,20.93,20.93,20.93,20.93,200,0
BSJS.US,5,20230605,184500,20.88,20.88,20.88,20.88,504,0
BSJS.US,5,20230605,192500,20.9599,20.9599,20.95,20.95,296,0
BSJS.US,5,20230605,201500,20.8801,20.8801,20.8801,20.8801,250,0
BSJS.US,5,20230605,213500,20.94,20.95,20.93,20.93,3869,0
BSJS.US,5,20230605,215500,20.93,20.93,20.9,20.93,500,0
BSJS.US,5,20230606,153000,20.96,20.96,20.96,20.96,1370,0
BSJS.US,5,20230606,155500,20.92,20.93,20.92,20.93,1100,0
BSJS.US,5,20230606,164000,20.9185,20.9185,20.9185,20.9185,1398,0
BSJS.US,5,20230606,165000,20.92,20.95,20.92,20.94,2104,0
BSJS.US,5,20230606,165500,20.93,20.93,20.93,20.93,100,0
BSJS.US,5,20230606,172500,20.9295,20.9295,20.9295,20.9295,292,0
BSJS.US,5,20230606,174500,20.903,20.903,20.903,20.903,360,0
BSJS.US,5,20230606,180000,20.94,20.94,20.94,20.94,200,0
BSJS.US,5,20230606,184000,20.93,20.93,20.93,20.93,100,0
BSJS.US,5,20230606,184500,20.93,20.93,20.93,20.93,1100,0
BSJS.US,5,20230606,185000,20.93,20.93,20.93,20.93,200,0
BSJS.US,5,20230606,191000,20.93,20.93,20.93,20.93,100,0
BSJS.US,5,20230606,192000,20.9399,20.9399,20.9399,20.9399,160,0
BSJS.US,5,20230606,192500,20.912,20.92,20.912,20.915,1083,0
BSJS.US,5,20230606,200500,20.93,20.93,20.93,20.93,300,0
BSJS.US,5,20230606,205500,20.96,20.96,20.96,20.96,100,0
BSJS.US,5,20230606,213000,20.98,20.98,20.98,20.98,100,0
BSJS.US,5,20230606,214500,20.97,20.97,20.97,20.97,500,0
BSJS.US,5,20230606,215000,20.979,20.98,20.979,20.9799,336,0
BSJS.US,5,20230606,215500,20.98,20.99,20.98,20.98,600,0
BSJS.US,5,20230607,153000,21,21,21,21,198,0
BSJS.US,5,20230607,160500,20.998,21,20.99,21,1000,0
BSJS.US,5,20230607,162000,20.95,20.95,20.95,20.95,500,0
BSJS.US,5,20230607,171000,20.95,20.96,20.95,20.96,916,0
BSJS.US,5,20230607,173500,20.925,20.925,20.925,20.925,200,0
BSJS.US,5,20230607,185500,20.895,20.895,20.88,20.88,2762,0
BSJS.US,5,20230607,203000,20.865,20.865,20.865,20.865,344,0
BSJS.US,5,20230607,211500,20.87,20.87,20.85,20.85,3700,0
BSJS.US,5,20230608,154500,20.84,20.84,20.84,20.84,429,0
BSJS.US,5,20230608,162000,20.8869,20.8869,20.8869,20.8869,188,0
BSJS.US,5,20230608,164500,20.9,20.9,20.85,20.85,57289,0
BSJS.US,5,20230608,170500,20.93,20.95,20.9299,20.95,1100,0
BSJS.US,5,20230608,172000,20.9,20.932,20.9,20.932,243,0
BSJS.US,5,20230608,172500,20.92,20.92,20.92,20.92,290,0
BSJS.US,5,20230608,174500,20.9,20.9,20.9,20.9,100,0
BSJS.US,5,20230608,181000,20.9432,20.9432,20.9432,20.9432,143,0
BSJS.US,5,20230608,185500,20.945,20.945,20.945,20.945,416,0
BSJS.US,5,20230608,191000,21,21.01,21,21.01,3443,0
BSJS.US,5,20230608,195500,20.9999,20.9999,20.9999,20.9999,1000,0
BSJS.US,5,20230609,155500,21.0369,21.0369,21.0369,21.0369,1188,0
BSJS.US,5,20230609,172500,21.02,21.02,21.02,21.02,475,0
BSJS.US,5,20230609,173500,21.02,21.02,21.02,21.02,200,0
BSJS.US,5,20230609,185000,21.0399,21.0399,21.0266,21.0266,2300,0
BSJS.US,5,20230609,193500,21.0352,21.0352,21.0352,21.0352,263,0
BSJS.US,5,20230609,195500,21.0395,21.0395,21.0395,21.0395,100,0
BSJS.US,5,20230609,201000,21.0356,21.0356,21.0356,21.0356,318,0
BSJS.US,5,20230609,214500,21.0299,21.0299,21.0299,21.0299,712,0
BSJS.US,5,20230609,215500,21.01,21.01,21.01,21.01,200,0
BSJS.US,5,20230612,155000,21.03,21.03,21.03,21.03,234,0
BSJS.US,5,20230612,161000,20.98,20.98,20.98,20.98,2000,0
BSJS.US,5,20230612,164000,20.97,20.97,20.97,20.97,418,0
BSJS.US,5,20230612,165500,20.97,20.97,20.97,20.97,1907,0
BSJS.US,5,20230612,183500,20.975,20.975,20.975,20.975,1100,0
BSJS.US,5,20230612,184000,20.975,20.975,20.97,20.9725,3283,0
BSJS.US,5,20230612,202000,20.98,20.98,20.98,20.98,400,0
BSJS.US,5,20230612,212000,21,21,21,21,120,0
BSJS.US,5,20230612,215500,20.99,20.99,20.97,20.97,216,0
BSJS.US,5,20230613,153000,21.0599,21.0599,21.0599,21.0599,147,0
BSJS.US,5,20230613,172000,21.04,21.05,21.04,21.04,532,0
BSJS.US,5,20230613,185500,21.02,21.02,21.02,21.02,155,0
BSJS.US,5,20230613,192500,20.99,20.99,20.99,20.99,492,0
BSJS.US,5,20230613,194500,21.0599,21.0599,21.0599,21.0599,1000,0
BSJS.US,5,20230613,201000,21.0383,21.0383,21.02,21.02,2516,0
BSJS.US,5,20230613,213000,21,21,20.99,20.99,1000,0
BSJS.US,5,20230613,213500,20.98,21.0099,20.98,21.0099,1840,0
BSJS.US,5,20230613,214500,21,21,21,21,100,0
BSJS.US,5,20230614,180000,21.05,21.05,21.05,21.05,504,0
BSJS.US,5,20230614,182000,21.0599,21.0599,21.0599,21.0599,625,0
BSJS.US,5,20230614,183000,20.99,20.99,20.99,20.99,300,0
BSJS.US,5,20230614,183500,21.0599,21.0599,21.0599,21.0599,500,0
BSJS.US,5,20230614,184500,21.01,21.01,21,21.01,500,0
BSJS.US,5,20230614,191000,21.0599,21.0599,21.0599,21.0599,450,0
BSJS.US,5,20230614,191500,21.0487,21.0487,21.0487,21.0487,350,0
BSJS.US,5,20230614,202000,20.97,20.98,20.97,20.98,5375,0
BSJS.US,5,20230614,203000,20.9799,20.9799,20.9799,20.9799,120,0
BSJS.US,5,20230614,212000,20.99,21,20.99,21,570,0
BSJS.US,5,20230614,215000,21.01,21.02,20.9981,21.02,1000,0
BSJS.US,5,20230614,215500,21.02,21.02,21.02,21.02,300,0
BSJS.US,5,20230615,153000,21.03,21.03,21.03,21.03,122,0
BSJS.US,5,20230615,155000,21.06,21.06,21.06,21.06,184,0
BSJS.US,5,20230615,163000,21.085,21.085,21.085,21.085,199,0
BSJS.US,5,20230615,172000,21.07,21.07,21.07,21.07,138,0
BSJS.US,5,20230615,185500,21.075,21.075,21.06,21.06,227,0
BSJS.US,5,20230615,190500,21.0735,21.0735,21.0735,21.0735,103,0
BSJS.US,5,20230615,194000,21.08,21.09,21.08,21.0885,5600,0
BSJS.US,5,20230615,211000,21.109,21.11,21.109,21.11,900,0
BSJS.US,5,20230615,211500,21.1099,21.1099,21.1099,21.1099,343,0
BSJS.US,5,20230615,212000,21.08,21.1,21.08,21.0899,1600,0
BSJS.US,5,20230615,213500,21.1,21.11,21.1,21.11,2960,0
BSJS.US,5,20230615,214500,21.11,21.11,21.11,21.11,600,0
BSJS.US,5,20230615,215000,21.105,21.105,21.105,21.105,400,0
BSJS.US,5,20230615,215500,21.11,21.115,21.105,21.11,900,0
BSJS.US,5,20230616,174500,21.0823,21.0823,21.0823,21.0823,323,0
BSJS.US,5,20230616,181000,21.06,21.09,21.06,21.0732,600,0
BSJS.US,5,20230616,183000,21.0418,21.0418,21.0418,21.0418,700,0
BSJS.US,5,20230616,183500,21.09,21.09,21.09,21.09,100,0
BSJS.US,5,20230616,201000,21.09,21.09,21.06,21.06,700,0
BSJS.US,5,20230616,203000,21.0984,21.0984,21.0984,21.0984,200,0
BSJS.US,5,20230616,203500,21.0999,21.0999,21.0999,21.0999,1000,0
BSJS.US,5,20230616,205500,21.09,21.09,21.062,21.062,900,0
BSJS.US,5,20230616,211500,21.0999,21.0999,21.0999,21.0999,400,0
BSJS.US,5,20230616,212000,21.08,21.08,21.08,21.08,130,0
BSJS.US,5,20230616,214500,21.09,21.09,21.09,21.09,100,0
BSJS.US,5,20230616,215000,21.1,21.1,21.1,21.1,100,0
BSJS.US,5,20230616,215500,21.1,21.1,21.1,21.1,600,0
BSJS.US,5,20230620,155500,20.91,20.91,20.89,20.89,1100,0
BSJS.US,5,20230620,170500,20.92,20.93,20.9199,20.93,1157,0
BSJS.US,5,20230620,183500,20.915,20.915,20.915,20.915,436,0
BSJS.US,5,20230620,185000,20.9484,20.9484,20.9343,20.9343,1628,0
BSJS.US,5,20230620,185500,20.9494,20.9494,20.9494,20.9494,900,0
BSJS.US,5,20230620,191000,20.9599,20.9599,20.9599,20.9599,400,0
BSJS.US,5,20230620,193500,20.95,20.95,20.95,20.95,300,0
BSJS.US,5,20230620,200500,20.95,20.95,20.95,20.95,238,0
BSJS.US,5,20230620,201000,20.9599,20.9599,20.9599,20.9599,540,0
BSJS.US,5,20230620,211500,20.96,20.96,20.96,20.96,500,0
BSJS.US,5,20230620,212000,20.95,20.95,20.93,20.94,2177,0
BSJS.US,5,20230620,214500,20.93,20.93,20.93,20.93,100,0
BSJS.US,5,20230620,215000,20.95,20.95,20.95,20.95,200,0
BSJS.US,5,20230620,215500,20.94,20.94,20.94,20.94,200,0
BSJS.US,5,20230621,164000,20.835,20.85,20.835,20.8362,489,0
BSJS.US,5,20230621,174000,20.85,20.85,20.8362,20.8362,400,0
BSJS.US,5,20230621,184500,20.81,20.8299,20.79,20.8299,604,0
BSJS.US,5,20230621,194000,20.805,20.805,20.805,20.805,250,0
BSJS.US,5,20230621,211000,20.8995,20.8995,20.8995,20.8995,276,0
BSJS.US,5,20230621,211500,20.876,20.89,20.876,20.88,1039,0
BSJS.US,5,20230621,212500,20.89,20.89,20.89,20.89,200,0
BSJS.US,5,20230622,153000,20.84,20.84,20.81,20.81,4007,0
BSJS.US,5,20230622,155000,20.79,20.79,20.79,20.79,192,0
BSJS.US,5,20230622,163000,20.8599,20.8599,20.8599,20.8599,400,0
BSJS.US,5,20230622,185000,20.82,20.82,20.82,20.82,100,0
BSJS.US,5,20230622,185500,20.82,20.82,20.82,20.82,100,0
BSJS.US,5,20230622,191500,20.7826,20.7826,20.7826,20.7826,400,0
BSJS.US,5,20230622,195500,20.8281,20.8281,20.795,20.795,2600,0
BSJS.US,5,20230622,205500,20.82,20.82,20.82,20.82,100,0
BSJS.US,5,20230622,211500,20.82,20.82,20.82,20.82,100,0
BSJS.US,5,20230622,215500,20.81,20.82,20.795,20.795,700,0
BSJS.US,5,20230623,153000,20.79,20.79,20.79,20.79,233,0
BSJS.US,5,20230623,153500,20.77,20.77,20.74,20.74,218,0
BSJS.US,5,20230623,161000,20.79,20.79,20.79,20.79,281,0
BSJS.US,5,20230623,172500,20.73,20.73,20.73,20.73,300,0
BSJS.US,5,20230623,174500,20.73,20.7499,20.73,20.7494,5000,0
BSJS.US,5,20230623,181500,20.7334,20.7334,20.7334,20.7334,196,0
BSJS.US,5,20230623,182500,20.7499,20.7499,20.74,20.74,2292,0
BSJS.US,5,20230623,183000,20.74,20.74,20.74,20.74,485,0
BSJS.US,5,20230623,183500,20.74,20.74,20.74,20.74,200,0
BSJS.US,5,20230623,184000,20.7499,20.7499,20.7499,20.7499,195,0
BSJS.US,5,20230623,202500,20.7403,20.7403,20.7403,20.7403,1913,0
BSJS.US,5,20230623,205500,20.7491,20.75,20.7491,20.75,942,0
BSJS.US,5,20230623,210000,20.74,20.74,20.73,20.73,339,0
BSJS.US,5,20230623,215500,20.74,20.74,20.74,20.74,100,0
BSJS.US,5,20230626,160000,20.77,20.8,20.77,20.8,301,0
BSJS.US,5,20230626,170000,20.78,20.78,20.7573,20.7678,600,0
BSJS.US,5,20230626,174500,20.78,20.78,20.78,20.78,1480,0
BSJS.US,5,20230626,175000,20.76,20.76,20.76,20.76,1052,0
BSJS.US,5,20230626,192000,20.7899,20.7899,20.7765,20.7765,4718,0
BSJS.US,5,20230626,192500,20.78,20.78,20.78,20.78,437,0
BSJS.US,5,20230626,211500,20.79,20.79,20.789,20.79,858,0
BSJS.US,5,20230626,214000,20.8199,20.8199,20.8199,20.8199,213,0
BSJS.US,5,20230627,155500,20.8,20.8,20.8,20.8,100,0
BSJS.US,5,20230627,180500,20.79,20.8401,20.79,20.8401,254,0
BSJS.US,5,20230627,183000,20.8599,20.8599,20.8599,20.8599,300,0
BSJS.US,5,20230627,191000,20.815,20.815,20.815,20.815,150,0
BSJS.US,5,20230627,193000,20.8584,20.8584,20.8584,20.8584,2500,0
BSJS.US,5,20230627,193500,20.85,20.85,20.83,20.83,23444,0
BSJS.US,5,20230627,194000,20.82,20.82,20.82,20.82,686,0
BSJS.US,5,20230627,194500,20.85,20.86,20.85,20.85,1200,0
BSJS.US,5,20230627,203500,20.85,20.86,20.85,20.85,2868,0
BSJS.US,5,20230627,204500,20.83,20.83,20.83,20.83,37229,0
BSJS.US,5,20230627,205000,20.85,20.85,20.84,20.84,452,0
BSJS.US,5,20230627,211000,20.8383,20.8383,20.8383,20.8383,1145,0
BSJS.US,5,20230628,153000,20.86,20.86,20.8286,20.8286,7594,0
BSJS.US,5,20230628,163500,20.83,20.84,20.83,20.84,479,0
BSJS.US,5,20230628,173000,20.86,20.869,20.86,20.869,500,0
BSJS.US,5,20230628,174500,20.8691,20.8691,20.8691,20.8691,1655,0
BSJS.US,5,20230628,184500,20.89,20.89,20.89,20.89,100,0
BSJS.US,5,20230628,185500,20.875,20.875,20.875,20.875,2172,0
BSJS.US,5,20230628,190500,20.89,20.89,20.8832,20.8832,2200,0
BSJS.US,5,20230628,191500,20.89,20.89,20.8875,20.8875,200,0
BSJS.US,5,20230628,193000,20.89,20.89,20.89,20.89,100,0
BSJS.US,5,20230628,204000,20.93,20.93,20.93,20.93,100,0
BSJS.US,5,20230628,204500,20.93,20.95,20.93,20.95,1200,0
BSJS.US,5,20230628,211000,20.93,20.93,20.93,20.93,100,0
BSJS.US,5,20230628,211500,20.91,20.9399,20.91,20.91,1364,0
BSJS.US,5,20230628,215000,20.93,20.93,20.93,20.93,100,0
BSJS.US,5,20230628,215500,20.93,20.94,20.93,20.93,19376,0
BSJS.US,5,20230629,153000,20.85,20.85,20.81,20.84,2270,0
BSJS.US,5,20230629,162500,20.83,20.84,20.83,20.84,998,0
BSJS.US,5,20230629,164500,20.8299,20.8299,20.81,20.81,2500,0
BSJS.US,5,20230629,165000,20.8299,20.8299,20.82,20.82,1200,0
BSJS.US,5,20230629,172500,20.805,20.84,20.805,20.84,3600,0
BSJS.US,5,20230629,180500,20.8399,20.8399,20.8399,20.8399,975,0
BSJS.US,5,20230629,181500,20.83,20.845,20.83,20.84,3840,0
BSJS.US,5,20230629,184500,20.8495,20.8495,20.845,20.845,485,0
BSJS.US,5,20230629,192000,20.8497,20.8497,20.845,20.845,8195,0
BSJS.US,5,20230629,194500,20.85,20.85,20.84,20.84,300,0
BSJS.US,5,20230629,201000,20.845,20.845,20.84,20.84,1900,0
BSJS.US,5,20230629,202000,20.845,20.845,20.845,20.845,200,0
BSJS.US,5,20230629,211500,20.86,20.86,20.86,20.86,100,0
BSJS.US,5,20230629,215500,20.87,20.87,20.87,20.87,300,0
BSJS.US,5,20230630,165500,20.935,20.96,20.935,20.9465,1400,0
BSJS.US,5,20230630,170000,20.9546,20.9546,20.9546,20.9546,252,0
BSJS.US,5,20230630,175000,20.97,20.97,20.97,20.97,189,0
BSJS.US,5,20230630,191000,20.9692,20.9692,20.9692,20.9692,200,0
BSJS.US,5,20230630,193000,20.97,20.99,20.9699,20.99,2640,0
BSJS.US,5,20230630,202000,20.985,20.985,20.985,20.985,172,0
BSJS.US,5,20230630,205000,21.019,21.03,21.01,21.02,20648,0
BSJS.US,5,20230630,210000,21.01,21.01,21.01,21.01,100,0
BSJS.US,5,20230703,153000,20.95,20.95,20.95,20.95,100,0
BSJS.US,5,20230703,155000,20.95,20.95,20.95,20.95,463,0
BSJS.US,5,20230703,155500,20.91,20.91,20.91,20.91,532,0
BSJS.US,5,20230703,170000,20.9643,20.9643,20.9643,20.9643,432,0
BSJS.US,5,20230703,173000,20.97,20.9799,20.95,20.97,2350,0
BSJS.US,5,20230703,173500,20.9799,20.9799,20.9799,20.9799,1250,0
BSJS.US,5,20230703,174000,20.97,20.9787,20.97,20.97,7100,0
BSJS.US,5,20230703,185500,20.97,20.97,20.97,20.97,100,0
BSJS.US,5,20230705,153000,20.94,20.94,20.94,20.94,124,0
BSJS.US,5,20230705,154500,20.95,20.95,20.875,20.875,3716,0
BSJS.US,5,20230705,161000,20.95,20.95,20.95,20.95,300,0
BSJS.US,5,20230705,161500,20.94,20.94,20.94,20.94,200,0
BSJS.US,5,20230705,162000,20.94,20.94,20.94,20.94,200,0
BSJS.US,5,20230705,162500,20.94,20.94,20.94,20.94,200,0
BSJS.US,5,20230705,163000,20.94,20.94,20.94,20.94,200,0
BSJS.US,5,20230705,163500,20.94,20.94,20.94,20.94,200,0
BSJS.US,5,20230705,164000,20.94,20.94,20.94,20.94,200,0
BSJS.US,5,20230705,164500,20.94,20.94,20.94,20.94,200,0
BSJS.US,5,20230705,165500,20.94,20.94,20.94,20.94,300,0
BSJS.US,5,20230705,170000,20.94,20.95,20.94,20.95,1195,0
BSJS.US,5,20230705,170500,20.94,20.94,20.915,20.94,2283,0
BSJS.US,5,20230705,171000,20.94,20.94,20.94,20.94,200,0
BSJS.US,5,20230705,171500,20.94,20.94,20.94,20.94,200,0
BSJS.US,5,20230705,172500,20.94,20.94,20.94,20.94,200,0
BSJS.US,5,20230705,173000,20.94,20.94,20.94,20.94,200,0
BSJS.US,5,20230705,173500,20.94,20.94,20.94,20.94,200,0
BSJS.US,5,20230705,174500,20.94,20.94,20.8811,20.8811,1088,0
BSJS.US,5,20230705,175000,20.94,20.94,20.94,20.94,200,0
BSJS.US,5,20230705,180000,20.94,20.94,20.94,20.94,200,0
BSJS.US,5,20230705,180500,20.94,20.95,20.94,20.95,600,0
BSJS.US,5,20230705,181500,20.94,20.94,20.94,20.94,200,0
BSJS.US,5,20230705,182000,20.94,20.94,20.94,20.94,200,0
BSJS.US,5,20230705,183000,20.94,20.94,20.94,20.94,200,0
BSJS.US,5,20230705,184000,20.93,20.93,20.93,20.93,200,0
BSJS.US,5,20230705,184500,20.92,20.92,20.92,20.92,400,0
BSJS.US,5,20230705,185500,20.92,20.92,20.92,20.92,400,0
BSJS.US,5,20230705,190500,20.92,20.92,20.92,20.92,200,0
BSJS.US,5,20230705,191000,20.91,20.91,20.91,20.91,200,0
BSJS.US,5,20230705,192000,20.91,20.92,20.91,20.91,2446,0
BSJS.US,5,20230705,192500,20.9,20.9,20.9,20.9,12500,0
BSJS.US,5,20230705,193000,20.91,20.91,20.91,20.91,200,0
BSJS.US,5,20230705,193500,20.91,20.91,20.91,20.91,200,0
BSJS.US,5,20230705,194500,20.91,20.91,20.91,20.91,200,0
BSJS.US,5,20230705,195000,20.9299,20.9299,20.9299,20.9299,250,0
BSJS.US,5,20230705,195500,20.91,20.91,20.91,20.91,200,0
BSJS.US,5,20230705,200500,20.94,20.94,20.94,20.94,200,0
BSJS.US,5,20230705,204500,20.9387,20.9387,20.9387,20.9387,100,0
BSJS.US,5,20230705,205000,20.926,20.926,20.926,20.926,100,0
BSJS.US,5,20230705,210000,20.9499,20.9499,20.9499,20.9499,150,0
BSJS.US,5,20230705,211500,20.935,20.94,20.93,20.93,10450,0
BSJS.US,5,20230705,212000,20.918,20.918,20.91,20.91,1225,0
BSJS.US,5,20230705,212500,20.9284,20.9284,20.9284,20.9284,500,0
BSJS.US,5,20230705,214000,20.91,20.9143,20.91,20.9143,455,0
BSJS.US,5,20230705,214500,20.91,20.91,20.91,20.91,2000,0
BSJS.US,5,20230705,215000,20.91,20.91,20.91,20.91,100,0
BSJS.US,5,20230705,215500,20.91,20.91,20.91,20.91,100,0
BSJS.US,5,20230706,153000,20.75,20.75,20.75,20.75,1587,0
BSJS.US,5,20230706,153500,20.69,20.69,20.69,20.69,100,0
BSJS.US,5,20230706,160500,20.66,20.66,20.66,20.66,502,0
BSJS.US,5,20230706,161000,20.73,20.73,20.73,20.73,233,0
BSJS.US,5,20230706,161500,20.73,20.73,20.73,20.73,140,0
BSJS.US,5,20230706,164500,20.7,20.7,20.7,20.7,294,0
BSJS.US,5,20230706,170500,20.7399,20.7399,20.7399,20.7399,180,0
BSJS.US,5,20230706,173000,20.7101,20.72,20.71,20.72,396,0
BSJS.US,5,20230706,174500,20.72,20.72,20.72,20.72,100,0
BSJS.US,5,20230706,180500,20.72,20.73,20.72,20.73,200,0
BSJS.US,5,20230706,185000,20.73,20.73,20.73,20.73,100,0
BSJS.US,5,20230706,185500,20.73,20.73,20.73,20.73,100,0
BSJS.US,5,20230706,190000,20.738,20.738,20.738,20.738,100,0
BSJS.US,5,20230706,190500,20.745,20.745,20.74,20.74,240,0
BSJS.US,5,20230706,191000,20.73,20.73,20.73,20.73,100,0
BSJS.US,5,20230706,192000,20.745,20.745,20.745,20.745,100,0
BSJS.US,5,20230706,194000,20.75,20.75,20.75,20.75,100,0
BSJS.US,5,20230706,194500,20.76,20.76,20.76,20.76,1690,0
BSJS.US,5,20230706,195000,20.7688,20.7688,20.75,20.75,200,0
BSJS.US,5,20230706,195500,20.77,20.77,20.77,20.77,200,0
BSJS.US,5,20230706,200000,20.7462,20.76,20.7462,20.76,200,0
BSJS.US,5,20230706,200500,20.76,20.76,20.76,20.76,333,0
BSJS.US,5,20230706,202000,20.74,20.74,20.74,20.74,100,0
BSJS.US,5,20230706,204000,20.75,20.75,20.75,20.75,100,0
BSJS.US,5,20230706,210500,20.76,20.76,20.76,20.76,61581,0
BSJS.US,5,20230706,211000,20.75,20.75,20.75,20.75,100,0
BSJS.US,5,20230706,211500,20.77,20.77,20.77,20.77,100,0
BSJS.US,5,20230706,213500,20.75,20.75,20.7339,20.75,1470,0
BSJS.US,5,20230706,214000,20.75,20.75,20.75,20.75,100,0
BSJS.US,5,20230706,215000,20.77,20.77,20.7443,20.7493,600,0
BSJS.US,5,20230706,215500,20.76,20.77,20.76,20.76,400,0
BSJS.US,5,20230707,153000,20.69,20.69,20.69,20.69,733,0
BSJS.US,5,20230707,155000,20.79,20.8,20.785,20.785,3607,0
BSJS.US,5,20230707,155500,20.765,20.765,20.765,20.765,800,0
BSJS.US,5,20230707,164000,20.82,20.82,20.82,20.82,200,0
BSJS.US,5,20230707,165500,20.8,20.83,20.8,20.83,300,0
BSJS.US,5,20230707,173000,20.85,20.85,20.85,20.85,100,0
BSJS.US,5,20230707,174000,20.825,20.825,20.825,20.825,1421,0
BSJS.US,5,20230707,190500,20.854,20.854,20.854,20.854,469,0
BSJS.US,5,20230707,191000,20.8899,20.8899,20.8899,20.8899,367,0
BSJS.US,5,20230707,192500,20.872,20.872,20.872,20.872,1400,0
BSJS.US,5,20230707,194000,20.8899,20.8899,20.8899,20.8899,326,0
BSJS.US,5,20230707,195000,20.88,20.88,20.88,20.88,200,0
BSJS.US,5,20230707,195500,20.85,20.85,20.85,20.85,100,0
BSJS.US,5,20230707,200000,20.83,20.8642,20.83,20.8642,421,0
BSJS.US,5,20230707,202500,20.8681,20.8681,20.8681,20.8681,2400,0
BSJS.US,5,20230707,203000,20.87,20.87,20.87,20.87,1437,0
BSJS.US,5,20230707,205000,20.825,20.8599,20.825,20.8599,1345,0
BSJS.US,5,20230707,210500,20.83,20.83,20.83,20.83,300,0
BSJS.US,5,20230707,211500,20.825,20.84,20.82,20.82,1600,0
BSJS.US,5,20230707,213000,20.8,20.82,20.8,20.82,800,0
BSJS.US,5,20230707,213500,20.82,20.82,20.82,20.82,800,0
BSJS.US,5,20230707,214000,20.795,20.81,20.795,20.81,700,0
BSJS.US,5,20230707,215000,20.79,20.79,20.79,20.79,1000,0
BSJS.US,5,20230707,215500,20.8,20.8,20.78,20.8,1900,0
