<TICKER>,<PER>,<DATE>,<TIME>,<OPEN>,<HIGH>,<LOW>,<CLOSE>,<VOL>,<OPENINT>
BSMN.US,5,20230522,153000,25.02,25.02,25.02,25.02,400,0
BSMN.US,5,20230522,165000,25.03,25.03,25.01,25.01,1413,0
BSMN.US,5,20230522,181500,25.0395,25.0395,25.0395,25.0395,441,0
BSMN.US,5,20230522,182500,25.03,25.03,25.03,25.03,300,0
BSMN.US,5,20230522,184000,25.0101,25.0101,25.01,25.01,486,0
BSMN.US,5,20230522,200000,25.01,25.01,25.01,25.01,3826,0
BSMN.US,5,20230522,213000,25.03,25.03,25.03,25.03,126,0
BSMN.US,5,20230522,215500,25.01,25.01,25.01,25.01,170,0
BSMN.US,5,20230523,153000,25.09,25.09,25.01,25.01,10868,0
BSMN.US,5,20230523,153500,25.0599,25.0599,25.01,25.01,537,0
BSMN.US,5,20230523,154000,25.01,25.01,25.01,25.01,1100,0
BSMN.US,5,20230523,162500,25.015,25.015,25.011,25.011,280,0
BSMN.US,5,20230523,173500,25.0101,25.0101,25.01,25.0101,1424,0
BSMN.US,5,20230523,182500,25.01,25.01,25.01,25.01,300,0
BSMN.US,5,20230523,185000,25.02,25.02,25.015,25.015,939,0
BSMN.US,5,20230523,192000,25.0199,25.0199,25.0199,25.0199,630,0
BSMN.US,5,20230523,213500,25.02,25.02,25.01,25.01,1667,0
BSMN.US,5,20230523,215000,25.015,25.015,25.015,25.015,600,0
BSMN.US,5,20230523,215500,25.015,25.015,25.015,25.015,100,0
BSMN.US,5,20230524,153000,25.02,25.02,25.02,25.02,118,0
BSMN.US,5,20230524,155500,25.01,25.01,25.01,25.01,500,0
BSMN.US,5,20230524,161500,25,25,25,25,600,0
BSMN.US,5,20230524,164500,25,25,25,25,600,0
BSMN.US,5,20230524,172000,25,25,25,25,700,0
BSMN.US,5,20230524,173000,25.02,25.02,25.02,25.02,100,0
BSMN.US,5,20230524,174500,25.015,25.03,25,25,3014,0
BSMN.US,5,20230524,182500,25,25,25,25,600,0
BSMN.US,5,20230524,183500,25.03,25.03,25.03,25.03,160,0
BSMN.US,5,20230524,190000,25.015,25.015,25,25.015,900,0
BSMN.US,5,20230524,191000,25,25,25,25,700,0
BSMN.US,5,20230524,193500,25.001,25.001,25.001,25.001,505,0
BSMN.US,5,20230524,194000,25.01,25.01,25.01,25.01,300,0
BSMN.US,5,20230524,195000,25,25,25,25,400,0
BSMN.US,5,20230524,195500,25.001,25.005,25,25,2038,0
BSMN.US,5,20230524,201000,25,25,25,25,400,0
BSMN.US,5,20230524,201500,25,25.005,25,25,2420,0
BSMN.US,5,20230524,202000,25,25,25,25,12505,0
BSMN.US,5,20230524,203000,25.005,25.005,25,25,400,0
BSMN.US,5,20230524,204000,25.005,25.005,25,25,500,0
BSMN.US,5,20230524,204500,25,25.005,25,25,600,0
BSMN.US,5,20230524,205000,25.01,25.03,25.01,25.03,1650,0
BSMN.US,5,20230524,205500,25.01,25.0101,25.01,25.01,488,0
BSMN.US,5,20230524,210500,25.01,25.01,25.01,25.01,500,0
BSMN.US,5,20230524,211500,25,25,25,25,100,0
BSMN.US,5,20230524,212000,25.005,25.005,25,25,400,0
BSMN.US,5,20230524,212500,25,25,25,25,100,0
BSMN.US,5,20230524,213000,25,25.005,25,25,12910,0
BSMN.US,5,20230524,213500,25.005,25.005,25,25,400,0
BSMN.US,5,20230524,214000,25.005,25.005,25,25,400,0
BSMN.US,5,20230524,214500,25,25.005,25,25,700,0
BSMN.US,5,20230524,215000,25,25.01,25,25.0099,2900,0
BSMN.US,5,20230524,215500,25.005,25.005,24.99,24.99,1840,0
BSMN.US,5,20230525,181500,25.0199,25.0199,25.0199,25.0199,600,0
BSMN.US,5,20230525,185500,25.015,25.015,25.015,25.015,2389,0
BSMN.US,5,20230525,200500,25.015,25.015,25.015,25.015,447,0
BSMN.US,5,20230525,203500,25.015,25.015,25.015,25.015,315,0
BSMN.US,5,20230525,204500,25.0107,25.0164,25.0107,25.0164,554,0
BSMN.US,5,20230525,215000,25.02,25.04,25.02,25.04,2167,0
BSMN.US,5,20230525,215500,25.04,25.04,25.04,25.04,100,0
BSMN.US,5,20230526,153000,25.08,25.08,25.08,25.08,1287,0
BSMN.US,5,20230526,161500,25.0571,25.0571,25.0571,25.0571,2700,0
BSMN.US,5,20230526,175500,25.0303,25.0303,25.0303,25.0303,1000,0
BSMN.US,5,20230526,194000,25.03,25.0301,25.03,25.0301,622,0
BSMN.US,5,20230526,195000,25.0301,25.0301,25.03,25.03,222,0
BSMN.US,5,20230526,200500,25.0527,25.0527,25.0527,25.0527,596,0
BSMN.US,5,20230530,155000,25.0799,25.0799,25.0799,25.0799,300,0
BSMN.US,5,20230530,160000,25.0799,25.0799,25.0799,25.0799,129,0
BSMN.US,5,20230530,172000,25.0799,25.08,25.0799,25.08,796,0
BSMN.US,5,20230530,173500,25.0799,25.08,25.0751,25.0751,486,0
BSMN.US,5,20230530,174500,25.05,25.05,25.05,25.05,100,0
BSMN.US,5,20230530,204500,25.0799,25.08,25.0799,25.08,330,0
BSMN.US,5,20230530,205000,25.08,25.08,25.08,25.08,100,0
BSMN.US,5,20230530,210000,25.05,25.05,25.05,25.05,562,0
BSMN.US,5,20230530,210500,25.0799,25.0799,25.0799,25.0799,227,0
BSMN.US,5,20230530,212500,25.0515,25.0515,25.05,25.05,2039,0
BSMN.US,5,20230530,214500,25.05,25.05,25.05,25.05,200,0
BSMN.US,5,20230530,215000,25.05,25.05,25.05,25.05,300,0
BSMN.US,5,20230530,215500,25.05,25.05,25.03,25.03,900,0
BSMN.US,5,20230531,154000,25.06,25.065,25.04,25.065,4573,0
BSMN.US,5,20230531,164000,25.07,25.07,25.07,25.07,119,0
BSMN.US,5,20230531,180000,25.051,25.051,25.051,25.051,397,0
BSMN.US,5,20230531,181000,25.0639,25.0639,25.05,25.05,2200,0
BSMN.US,5,20230531,185500,25.0799,25.0799,25.0799,25.0799,399,0
BSMN.US,5,20230531,192000,25.0799,25.0799,25.0799,25.0799,228,0
BSMN.US,5,20230531,192500,25.065,25.065,25.05,25.05,972,0
BSMN.US,5,20230531,204500,25.06,25.06,25.06,25.06,300,0
BSMN.US,5,20230531,210500,25.05,25.05,25.05,25.05,1636,0
BSMN.US,5,20230531,215500,25.05,25.05,25.05,25.05,100,0
BSMN.US,5,20230601,170500,25.061,25.061,25.061,25.061,209,0
BSMN.US,5,20230601,171500,25.061,25.061,25.061,25.061,250,0
BSMN.US,5,20230601,172500,25.065,25.07,25.065,25.07,365,0
BSMN.US,5,20230601,183500,25.075,25.09,25.06,25.06,1125,0
BSMN.US,5,20230601,184000,25.1099,25.11,25.07,25.11,1920,0
BSMN.US,5,20230601,184500,25.08,25.08,25.08,25.08,440,0
BSMN.US,5,20230601,190000,25.0999,25.0999,25.0999,25.0999,133,0
BSMN.US,5,20230601,190500,25.1,25.1,25.06,25.06,624,0
BSMN.US,5,20230601,193000,25.07,25.07,25.07,25.07,16681,0
BSMN.US,5,20230601,211000,25.1,25.1,25.1,25.1,126,0
BSMN.US,5,20230601,213500,25.06,25.06,25.06,25.06,100,0
BSMN.US,5,20230601,214500,25.06,25.06,25.06,25.06,100,0
BSMN.US,5,20230601,215000,25.06,25.06,25.06,25.06,100,0
BSMN.US,5,20230601,215500,25.06,25.06,25.06,25.06,237,0
BSMN.US,5,20230602,155000,25.085,25.085,25.085,25.085,555,0
BSMN.US,5,20230602,163500,25.061,25.061,25.061,25.061,1463,0
BSMN.US,5,20230602,180500,25.0605,25.0605,25.0605,25.0605,153,0
BSMN.US,5,20230602,182500,25.0601,25.0601,25.06,25.06,1316,0
BSMN.US,5,20230602,205500,25.1099,25.11,25.1099,25.11,692,0
BSMN.US,5,20230602,212500,25.061,25.061,25.06,25.06,312,0
BSMN.US,5,20230605,154000,25.08,25.08,25.0601,25.08,3090,0
BSMN.US,5,20230605,154500,25.0999,25.0999,25.0999,25.0999,100,0
BSMN.US,5,20230605,182500,25.08,25.08,25.061,25.061,834,0
BSMN.US,5,20230605,184000,25.085,25.085,25.085,25.085,100,0
BSMN.US,5,20230605,185500,25.0999,25.0999,25.07,25.07,866,0
BSMN.US,5,20230605,191000,25.07,25.0717,25.07,25.07,2961,0
BSMN.US,5,20230605,203000,25.09,25.09,25.09,25.09,100,0
BSMN.US,5,20230606,153000,25.07,25.085,25.07,25.085,727,0
BSMN.US,5,20230606,163000,25.079,25.079,25.079,25.079,775,0
BSMN.US,5,20230606,165500,25.0999,25.1,25.07,25.07,1700,0
BSMN.US,5,20230606,180000,25.081,25.081,25.081,25.081,534,0
BSMN.US,5,20230606,180500,25.08,25.08,25.07,25.07,4521,0
BSMN.US,5,20230606,183000,25.07,25.0701,25.06,25.07,10813,0
BSMN.US,5,20230606,183500,25.07,25.07,25.07,25.07,100,0
BSMN.US,5,20230606,184000,25.07,25.0701,25.07,25.07,700,0
BSMN.US,5,20230606,191000,25.07,25.0701,25.05,25.05,6851,0
BSMN.US,5,20230606,192000,25.071,25.085,25.07,25.085,1000,0
BSMN.US,5,20230606,192500,25.071,25.071,25.06,25.06,4456,0
BSMN.US,5,20230606,202000,25.0899,25.09,25.07,25.07,4500,0
BSMN.US,5,20230606,202500,25.08,25.08,25.08,25.08,191,0
BSMN.US,5,20230606,205500,25.08,25.08,25.07,25.07,4162,0
BSMN.US,5,20230606,210000,25.08,25.08,25.07,25.07,1900,0
BSMN.US,5,20230606,214000,25.0799,25.08,25.075,25.08,800,0
BSMN.US,5,20230606,215000,25.07,25.07,25.04,25.05,6741,0
BSMN.US,5,20230607,153000,25.08,25.08,25.08,25.08,803,0
BSMN.US,5,20230607,163000,25.09,25.09,25.089,25.09,2722,0
BSMN.US,5,20230607,163500,25.0801,25.0801,25.08,25.08,732,0
BSMN.US,5,20230607,164000,25.11,25.11,25.1066,25.109,12000,0
BSMN.US,5,20230607,173500,25.11,25.11,25.095,25.095,336,0
BSMN.US,5,20230607,175500,25.11,25.11,25.11,25.11,118,0
BSMN.US,5,20230607,183000,25.095,25.095,25.095,25.095,181,0
BSMN.US,5,20230607,194000,25.1099,25.1099,25.1099,25.1099,500,0
BSMN.US,5,20230607,200500,25.095,25.095,25.08,25.08,1070,0
BSMN.US,5,20230607,201000,25.1097,25.1097,25.1097,25.1097,338,0
BSMN.US,5,20230607,203000,25.095,25.095,25.08,25.08,2100,0
BSMN.US,5,20230607,205500,25.11,25.11,25.07,25.1,10640,0
BSMN.US,5,20230607,210500,25.09,25.09,25.09,25.09,100,0
BSMN.US,5,20230607,214500,25.0979,25.0979,25.09,25.09,2703,0
BSMN.US,5,20230607,215500,25.09,25.09,25.09,25.09,626,0
BSMN.US,5,20230608,164000,25.09,25.09,25.09,25.09,51091,0
BSMN.US,5,20230608,170500,25.08,25.0801,25.08,25.0801,278,0
BSMN.US,5,20230608,171000,25.0999,25.0999,25.08,25.08,2977,0
BSMN.US,5,20230608,173000,25.13,25.13,25.13,25.13,1898,0
BSMN.US,5,20230608,174500,25.081,25.081,25.08,25.08,1174,0
BSMN.US,5,20230608,201500,25.08,25.08,25.08,25.08,500,0
BSMN.US,5,20230608,215500,25.08,25.08,25.08,25.08,100,0
BSMN.US,5,20230609,171500,25.08,25.08,25.08,25.08,1094,0
BSMN.US,5,20230609,173000,25.08,25.08,25.08,25.08,1255,0
BSMN.US,5,20230609,174500,25.1,25.1,25.1,25.1,117,0
BSMN.US,5,20230609,175500,25.12,25.12,25.08,25.08,634,0
BSMN.US,5,20230609,183500,25.08,25.08,25.07,25.07,4650,0
BSMN.US,5,20230609,185500,25.081,25.081,25.081,25.081,100,0
BSMN.US,5,20230609,190000,25.1,25.1,25.1,25.1,168,0
BSMN.US,5,20230609,191000,25.08,25.08,25.08,25.08,4576,0
BSMN.US,5,20230609,205000,25.081,25.081,25.08,25.08,1470,0
BSMN.US,5,20230609,214000,25.099,25.099,25.08,25.08,398,0
BSMN.US,5,20230612,173500,25.1199,25.1199,25.1199,25.1199,302,0
BSMN.US,5,20230612,183000,25.0901,25.0901,25.09,25.09,500,0
BSMN.US,5,20230612,184000,25.09,25.0901,25.08,25.08,8098,0
BSMN.US,5,20230612,184500,25.081,25.1099,25.081,25.1099,974,0
BSMN.US,5,20230612,185000,25.095,25.095,25.08,25.095,1869,0
BSMN.US,5,20230612,190000,25.095,25.095,25.095,25.095,170,0
BSMN.US,5,20230612,194500,25.08,25.08,25.08,25.08,100,0
BSMN.US,5,20230612,200500,25.0999,25.1,25.0999,25.1,558,0
BSMN.US,5,20230612,201000,25.1,25.1,25.08,25.08,4849,0
BSMN.US,5,20230612,202500,25.08,25.0801,25.08,25.0801,576,0
BSMN.US,5,20230612,210500,25.095,25.095,25.095,25.095,200,0
BSMN.US,5,20230612,214000,25.081,25.081,25.081,25.081,138,0
BSMN.US,5,20230612,215500,25.09,25.09,25.09,25.09,100,0
BSMN.US,5,20230613,160500,25.1199,25.1199,25.091,25.091,1440,0
BSMN.US,5,20230613,162500,25.09,25.09,25.09,25.09,2558,0
BSMN.US,5,20230613,163500,25.0908,25.0985,25.09,25.09,9657,0
BSMN.US,5,20230613,164000,25.09,25.1099,25.09,25.1099,1150,0
BSMN.US,5,20230613,164500,25.09,25.09,25.09,25.09,200,0
BSMN.US,5,20230613,165000,25.09,25.09,25.09,25.09,200,0
BSMN.US,5,20230613,171500,25.1099,25.1099,25.1099,25.1099,1075,0
BSMN.US,5,20230613,182500,25.1099,25.11,25.09,25.09,476,0
BSMN.US,5,20230613,183500,25.1052,25.1052,25.1052,25.1052,206,0
BSMN.US,5,20230613,185000,25.1099,25.11,25.1099,25.11,256,0
BSMN.US,5,20230613,195500,25.09,25.09,25.08,25.09,1800,0
BSMN.US,5,20230613,200000,25.09,25.09,25.08,25.09,3500,0
BSMN.US,5,20230613,200500,25.09,25.09,25.08,25.09,3200,0
BSMN.US,5,20230613,201000,25.09,25.11,25.08,25.08,3626,0
BSMN.US,5,20230613,205000,25.08,25.08,25.08,25.08,100,0
BSMN.US,5,20230613,210500,25.08,25.08,25.08,25.08,10027,0
BSMN.US,5,20230613,211500,25.0807,25.0807,25.0807,25.0807,697,0
BSMN.US,5,20230613,214500,25.085,25.085,25.085,25.085,100,0
BSMN.US,5,20230613,215500,25.085,25.085,25.08,25.08,600,0
BSMN.US,5,20230614,153000,25.09,25.09,25.09,25.09,2760,0
BSMN.US,5,20230614,162500,25.1001,25.1026,25.1,25.1026,1010,0
BSMN.US,5,20230614,173000,25.105,25.105,25.105,25.105,988,0
BSMN.US,5,20230614,174000,25.1001,25.105,25.1,25.1,2386,0
BSMN.US,5,20230614,175500,25.105,25.105,25.105,25.105,300,0
BSMN.US,5,20230614,180500,25.105,25.105,25.105,25.105,700,0
BSMN.US,5,20230614,181000,25.1005,25.1005,25.1005,25.1005,126,0
BSMN.US,5,20230614,182000,25.1,25.1,25.1,25.1,500,0
BSMN.US,5,20230614,183500,25.105,25.105,25.09,25.1,1772,0
BSMN.US,5,20230614,205000,25.09,25.1,25.09,25.09,3972,0
BSMN.US,5,20230614,210500,25.0999,25.1,25.0999,25.1,270,0
BSMN.US,5,20230614,215500,25.09,25.09,25.09,25.09,862,0
BSMN.US,5,20230615,153000,25.1,25.1,25.1,25.1,101,0
BSMN.US,5,20230615,165000,25.1,25.1,25.1,25.1,208,0
BSMN.US,5,20230615,170500,25.105,25.11,25.105,25.11,309,0
BSMN.US,5,20230615,181000,25.11,25.11,25.11,25.11,163,0
BSMN.US,5,20230615,182000,25.13,25.13,25.11,25.11,1893,0
BSMN.US,5,20230615,182500,25.12,25.12,25.12,25.12,603,0
BSMN.US,5,20230615,184000,25.13,25.13,25.11,25.11,959,0
BSMN.US,5,20230615,192500,25.12,25.12,25.12,25.12,162,0
BSMN.US,5,20230615,201000,25.13,25.14,25.11,25.1127,3012,0
BSMN.US,5,20230615,203000,25.1319,25.1319,25.11,25.11,438,0
BSMN.US,5,20230615,210000,25.1399,25.1399,25.11,25.11,4382,0
BSMN.US,5,20230615,211500,25.1335,25.1335,25.1335,25.1335,199,0
BSMN.US,5,20230615,212500,25.11,25.11,25.11,25.11,1199,0
BSMN.US,5,20230615,215500,25.11,25.11,25.11,25.11,414,0
BSMN.US,5,20230616,155500,25.1399,25.14,25.1399,25.1399,7128,0
BSMN.US,5,20230616,162000,25.13,25.13,25.13,25.13,149,0
BSMN.US,5,20230616,174500,25.149,25.149,25.149,25.149,320,0
BSMN.US,5,20230616,180500,25.1499,25.1499,25.11,25.11,480,0
BSMN.US,5,20230616,182000,25.1101,25.119,25.11,25.11,2885,0
BSMN.US,5,20230616,194500,25.131,25.131,25.131,25.131,350,0
BSMN.US,5,20230616,201500,25.125,25.125,25.11,25.11,1797,0
BSMN.US,5,20230616,203500,25.125,25.125,25.125,25.125,131,0
BSMN.US,5,20230616,215500,25.11,25.11,25.11,25.11,251,0
BSMN.US,5,20230620,153000,25.04,25.04,25.04,25.04,2404,0
BSMN.US,5,20230620,154000,25.07,25.07,25.07,25.07,51059,0
BSMN.US,5,20230620,154500,25.1,25.1,25.0999,25.0999,4000,0
BSMN.US,5,20230620,165000,25.075,25.075,25.075,25.075,432,0
BSMN.US,5,20230620,185000,25.06,25.06,25.06,25.06,257,0
BSMN.US,5,20230620,201500,25.09,25.09,25.09,25.09,221,0
BSMN.US,5,20230620,203000,25.06,25.06,25.06,25.06,218,0
BSMN.US,5,20230620,204000,25.0827,25.0827,25.06,25.06,1834,0
BSMN.US,5,20230620,211000,25.075,25.075,25.075,25.075,549,0
BSMN.US,5,20230620,212500,25.1,25.1,25.09,25.09,400,0
BSMN.US,5,20230620,213000,25.085,25.085,25.085,25.085,456,0
BSMN.US,5,20230620,215500,25.0999,25.1,25.09,25.095,8476,0
BSMN.US,5,20230621,170500,25.06,25.0601,25.06,25.0601,722,0
BSMN.US,5,20230621,185000,25.061,25.061,25.061,25.061,163,0
BSMN.US,5,20230621,190500,25.085,25.085,25.08,25.08,219,0
BSMN.US,5,20230621,191000,25.08,25.0801,25.08,25.0801,572,0
BSMN.US,5,20230621,192000,25.1,25.1,25.08,25.08,3066,0
BSMN.US,5,20230621,211500,25.08,25.08,25.08,25.08,285,0
BSMN.US,5,20230621,215500,25.1,25.1,25.1,25.1,486,0
BSMN.US,5,20230622,153000,25.06,25.06,25.06,25.06,3332,0
BSMN.US,5,20230622,170500,25.07,25.07,25.07,25.07,778,0
BSMN.US,5,20230622,173000,25.1,25.1,25.1,25.1,100,0
BSMN.US,5,20230622,174500,25.085,25.085,25.07,25.07,246,0
BSMN.US,5,20230622,183500,25.0939,25.0939,25.07,25.07,2830,0
BSMN.US,5,20230622,194500,25.1,25.1,25.1,25.1,100,0
BSMN.US,5,20230622,204000,25.09,25.09,25.08,25.0873,694,0
BSMN.US,5,20230622,205000,25.08,25.08,25.07,25.075,1425,0
BSMN.US,5,20230623,153000,25.11,25.11,25.11,25.11,745,0
BSMN.US,5,20230623,153500,25.12,25.12,25.1199,25.1199,322,0
BSMN.US,5,20230623,154000,25.12,25.12,25.12,25.12,334,0
BSMN.US,5,20230623,182500,25.1055,25.12,25.08,25.08,1239,0
BSMN.US,5,20230623,205000,25.08,25.085,25.08,25.08,300,0
BSMN.US,5,20230623,215000,25.09,25.11,25.0899,25.11,838,0
BSMN.US,5,20230623,215500,25.09,25.09,25.09,25.09,100,0
BSMN.US,5,20230626,160000,25.1199,25.1199,25.1199,25.1199,172,0
BSMN.US,5,20230626,172000,25.08,25.0801,25.08,25.0801,418,0
BSMN.US,5,20230626,173000,25.1199,25.1199,25.1199,25.1199,351,0
BSMN.US,5,20230626,181500,25.1199,25.1199,25.08,25.08,498,0
BSMN.US,5,20230626,182000,25.1,25.1,25.1,25.1,105,0
BSMN.US,5,20230626,190000,25.12,25.12,25.08,25.08,6970,0
BSMN.US,5,20230626,201500,25.08,25.0801,25.08,25.08,4336,0
BSMN.US,5,20230626,215500,25.08,25.08,25.08,25.08,100,0
BSMN.US,5,20230627,155500,25.081,25.081,25.081,25.081,537,0
BSMN.US,5,20230627,173000,25.08,25.08,25.08,25.08,400,0
BSMN.US,5,20230627,180500,25.11,25.11,25.08,25.08,779,0
BSMN.US,5,20230627,183500,25.095,25.095,25.095,25.095,183,0
BSMN.US,5,20230627,184500,25.095,25.095,25.095,25.095,1300,0
BSMN.US,5,20230627,193000,25.1027,25.1027,25.08,25.08,450,0
BSMN.US,5,20230627,195000,25.1027,25.1027,25.1027,25.1027,993,0
BSMN.US,5,20230627,211000,25.09,25.1,25.09,25.1,1671,0
BSMN.US,5,20230627,211500,25.1,25.1,25.09,25.09,1293,0
BSMN.US,5,20230627,212000,25.1099,25.11,25.1,25.1,1740,0
BSMN.US,5,20230627,212500,25.1,25.1,25.09,25.09,986,0
BSMN.US,5,20230627,213000,25.1027,25.1027,25.08,25.0801,1237,0
BSMN.US,5,20230627,213500,25.095,25.095,25.08,25.08,4103,0
BSMN.US,5,20230627,214000,25.0811,25.1019,25.07,25.07,4252,0
BSMN.US,5,20230627,214500,25.07,25.085,25.07,25.07,3286,0
BSMN.US,5,20230627,215000,25.0717,25.0717,25.07,25.07,1037,0
BSMN.US,5,20230628,155000,25.108,25.108,25.108,25.108,180,0
BSMN.US,5,20230628,175000,25.1,25.1,25.1,25.1,580,0
BSMN.US,5,20230628,181000,25.1,25.1,25.08,25.08,2139,0
BSMN.US,5,20230628,191000,25.092,25.092,25.092,25.092,315,0
BSMN.US,5,20230628,193000,25.08,25.08,25.08,25.08,100,0
BSMN.US,5,20230628,194000,25.0801,25.0845,25.08,25.08,7744,0
BSMN.US,5,20230628,194500,25.082,25.082,25.082,25.082,100,0
BSMN.US,5,20230628,201000,25.081,25.0895,25.07,25.07,3088,0
BSMN.US,5,20230628,201500,25.081,25.081,25.081,25.081,379,0
BSMN.US,5,20230628,202000,25.081,25.082,25.07,25.082,13409,0
BSMN.US,5,20230628,202500,25.0809,25.09,25.08,25.085,6864,0
BSMN.US,5,20230628,203000,25.08,25.08,25.08,25.08,5159,0
BSMN.US,5,20230628,203500,25.081,25.081,25.08,25.08,389,0
BSMN.US,5,20230628,204000,25.08,25.08,25.08,25.08,100,0
BSMN.US,5,20230628,204500,25.08,25.08,25.08,25.08,100,0
BSMN.US,5,20230628,205000,25.08,25.08,25.08,25.08,300,0
BSMN.US,5,20230628,205500,25.09,25.1,25.08,25.08,1118,0
BSMN.US,5,20230628,210000,25.08,25.08,25.08,25.08,100,0
BSMN.US,5,20230628,210500,25.08,25.08,25.08,25.08,100,0
BSMN.US,5,20230628,211000,25.08,25.08,25.08,25.08,200,0
BSMN.US,5,20230628,211500,25.1,25.1,25.08,25.08,502,0
BSMN.US,5,20230628,212000,25.08,25.08,25.08,25.08,100,0
BSMN.US,5,20230628,212500,25.09,25.1,25.085,25.085,2594,0
BSMN.US,5,20230628,213000,25.08,25.08,25.08,25.08,200,0
BSMN.US,5,20230628,213500,25.08,25.08,25.08,25.08,100,0
BSMN.US,5,20230628,215500,25.08,25.08,25.08,25.08,100,0
BSMN.US,5,20230629,153000,25.08,25.08,25.08,25.08,1194,0
BSMN.US,5,20230629,155000,25.095,25.12,25.095,25.12,200,0
BSMN.US,5,20230629,162500,25.095,25.095,25.095,25.095,1775,0
BSMN.US,5,20230629,170500,25.0862,25.0862,25.0862,25.0862,200,0
BSMN.US,5,20230629,173000,25.071,25.071,25.07,25.07,2200,0
BSMN.US,5,20230629,181000,25.095,25.1181,25.095,25.1181,1386,0
BSMN.US,5,20230629,182500,25.07,25.07,25.05,25.06,3626,0
BSMN.US,5,20230629,184500,25.09,25.1,25.09,25.1,745,0
BSMN.US,5,20230629,185500,25.1,25.11,25.09,25.09,2500,0
BSMN.US,5,20230629,191000,25.0901,25.0901,25.09,25.09,700,0
BSMN.US,5,20230629,192500,25.11,25.11,25.09,25.09,698,0
BSMN.US,5,20230629,201500,25.11,25.11,25.1015,25.1015,258,0
BSMN.US,5,20230629,202000,25.1,25.1,25.09,25.09,733,0
BSMN.US,5,20230629,203000,25.0901,25.0901,25.0901,25.0901,188,0
BSMN.US,5,20230629,204500,25.1,25.1,25.09,25.09,925,0
BSMN.US,5,20230629,205000,25.0901,25.0901,25.09,25.09,758,0
BSMN.US,5,20230629,205500,25.09,25.09,25.06,25.06,4373,0
BSMN.US,5,20230629,210000,25.08,25.08,25.07,25.07,2561,0
BSMN.US,5,20230629,210500,25.071,25.072,25.07,25.07,1634,0
BSMN.US,5,20230629,211000,25.07,25.0795,25.07,25.07,2195,0
BSMN.US,5,20230629,211500,25.0851,25.0851,25.07,25.07,2184,0
BSMN.US,5,20230629,212000,25.071,25.08,25.07,25.07,5493,0
BSMN.US,5,20230629,212500,25.0713,25.0713,25.07,25.07,2266,0
BSMN.US,5,20230629,213000,25.08,25.08,25.07,25.07,1318,0
BSMN.US,5,20230629,213500,25.07,25.075,25.07,25.07,7356,0
BSMN.US,5,20230629,214000,25.071,25.071,25.07,25.07,2143,0
BSMN.US,5,20230629,215500,25.075,25.075,25.07,25.07,200,0
BSMN.US,5,20230630,153000,25.06,25.06,25.06,25.06,795,0
BSMN.US,5,20230630,172000,25.0899,25.0899,25.0899,25.0899,310,0
BSMN.US,5,20230630,172500,25.08,25.09,25.08,25.0899,1239,0
BSMN.US,5,20230630,175000,25.0899,25.0899,25.0899,25.0899,456,0
BSMN.US,5,20230630,184500,25.0899,25.0899,25.0899,25.0899,176,0
BSMN.US,5,20230630,185000,25.08,25.08,25.08,25.08,500,0
BSMN.US,5,20230630,185500,25.08,25.09,25.08,25.09,1573,0
BSMN.US,5,20230630,190000,25.08,25.08,25.08,25.08,100,0
BSMN.US,5,20230630,190500,25.0899,25.09,25.085,25.09,410,0
BSMN.US,5,20230630,192000,25.08,25.08,25.08,25.08,100,0
BSMN.US,5,20230630,194500,25.09,25.09,25.08,25.08,5403,0
BSMN.US,5,20230630,195000,25.08,25.08,25.08,25.08,100,0
BSMN.US,5,20230630,200000,25.08,25.08,25.08,25.08,100,0
BSMN.US,5,20230630,201500,25.083,25.083,25.08,25.08,930,0
BSMN.US,5,20230630,202000,25.085,25.085,25.085,25.085,850,0
BSMN.US,5,20230630,203500,25.08,25.08,25.08,25.08,100,0
BSMN.US,5,20230630,205500,25.08,25.08,25.08,25.08,100,0
BSMN.US,5,20230630,210000,25.0899,25.09,25.08,25.0875,1614,0
BSMN.US,5,20230630,211500,25.085,25.085,25.08,25.08,796,0
BSMN.US,5,20230630,212000,25.08,25.08,25.08,25.08,100,0
BSMN.US,5,20230630,215500,25.08,25.08,25.08,25.08,100,0
BSMN.US,5,20230703,170000,25.09,25.09,25.09,25.09,357,0
BSMN.US,5,20230703,180500,25.1099,25.1099,25.1099,25.1099,348,0
BSMN.US,5,20230703,185500,25.11,25.12,25.08,25.08,2294,0
BSMN.US,5,20230705,153000,25.14,25.14,25.14,25.14,1223,0
BSMN.US,5,20230705,153500,25.09,25.0901,25.09,25.0901,1592,0
BSMN.US,5,20230705,155000,25.1295,25.1295,25.1295,25.1295,898,0
BSMN.US,5,20230705,161500,25.091,25.091,25.091,25.091,269,0
BSMN.US,5,20230705,164500,25.09,25.09,25.09,25.09,200,0
BSMN.US,5,20230705,165500,25.091,25.091,25.091,25.091,518,0
BSMN.US,5,20230705,183500,25.105,25.119,25.09,25.09,1371,0
BSMN.US,5,20230705,195500,25.12,25.12,25.1,25.1,900,0
BSMN.US,5,20230705,202000,25.12,25.14,25.09,25.09,6014,0
BSMN.US,5,20230705,203500,25.1,25.1,25.1,25.1,300,0
BSMN.US,5,20230705,204500,25.1099,25.1099,25.09,25.09,403,0
BSMN.US,5,20230705,211500,25.103,25.103,25.103,25.103,235,0
BSMN.US,5,20230705,215500,25.09,25.09,25.09,25.09,998,0
BSMN.US,5,20230706,153000,25.08,25.08,25.08,25.08,288,0
BSMN.US,5,20230706,161500,25.08,25.0801,25.08,25.0801,256,0
BSMN.US,5,20230706,165500,25.12,25.12,25.12,25.12,739,0
BSMN.US,5,20230706,173000,25.087,25.087,25.087,25.087,399,0
BSMN.US,5,20230706,180500,25.11,25.12,25.11,25.1199,596,0
BSMN.US,5,20230706,183000,25.09,25.09,25.09,25.09,166,0
BSMN.US,5,20230706,183500,25.11,25.11,25.11,25.11,141,0
BSMN.US,5,20230706,185000,25.1099,25.1099,25.1099,25.1099,100,0
BSMN.US,5,20230706,191000,25.11,25.11,25.09,25.09,1834,0
BSMN.US,5,20230706,211000,25.11,25.11,25.1,25.1,1802,0
BSMN.US,5,20230707,153000,25.06,25.06,25.06,25.06,6811,0
BSMN.US,5,20230707,153500,25.081,25.081,25.081,25.081,395,0
BSMN.US,5,20230707,154500,25.081,25.081,25.08,25.08,410,0
BSMN.US,5,20230707,160000,25.1099,25.1099,25.1099,25.1099,598,0
BSMN.US,5,20230707,162000,25.0801,25.081,25.0801,25.081,1666,0
BSMN.US,5,20230707,172000,25.09,25.09,25.09,25.09,13333,0
BSMN.US,5,20230707,181000,25.08,25.08,25.08,25.08,100,0
BSMN.US,5,20230707,182500,25.0927,25.0927,25.08,25.08,649,0
BSMN.US,5,20230707,184000,25.08,25.08,25.08,25.08,200,0
BSMN.US,5,20230707,185500,25.1,25.1035,25.08,25.08,1401,0
BSMN.US,5,20230707,191500,25.08,25.08,25.08,25.08,100,0
BSMN.US,5,20230707,194500,25.08,25.08,25.08,25.08,100,0
BSMN.US,5,20230707,201000,25.08,25.08,25.08,25.08,100,0
BSMN.US,5,20230707,201500,25.08,25.08,25.0775,25.0775,2373,0
BSMN.US,5,20230707,203500,25.08,25.08,25.08,25.08,100,0
BSMN.US,5,20230707,205500,25.08,25.08,25.08,25.08,100,0
BSMN.US,5,20230707,210000,25.085,25.085,25.085,25.085,1864,0
BSMN.US,5,20230707,211500,25.08,25.08,25.08,25.08,100,0
BSMN.US,5,20230707,213000,25.08,25.0899,25.08,25.0899,3917,0
BSMN.US,5,20230707,214000,25.08,25.08,25.08,25.08,100,0
BSMN.US,5,20230707,215000,25.08,25.08,25.08,25.08,100,0
