<TICKER>,<PER>,<DATE>,<TIME>,<OPEN>,<HIGH>,<LOW>,<CLOSE>,<VOL>,<OPENINT>
BSMO.US,5,20230522,165000,24.618,24.618,24.618,24.618,1297,0
BSMO.US,5,20230522,165500,24.605,24.605,24.5901,24.5901,608,0
BSMO.US,5,20230522,172000,24.59,24.5901,24.59,24.59,1400,0
BSMO.US,5,20230522,175000,24.59,24.5901,24.59,24.5901,400,0
BSMO.US,5,20230522,181500,24.6011,24.6011,24.6011,24.6011,449,0
BSMO.US,5,20230522,184000,24.59,24.5901,24.59,24.5901,474,0
BSMO.US,5,20230522,184500,24.6116,24.6116,24.6116,24.6116,159,0
BSMO.US,5,20230522,210000,24.61,24.61,24.61,24.61,608,0
BSMO.US,5,20230522,213000,24.6099,24.6099,24.58,24.58,1228,0
BSMO.US,5,20230523,153000,24.65,24.65,24.5706,24.5706,11318,0
BSMO.US,5,20230523,160500,24.571,24.571,24.571,24.571,2410,0
BSMO.US,5,20230523,162500,24.57,24.5701,24.57,24.57,300,0
BSMO.US,5,20230523,173500,24.571,24.571,24.57,24.5701,1342,0
BSMO.US,5,20230523,174500,24.6036,24.6036,24.6036,24.6036,159,0
BSMO.US,5,20230523,182500,24.59,24.59,24.57,24.57,1177,0
BSMO.US,5,20230523,185500,24.59,24.59,24.57,24.57,970,0
BSMO.US,5,20230523,192000,24.6099,24.6099,24.6099,24.6099,750,0
BSMO.US,5,20230523,193000,24.58,24.58,24.58,24.58,400,0
BSMO.US,5,20230523,203000,24.571,24.571,24.57,24.571,914,0
BSMO.US,5,20230523,210000,24.59,24.61,24.59,24.59,2000,0
BSMO.US,5,20230523,215500,24.609,24.609,24.609,24.609,100,0
BSMO.US,5,20230524,162500,24.609,24.61,24.609,24.6099,400,0
BSMO.US,5,20230524,164000,24.5945,24.5945,24.5945,24.5945,152,0
BSMO.US,5,20230524,165500,24.61,24.61,24.61,24.61,100,0
BSMO.US,5,20230524,172000,24.59,24.59,24.59,24.59,349,0
BSMO.US,5,20230524,174500,24.61,24.61,24.57,24.57,3568,0
BSMO.US,5,20230524,190500,24.6,24.6,24.6,24.6,100,0
BSMO.US,5,20230524,195500,24.585,24.585,24.56,24.56,3218,0
BSMO.US,5,20230524,201500,24.572,24.572,24.572,24.572,1126,0
BSMO.US,5,20230524,205000,24.6,24.63,24.57,24.61,5527,0
BSMO.US,5,20230524,205500,24.58,24.5801,24.58,24.5801,290,0
BSMO.US,5,20230524,210000,24.5995,24.6,24.56,24.6,2763,0
BSMO.US,5,20230524,213000,24.585,24.585,24.58,24.58,4225,0
BSMO.US,5,20230524,215500,24.58,24.58,24.56,24.56,1094,0
BSMO.US,5,20230525,160000,24.61,24.61,24.61,24.61,1000,0
BSMO.US,5,20230525,165000,24.605,24.605,24.605,24.605,175,0
BSMO.US,5,20230525,170000,24.605,24.605,24.605,24.605,100,0
BSMO.US,5,20230525,180000,24.6093,24.6093,24.6093,24.6093,2000,0
BSMO.US,5,20230525,181500,24.605,24.61,24.605,24.61,599,0
BSMO.US,5,20230525,183500,24.605,24.605,24.6,24.6008,1850,0
BSMO.US,5,20230525,185500,24.6001,24.61,24.6,24.605,10448,0
BSMO.US,5,20230525,192000,24.605,24.605,24.605,24.605,100,0
BSMO.US,5,20230525,200500,24.605,24.605,24.605,24.605,448,0
BSMO.US,5,20230525,203500,24.6001,24.6001,24.6,24.6,642,0
BSMO.US,5,20230525,204500,24.6001,24.61,24.6,24.61,1409,0
BSMO.US,5,20230525,211500,24.6,24.6,24.6,24.6,205,0
BSMO.US,5,20230525,213500,24.6,24.6,24.6,24.6,133,0
BSMO.US,5,20230525,214000,24.605,24.605,24.605,24.605,100,0
BSMO.US,5,20230525,214500,24.6,24.6,24.6,24.6,117,0
BSMO.US,5,20230525,215000,24.6099,24.61,24.6099,24.61,204,0
BSMO.US,5,20230525,215500,24.6,24.6,24.6,24.6,108,0
BSMO.US,5,20230526,153000,24.65,24.65,24.629,24.629,1715,0
BSMO.US,5,20230526,154500,24.63,24.63,24.63,24.63,2000,0
BSMO.US,5,20230526,160500,24.59,24.59,24.581,24.581,200,0
BSMO.US,5,20230526,161500,24.5901,24.5901,24.5901,24.5901,2000,0
BSMO.US,5,20230526,165000,24.5901,24.5901,24.59,24.59,384,0
BSMO.US,5,20230526,184000,24.581,24.581,24.581,24.581,100,0
BSMO.US,5,20230526,194000,24.58,24.6,24.58,24.6,300,0
BSMO.US,5,20230526,195000,24.58,24.5801,24.58,24.5801,212,0
BSMO.US,5,20230526,205000,24.62,24.62,24.62,24.62,100,0
BSMO.US,5,20230526,205500,24.605,24.62,24.605,24.62,2031,0
BSMO.US,5,20230526,215500,24.62,24.62,24.62,24.62,100,0
BSMO.US,5,20230530,153000,24.64,24.64,24.64,24.64,203,0
BSMO.US,5,20230530,155000,24.61,24.61,24.61,24.61,500,0
BSMO.US,5,20230530,160000,24.615,24.615,24.615,24.615,218,0
BSMO.US,5,20230530,170000,24.64,24.65,24.64,24.65,2000,0
BSMO.US,5,20230530,172000,24.639,24.639,24.639,24.639,812,0
BSMO.US,5,20230530,173500,24.625,24.6399,24.625,24.6399,511,0
BSMO.US,5,20230530,174000,24.625,24.625,24.625,24.625,950,0
BSMO.US,5,20230530,174500,24.625,24.625,24.61,24.61,1534,0
BSMO.US,5,20230530,183500,24.625,24.625,24.625,24.625,100,0
BSMO.US,5,20230530,185500,24.625,24.6381,24.625,24.6381,817,0
BSMO.US,5,20230530,192000,24.6399,24.6399,24.61,24.61,505,0
BSMO.US,5,20230530,193000,24.611,24.611,24.61,24.61,300,0
BSMO.US,5,20230530,194000,24.64,24.65,24.61,24.61,5263,0
BSMO.US,5,20230530,195500,24.625,24.625,24.625,24.625,163,0
BSMO.US,5,20230530,204500,24.6499,24.65,24.6499,24.65,334,0
BSMO.US,5,20230530,205000,24.65,24.65,24.65,24.65,162,0
BSMO.US,5,20230530,210500,24.61,24.62,24.61,24.62,300,0
BSMO.US,5,20230530,211000,24.61,24.61,24.61,24.61,200,0
BSMO.US,5,20230530,211500,24.6101,24.6101,24.61,24.61,853,0
BSMO.US,5,20230530,212000,24.61,24.61,24.61,24.61,200,0
BSMO.US,5,20230530,212500,24.61,24.625,24.61,24.625,1622,0
BSMO.US,5,20230530,213000,24.61,24.61,24.61,24.61,200,0
BSMO.US,5,20230530,213500,24.61,24.61,24.61,24.61,200,0
BSMO.US,5,20230530,214000,24.61,24.61,24.61,24.61,300,0
BSMO.US,5,20230530,214500,24.61,24.61,24.61,24.61,200,0
BSMO.US,5,20230530,215000,24.61,24.61,24.61,24.61,200,0
BSMO.US,5,20230530,215500,24.61,24.64,24.61,24.64,600,0
BSMO.US,5,20230531,155500,24.64,24.64,24.64,24.64,600,0
BSMO.US,5,20230531,160000,24.635,24.635,24.635,24.635,100,0
BSMO.US,5,20230531,164000,24.6307,24.6307,24.6307,24.6307,116,0
BSMO.US,5,20230531,165500,24.64,24.64,24.64,24.64,168,0
BSMO.US,5,20230531,180000,24.644,24.644,24.644,24.644,400,0
BSMO.US,5,20230531,181000,24.63,24.6301,24.58,24.58,7528,0
BSMO.US,5,20230531,185500,24.6499,24.6499,24.6499,24.6499,407,0
BSMO.US,5,20230531,192000,24.6499,24.6499,24.6499,24.6499,246,0
BSMO.US,5,20230531,194500,24.64,24.64,24.6301,24.6301,416,0
BSMO.US,5,20230531,201000,24.64,24.64,24.64,24.64,100,0
BSMO.US,5,20230531,204000,24.64,24.65,24.63,24.63,2877,0
BSMO.US,5,20230531,204500,24.635,24.65,24.635,24.65,1070,0
BSMO.US,5,20230531,210500,24.6301,24.64,24.63,24.63,1440,0
BSMO.US,5,20230531,211000,24.65,24.65,24.635,24.635,1559,0
BSMO.US,5,20230601,170500,24.65,24.65,24.65,24.65,100,0
BSMO.US,5,20230601,171500,24.65,24.6501,24.65,24.6501,798,0
BSMO.US,5,20230601,172500,24.68,24.68,24.65,24.65,800,0
BSMO.US,5,20230601,181000,24.65,24.6501,24.65,24.65,1150,0
BSMO.US,5,20230601,183500,24.66,24.68,24.65,24.65,1833,0
BSMO.US,5,20230601,184000,24.6644,24.6644,24.65,24.65,1504,0
BSMO.US,5,20230601,184500,24.6798,24.6798,24.65,24.65,644,0
BSMO.US,5,20230601,190000,24.68,24.68,24.65,24.65,1954,0
BSMO.US,5,20230601,190500,24.68,24.68,24.68,24.68,288,0
BSMO.US,5,20230601,191000,24.651,24.651,24.65,24.65,1016,0
BSMO.US,5,20230601,205000,24.68,24.68,24.65,24.68,3036,0
BSMO.US,5,20230601,211000,24.68,24.68,24.65,24.6799,3604,0
BSMO.US,5,20230601,211500,24.65,24.65,24.65,24.65,200,0
BSMO.US,5,20230601,212000,24.65,24.65,24.65,24.65,100,0
BSMO.US,5,20230601,212500,24.65,24.65,24.65,24.65,100,0
BSMO.US,5,20230601,213000,24.65,24.65,24.65,24.65,100,0
BSMO.US,5,20230601,214500,24.665,24.68,24.65,24.665,1713,0
BSMO.US,5,20230601,215500,24.68,24.68,24.68,24.68,177,0
BSMO.US,5,20230602,155000,24.65,24.65,24.65,24.65,565,0
BSMO.US,5,20230602,164000,24.68,24.68,24.6799,24.6799,404,0
BSMO.US,5,20230602,173000,24.665,24.665,24.665,24.665,615,0
BSMO.US,5,20230602,180500,24.665,24.665,24.665,24.665,157,0
BSMO.US,5,20230602,191500,24.66,24.66,24.64,24.64,4115,0
BSMO.US,5,20230602,201000,24.6699,24.6699,24.6699,24.6699,2029,0
BSMO.US,5,20230602,204000,24.655,24.655,24.655,24.655,688,0
BSMO.US,5,20230602,205500,24.655,24.655,24.655,24.655,300,0
BSMO.US,5,20230602,211500,24.64,24.64,24.64,24.64,245,0
BSMO.US,5,20230605,165500,24.665,24.68,24.665,24.68,441,0
BSMO.US,5,20230605,173000,24.68,24.68,24.68,24.68,1000,0
BSMO.US,5,20230605,182500,24.651,24.6699,24.63,24.6301,3839,0
BSMO.US,5,20230605,183500,24.6699,24.6699,24.6699,24.6699,120,0
BSMO.US,5,20230605,184000,24.67,24.67,24.67,24.67,100,0
BSMO.US,5,20230605,185000,24.66,24.6601,24.66,24.6601,354,0
BSMO.US,5,20230605,185500,24.67,24.67,24.66,24.66,372,0
BSMO.US,5,20230605,190000,24.68,24.68,24.68,24.68,109,0
BSMO.US,5,20230605,191000,24.68,24.68,24.6799,24.6799,4012,0
BSMO.US,5,20230605,202500,24.67,24.67,24.67,24.67,100,0
BSMO.US,5,20230605,211500,24.6799,24.68,24.6799,24.68,4052,0
BSMO.US,5,20230606,153000,24.67,24.67,24.67,24.67,128,0
BSMO.US,5,20230606,163000,24.67,24.67,24.67,24.67,775,0
BSMO.US,5,20230606,165500,24.68,24.68,24.6799,24.68,1754,0
BSMO.US,5,20230606,180000,24.67,24.67,24.67,24.67,537,0
BSMO.US,5,20230606,180500,24.66,24.661,24.66,24.66,4369,0
BSMO.US,5,20230606,182500,24.67,24.67,24.67,24.67,607,0
BSMO.US,5,20230606,183000,24.6799,24.6799,24.62,24.62,10624,0
BSMO.US,5,20230606,190000,24.6799,24.6799,24.6799,24.6799,811,0
BSMO.US,5,20230606,191000,24.66,24.66,24.62,24.62,6377,0
BSMO.US,5,20230606,192000,24.661,24.661,24.661,24.661,200,0
BSMO.US,5,20230606,193500,24.66,24.66,24.66,24.66,130,0
BSMO.US,5,20230606,201000,24.68,24.68,24.6799,24.6799,930,0
BSMO.US,5,20230606,202500,24.6799,24.6799,24.6799,24.6799,235,0
BSMO.US,5,20230606,203000,24.68,24.68,24.67,24.68,3208,0
BSMO.US,5,20230606,205500,24.67,24.67,24.66,24.66,3410,0
BSMO.US,5,20230606,210000,24.68,24.68,24.6799,24.6799,582,0
BSMO.US,5,20230606,212500,24.66,24.66,24.66,24.66,225,0
BSMO.US,5,20230606,214000,24.6699,24.6699,24.6699,24.6699,813,0
BSMO.US,5,20230606,215000,24.68,24.68,24.68,24.68,721,0
BSMO.US,5,20230606,215500,24.67,24.67,24.67,24.67,100,0
BSMO.US,5,20230607,163500,24.67,24.6701,24.67,24.67,1074,0
BSMO.US,5,20230607,164000,24.68,24.68,24.68,24.68,6015,0
BSMO.US,5,20230607,165000,24.68,24.68,24.67,24.67,1100,0
BSMO.US,5,20230607,173500,24.6899,24.6899,24.6899,24.6899,311,0
BSMO.US,5,20230607,175000,24.67,24.6701,24.67,24.6701,338,0
BSMO.US,5,20230607,175500,24.69,24.69,24.69,24.69,119,0
BSMO.US,5,20230607,182500,24.69,24.69,24.6899,24.6899,1324,0
BSMO.US,5,20230607,183000,24.6898,24.6898,24.6898,24.6898,230,0
BSMO.US,5,20230607,183500,24.6899,24.6899,24.6899,24.6899,135,0
BSMO.US,5,20230607,184500,24.69,24.69,24.678,24.684,6224,0
BSMO.US,5,20230607,191500,24.689,24.69,24.689,24.6899,3569,0
BSMO.US,5,20230607,192000,24.69,24.69,24.69,24.69,100,0
BSMO.US,5,20230607,192500,24.685,24.685,24.685,24.685,928,0
BSMO.US,5,20230607,194000,24.68,24.68,24.68,24.68,500,0
BSMO.US,5,20230607,200500,24.685,24.685,24.685,24.685,981,0
BSMO.US,5,20230607,201000,24.685,24.685,24.685,24.685,306,0
BSMO.US,5,20230607,203000,24.69,24.69,24.69,24.69,100,0
BSMO.US,5,20230607,205000,24.68,24.68,24.68,24.68,100,0
BSMO.US,5,20230607,213000,24.685,24.6899,24.685,24.6899,347,0
BSMO.US,5,20230607,214500,24.69,24.69,24.69,24.69,110,0
BSMO.US,5,20230607,215500,24.69,24.69,24.69,24.69,796,0
BSMO.US,5,20230608,164000,24.709,24.709,24.709,24.709,2164,0
BSMO.US,5,20230608,170500,24.68,24.68,24.68,24.68,100,0
BSMO.US,5,20230608,172000,24.71,24.71,24.71,24.71,178,0
BSMO.US,5,20230608,173000,24.71,24.71,24.7002,24.7002,4462,0
BSMO.US,5,20230608,201500,24.68,24.68,24.68,24.68,600,0
BSMO.US,5,20230608,205500,24.6803,24.6803,24.6803,24.6803,359,0
BSMO.US,5,20230608,211500,24.6863,24.69,24.6863,24.69,600,0
BSMO.US,5,20230608,215000,24.69,24.69,24.6899,24.6899,606,0
BSMO.US,5,20230608,215500,24.69,24.69,24.685,24.685,300,0
BSMO.US,5,20230609,164500,24.6989,24.6989,24.6989,24.6989,439,0
BSMO.US,5,20230609,171500,24.68,24.68,24.68,24.68,1008,0
BSMO.US,5,20230609,174500,24.695,24.705,24.695,24.705,914,0
BSMO.US,5,20230609,175500,24.7099,24.71,24.7099,24.71,446,0
BSMO.US,5,20230609,181000,24.71,24.71,24.71,24.71,1000,0
BSMO.US,5,20230609,182000,24.71,24.71,24.71,24.71,625,0
BSMO.US,5,20230609,185500,24.71,24.71,24.7099,24.7099,200,0
BSMO.US,5,20230609,191000,24.68,24.68,24.68,24.68,4150,0
BSMO.US,5,20230609,210000,24.681,24.681,24.68,24.68,1040,0
BSMO.US,5,20230609,212500,24.6819,24.695,24.6819,24.695,625,0
BSMO.US,5,20230609,213000,24.68,24.68,24.68,24.68,2025,0
BSMO.US,5,20230609,215500,24.69,24.69,24.69,24.69,1400,0
BSMO.US,5,20230612,153000,24.68,24.68,24.68,24.68,1622,0
BSMO.US,5,20230612,154000,24.71,24.71,24.69,24.69,200,0
BSMO.US,5,20230612,155000,24.71,24.71,24.71,24.71,100,0
BSMO.US,5,20230612,160500,24.71,24.71,24.71,24.71,100,0
BSMO.US,5,20230612,161000,24.69,24.69,24.69,24.69,100,0
BSMO.US,5,20230612,162000,24.71,24.71,24.71,24.71,100,0
BSMO.US,5,20230612,164000,24.7067,24.71,24.7067,24.71,202,0
BSMO.US,5,20230612,165000,24.7,24.7,24.7,24.7,526,0
BSMO.US,5,20230612,170000,24.71,24.71,24.71,24.71,100,0
BSMO.US,5,20230612,170500,24.69,24.69,24.69,24.69,100,0
BSMO.US,5,20230612,172000,24.7,24.7,24.7,24.7,100,0
BSMO.US,5,20230612,173500,24.6999,24.6999,24.6999,24.6999,281,0
BSMO.US,5,20230612,174500,24.7,24.7,24.7,24.7,100,0
BSMO.US,5,20230612,184000,24.71,24.71,24.71,24.71,100,0
BSMO.US,5,20230612,184500,24.7,24.7,24.7,24.7,840,0
BSMO.US,5,20230612,185000,24.69,24.69,24.69,24.69,1486,0
BSMO.US,5,20230612,191000,24.71,24.71,24.71,24.71,100,0
BSMO.US,5,20230612,193500,24.71,24.71,24.71,24.71,100,0
BSMO.US,5,20230612,200500,24.71,24.71,24.71,24.71,100,0
BSMO.US,5,20230612,201000,24.7099,24.7099,24.7099,24.7099,105,0
BSMO.US,5,20230612,202500,24.6901,24.6901,24.69,24.69,582,0
BSMO.US,5,20230612,203500,24.71,24.71,24.71,24.71,100,0
BSMO.US,5,20230612,204500,24.69,24.69,24.68,24.68,600,0
BSMO.US,5,20230612,205500,24.68,24.68,24.68,24.68,400,0
BSMO.US,5,20230612,211000,24.69,24.69,24.69,24.69,100,0
BSMO.US,5,20230612,213000,24.69,24.69,24.69,24.69,100,0
BSMO.US,5,20230612,214000,24.69,24.69,24.685,24.685,6900,0
BSMO.US,5,20230612,214500,24.69,24.69,24.685,24.685,200,0
BSMO.US,5,20230612,215000,24.69,24.69,24.69,24.69,100,0
BSMO.US,5,20230612,215500,24.685,24.685,24.68,24.6801,1024,0
BSMO.US,5,20230613,153000,24.78,24.78,24.78,24.78,3662,0
BSMO.US,5,20230613,154500,24.69,24.69,24.69,24.69,100,0
BSMO.US,5,20230613,160500,24.692,24.692,24.692,24.692,100,0
BSMO.US,5,20230613,162000,24.69,24.69,24.69,24.69,100,0
BSMO.US,5,20230613,163500,24.69,24.692,24.65,24.6907,13300,0
BSMO.US,5,20230613,164000,24.7,24.72,24.7,24.72,353,0
BSMO.US,5,20230613,165000,24.68,24.68,24.68,24.68,100,0
BSMO.US,5,20230613,171500,24.68,24.68,24.68,24.68,100,0
BSMO.US,5,20230613,172500,24.7099,24.7099,24.7099,24.7099,124,0
BSMO.US,5,20230613,173500,24.6801,24.6801,24.6801,24.6801,203,0
BSMO.US,5,20230613,174000,24.68,24.68,24.68,24.68,100,0
BSMO.US,5,20230613,181500,24.68,24.68,24.68,24.68,100,0
BSMO.US,5,20230613,182500,24.6999,24.7,24.6999,24.7,278,0
BSMO.US,5,20230613,183500,24.7,24.7,24.695,24.6999,513,0
BSMO.US,5,20230613,185000,24.69,24.7,24.69,24.7,362,0
BSMO.US,5,20230613,192500,24.69,24.69,24.69,24.69,100,0
BSMO.US,5,20230613,200000,24.69,24.69,24.69,24.69,100,0
BSMO.US,5,20230613,204000,24.69,24.69,24.69,24.69,100,0
BSMO.US,5,20230613,211500,24.695,24.695,24.695,24.695,303,0
BSMO.US,5,20230613,212500,24.69,24.69,24.69,24.69,100,0
BSMO.US,5,20230613,214500,24.7,24.7,24.6999,24.6999,238,0
BSMO.US,5,20230613,215500,24.692,24.692,24.692,24.692,522,0
BSMO.US,5,20230614,153000,24.64,24.64,24.64,24.64,2794,0
BSMO.US,5,20230614,154500,24.71,24.71,24.71,24.71,600,0
BSMO.US,5,20230614,162000,24.71,24.71,24.71,24.71,100,0
BSMO.US,5,20230614,162500,24.71,24.7117,24.71,24.7117,2856,0
BSMO.US,5,20230614,174000,24.7,24.7001,24.7,24.7001,422,0
BSMO.US,5,20230614,174500,24.7,24.7,24.7,24.7,100,0
BSMO.US,5,20230614,175000,24.7,24.7,24.7,24.7,100,0
BSMO.US,5,20230614,181000,24.7,24.7,24.7,24.7,200,0
BSMO.US,5,20230614,181500,24.7,24.7,24.7,24.7,100,0
BSMO.US,5,20230614,182000,24.7,24.7,24.7,24.7,200,0
BSMO.US,5,20230614,183000,24.7,24.7,24.69,24.69,10189,0
BSMO.US,5,20230614,183500,24.7099,24.7099,24.7099,24.7099,786,0
BSMO.US,5,20230614,184000,24.69,24.6901,24.69,24.6901,2488,0
BSMO.US,5,20230614,185000,24.69,24.7099,24.69,24.69,1820,0
BSMO.US,5,20230614,190000,24.7,24.7,24.69,24.69,300,0
BSMO.US,5,20230614,191000,24.691,24.691,24.691,24.691,100,0
BSMO.US,5,20230614,191500,24.691,24.691,24.691,24.691,139,0
BSMO.US,5,20230614,192000,24.69,24.69,24.69,24.69,100,0
BSMO.US,5,20230614,192500,24.704,24.704,24.704,24.704,1600,0
BSMO.US,5,20230614,193000,24.7,24.7,24.7,24.7,100,0
BSMO.US,5,20230614,194000,24.7,24.7,24.7,24.7,200,0
BSMO.US,5,20230614,194500,24.7,24.7,24.69,24.69,200,0
BSMO.US,5,20230614,195000,24.69,24.69,24.69,24.69,100,0
BSMO.US,5,20230614,200500,24.65,24.65,24.65,24.65,200,0
BSMO.US,5,20230614,201000,24.65,24.66,24.65,24.66,400,0
BSMO.US,5,20230614,202000,24.66,24.69,24.66,24.67,400,0
BSMO.US,5,20230614,202500,24.661,24.67,24.661,24.67,1069,0
BSMO.US,5,20230614,203500,24.685,24.685,24.67,24.67,3547,0
BSMO.US,5,20230614,204000,24.684,24.684,24.684,24.684,400,0
BSMO.US,5,20230614,204500,24.67,24.67,24.67,24.67,100,0
BSMO.US,5,20230614,205000,24.6992,24.6992,24.67,24.67,4153,0
BSMO.US,5,20230614,205500,24.68,24.68,24.68,24.68,100,0
BSMO.US,5,20230614,210000,24.68,24.68,24.68,24.68,100,0
BSMO.US,5,20230614,210500,24.7099,24.71,24.7099,24.71,300,0
BSMO.US,5,20230614,211000,24.68,24.68,24.68,24.68,500,0
BSMO.US,5,20230614,211500,24.68,24.68,24.68,24.68,100,0
BSMO.US,5,20230614,212000,24.67,24.67,24.67,24.67,100,0
BSMO.US,5,20230614,213000,24.67,24.67,24.67,24.67,100,0
BSMO.US,5,20230614,213500,24.67,24.67,24.67,24.67,100,0
BSMO.US,5,20230614,214500,24.67,24.67,24.67,24.67,100,0
BSMO.US,5,20230614,215500,24.68,24.68,24.68,24.68,100,0
BSMO.US,5,20230615,153000,24.78,24.78,24.731,24.731,4068,0
BSMO.US,5,20230615,165000,24.71,24.71,24.71,24.71,210,0
BSMO.US,5,20230615,181000,24.71,24.7101,24.71,24.7101,332,0
BSMO.US,5,20230615,182500,24.72,24.72,24.72,24.72,218,0
BSMO.US,5,20230615,184000,24.7299,24.73,24.71,24.71,1518,0
BSMO.US,5,20230615,185000,24.72,24.72,24.72,24.72,179,0
BSMO.US,5,20230615,191000,24.7118,24.7118,24.7118,24.7118,126,0
BSMO.US,5,20230615,192500,24.72,24.72,24.72,24.72,25000,0
BSMO.US,5,20230615,194500,24.7115,24.7115,24.7115,24.7115,160,0
BSMO.US,5,20230615,195500,24.72,24.72,24.7,24.7,4730,0
BSMO.US,5,20230615,201000,24.7191,24.7191,24.7191,24.7191,923,0
BSMO.US,5,20230615,203000,24.715,24.715,24.715,24.715,242,0
BSMO.US,5,20230615,204000,24.73,24.73,24.71,24.71,4400,0
BSMO.US,5,20230615,204500,24.73,24.73,24.71,24.71,4650,0
BSMO.US,5,20230615,205000,24.72,24.72,24.72,24.72,100,0
BSMO.US,5,20230615,211500,24.73,24.73,24.73,24.73,404,0
BSMO.US,5,20230615,212500,24.7101,24.72,24.71,24.71,2320,0
BSMO.US,5,20230615,214000,24.7185,24.7185,24.7185,24.7185,215,0
BSMO.US,5,20230615,215500,24.725,24.725,24.725,24.725,106,0
BSMO.US,5,20230616,155000,24.75,24.75,24.7499,24.7499,2424,0
BSMO.US,5,20230616,155500,24.7,24.75,24.7,24.7499,8642,0
BSMO.US,5,20230616,160500,24.75,24.75,24.7499,24.7499,864,0
BSMO.US,5,20230616,161500,24.75,24.75,24.75,24.75,500,0
BSMO.US,5,20230616,163500,24.725,24.725,24.71,24.71,709,0
BSMO.US,5,20230616,164000,24.725,24.725,24.725,24.725,156,0
BSMO.US,5,20230616,165500,24.725,24.725,24.725,24.725,178,0
BSMO.US,5,20230616,174500,24.7391,24.7391,24.7391,24.7391,325,0
BSMO.US,5,20230616,180500,24.74,24.75,24.74,24.75,432,0
BSMO.US,5,20230616,182500,24.7333,24.7333,24.7333,24.7333,154,0
BSMO.US,5,20230616,183500,24.7374,24.7374,24.7374,24.7374,180,0
BSMO.US,5,20230616,190000,24.73,24.73,24.73,24.73,100,0
BSMO.US,5,20230616,190500,24.73,24.73,24.73,24.73,253,0
BSMO.US,5,20230616,191500,24.73,24.73,24.73,24.73,400,0
BSMO.US,5,20230616,192000,24.73,24.74,24.72,24.72,691,0
BSMO.US,5,20230616,192500,24.73,24.73,24.73,24.73,100,0
BSMO.US,5,20230616,193000,24.73,24.7301,24.73,24.7301,222,0
BSMO.US,5,20230616,193500,24.73,24.73,24.73,24.73,100,0
BSMO.US,5,20230616,194000,24.73,24.73,24.73,24.73,100,0
BSMO.US,5,20230616,194500,24.722,24.722,24.72,24.72,3000,0
BSMO.US,5,20230616,195000,24.71,24.71,24.71,24.71,100,0
BSMO.US,5,20230616,195500,24.71,24.71,24.71,24.71,100,0
BSMO.US,5,20230616,200500,24.71,24.71,24.71,24.71,100,0
BSMO.US,5,20230616,201000,24.71,24.71,24.71,24.71,100,0
BSMO.US,5,20230616,201500,24.71,24.71,24.71,24.71,100,0
BSMO.US,5,20230616,202000,24.7236,24.7236,24.7236,24.7236,116,0
BSMO.US,5,20230616,202500,24.74,24.74,24.71,24.71,562,0
BSMO.US,5,20230616,203000,24.71,24.71,24.71,24.71,100,0
BSMO.US,5,20230616,203500,24.725,24.725,24.725,24.725,133,0
BSMO.US,5,20230616,204000,24.71,24.71,24.71,24.71,100,0
BSMO.US,5,20230616,204500,24.71,24.71,24.71,24.71,100,0
BSMO.US,5,20230616,205000,24.71,24.74,24.71,24.73,400,0
BSMO.US,5,20230616,210000,24.72,24.72,24.72,24.72,100,0
BSMO.US,5,20230616,210500,24.71,24.71,24.71,24.71,100,0
BSMO.US,5,20230616,211000,24.71,24.71,24.71,24.71,100,0
BSMO.US,5,20230616,211500,24.71,24.71,24.71,24.71,100,0
BSMO.US,5,20230616,212000,24.71,24.71,24.71,24.71,100,0
BSMO.US,5,20230616,212500,24.73,24.738,24.72,24.72,1314,0
BSMO.US,5,20230616,213500,24.72,24.7299,24.72,24.72,2408,0
BSMO.US,5,20230616,214000,24.71,24.71,24.7,24.7,200,0
BSMO.US,5,20230616,214500,24.71,24.71,24.71,24.71,200,0
BSMO.US,5,20230616,215500,24.71,24.71,24.7,24.7,600,0
BSMO.US,5,20230620,153000,24.65,24.65,24.65,24.65,997,0
BSMO.US,5,20230620,165000,24.6951,24.6951,24.6951,24.6951,411,0
BSMO.US,5,20230620,181500,24.71,24.8,24.69,24.75,14739,0
BSMO.US,5,20230620,183500,24.72,24.72,24.72,24.72,200,0
BSMO.US,5,20230620,185000,24.71,24.71,24.7,24.7,365,0
BSMO.US,5,20230620,190500,24.7499,24.75,24.71,24.71,5492,0
BSMO.US,5,20230620,191500,24.71,24.71,24.71,24.71,200,0
BSMO.US,5,20230620,192500,24.71,24.71,24.71,24.71,200,0
BSMO.US,5,20230620,194000,24.74,24.74,24.7399,24.7399,626,0
BSMO.US,5,20230620,195000,24.71,24.711,24.7,24.7,4292,0
BSMO.US,5,20230620,195500,24.71,24.71,24.71,24.71,200,0
BSMO.US,5,20230620,201500,24.73,24.73,24.73,24.73,427,0
BSMO.US,5,20230620,203000,24.7101,24.7101,24.7101,24.7101,221,0
BSMO.US,5,20230620,210000,24.74,24.76,24.71,24.71,3917,0
BSMO.US,5,20230620,211000,24.725,24.74,24.71,24.71,1514,0
BSMO.US,5,20230620,213000,24.7191,24.7191,24.7191,24.7191,465,0
BSMO.US,5,20230620,215500,24.75,24.75,24.71,24.71,4395,0
BSMO.US,5,20230621,153000,24.75,24.75,24.75,24.75,156,0
BSMO.US,5,20230621,170500,24.71,24.7101,24.71,24.7101,736,0
BSMO.US,5,20230621,174500,24.72,24.72,24.7102,24.7102,2500,0
BSMO.US,5,20230621,185000,24.75,24.75,24.75,24.75,165,0
BSMO.US,5,20230621,190500,24.749,24.749,24.749,24.749,100,0
BSMO.US,5,20230621,192000,24.75,24.75,24.75,24.75,2806,0
BSMO.US,5,20230621,195500,24.7201,24.7201,24.72,24.72,864,0
BSMO.US,5,20230621,210000,24.75,24.75,24.75,24.75,194,0
BSMO.US,5,20230621,211000,24.745,24.75,24.745,24.75,400,0
BSMO.US,5,20230621,211500,24.749,24.749,24.749,24.749,290,0
BSMO.US,5,20230621,214000,24.745,24.745,24.745,24.745,460,0
BSMO.US,5,20230621,215000,24.7301,24.75,24.7301,24.75,4550,0
BSMO.US,5,20230621,215500,24.75,24.76,24.75,24.76,3172,0
BSMO.US,5,20230622,153000,24.76,24.76,24.76,24.76,142,0
BSMO.US,5,20230622,155000,24.7599,24.76,24.7599,24.76,422,0
BSMO.US,5,20230622,165500,24.759,24.76,24.759,24.76,2726,0
BSMO.US,5,20230622,170000,24.76,24.76,24.76,24.76,100,0
BSMO.US,5,20230622,170500,24.72,24.72,24.72,24.72,784,0
BSMO.US,5,20230622,173500,24.75,24.75,24.75,24.75,100,0
BSMO.US,5,20230622,174500,24.7249,24.7249,24.7249,24.7249,122,0
BSMO.US,5,20230622,180000,24.75,24.75,24.75,24.75,100,0
BSMO.US,5,20230622,183000,24.75,24.75,24.75,24.75,100,0
BSMO.US,5,20230622,200000,24.75,24.75,24.75,24.75,100,0
BSMO.US,5,20230622,203000,24.75,24.75,24.7499,24.7499,800,0
BSMO.US,5,20230622,205000,24.72,24.72,24.69,24.69,5000,0
BSMO.US,5,20230622,211500,24.744,24.75,24.741,24.747,1759,0
BSMO.US,5,20230622,212000,24.72,24.72,24.72,24.72,2023,0
BSMO.US,5,20230622,212500,24.74,24.74,24.74,24.74,100,0
BSMO.US,5,20230622,213000,24.725,24.725,24.725,24.725,284,0
BSMO.US,5,20230622,213500,24.74,24.74,24.74,24.74,100,0
BSMO.US,5,20230622,214500,24.74,24.74,24.74,24.74,100,0
BSMO.US,5,20230622,215500,24.74,24.74,24.74,24.74,100,0
BSMO.US,5,20230623,154000,24.7301,24.7301,24.7301,24.7301,339,0
BSMO.US,5,20230623,154500,24.77,24.77,24.7699,24.7699,1056,0
BSMO.US,5,20230623,160500,24.769,24.77,24.769,24.77,605,0
BSMO.US,5,20230623,163000,24.7419,24.7419,24.7419,24.7419,185,0
BSMO.US,5,20230623,171000,24.73,24.73,24.69,24.69,4733,0
BSMO.US,5,20230623,171500,24.72,24.72,24.69,24.69,1430,0
BSMO.US,5,20230623,173000,24.749,24.75,24.749,24.75,1733,0
BSMO.US,5,20230623,180500,24.741,24.741,24.741,24.741,200,0
BSMO.US,5,20230623,182500,24.7201,24.7309,24.7201,24.7309,1184,0
BSMO.US,5,20230623,201500,24.7215,24.7215,24.72,24.72,1404,0
BSMO.US,5,20230623,203000,24.75,24.75,24.72,24.72,12100,0
BSMO.US,5,20230623,204000,24.75,24.75,24.75,24.75,100,0
BSMO.US,5,20230623,210000,24.75,24.75,24.75,24.75,100,0
BSMO.US,5,20230623,210500,24.73,24.7373,24.73,24.7373,961,0
BSMO.US,5,20230623,212000,24.75,24.75,24.75,24.75,100,0
BSMO.US,5,20230623,213500,24.75,24.75,24.75,24.75,100,0
BSMO.US,5,20230623,215000,24.74,24.75,24.74,24.75,618,0
BSMO.US,5,20230623,215500,24.744,24.75,24.744,24.75,600,0
BSMO.US,5,20230626,160000,24.7691,24.7691,24.7691,24.7691,238,0
BSMO.US,5,20230626,162500,24.72,24.7298,24.72,24.72,700,0
BSMO.US,5,20230626,163000,24.72,24.72,24.7,24.7,2242,0
BSMO.US,5,20230626,172000,24.7517,24.7517,24.74,24.74,557,0
BSMO.US,5,20230626,173000,24.7294,24.76,24.7294,24.76,457,0
BSMO.US,5,20230626,174500,24.72,24.72,24.71,24.71,1291,0
BSMO.US,5,20230626,175000,24.72,24.72,24.72,24.72,200,0
BSMO.US,5,20230626,182000,24.735,24.735,24.735,24.735,325,0
BSMO.US,5,20230626,190500,24.75,24.75,24.75,24.75,165,0
BSMO.US,5,20230626,201500,24.7301,24.75,24.7301,24.74,2556,0
BSMO.US,5,20230626,202500,24.76,24.78,24.76,24.77,3700,0
BSMO.US,5,20230626,210000,24.76,24.76,24.75,24.75,600,0
BSMO.US,5,20230626,211000,24.75,24.76,24.75,24.76,4438,0
BSMO.US,5,20230626,213500,24.75,24.7501,24.75,24.7501,600,0
BSMO.US,5,20230626,215500,24.76,24.76,24.76,24.76,1700,0
BSMO.US,5,20230627,154500,24.731,24.731,24.731,24.731,1277,0
BSMO.US,5,20230627,155500,24.73,24.7301,24.73,24.7301,1092,0
BSMO.US,5,20230627,162000,24.7204,24.7204,24.7204,24.7204,636,0
BSMO.US,5,20230627,170500,24.739,24.74,24.739,24.74,1210,0
BSMO.US,5,20230627,173000,24.74,24.74,24.74,24.74,400,0
BSMO.US,5,20230627,180500,24.7201,24.74,24.7201,24.74,790,0
BSMO.US,5,20230627,183500,24.73,24.73,24.73,24.73,186,0
BSMO.US,5,20230627,184500,24.7249,24.7249,24.7249,24.7249,1100,0
BSMO.US,5,20230627,191500,24.74,24.76,24.72,24.76,3141,0
BSMO.US,5,20230627,211500,24.7543,24.7543,24.7543,24.7543,685,0
BSMO.US,5,20230627,212000,24.755,24.755,24.755,24.755,555,0
BSMO.US,5,20230628,153000,24.69,24.69,24.69,24.69,3435,0
BSMO.US,5,20230628,155000,24.755,24.755,24.755,24.755,183,0
BSMO.US,5,20230628,155500,24.765,24.765,24.765,24.765,260,0
BSMO.US,5,20230628,171500,24.78,24.78,24.7799,24.7799,478,0
BSMO.US,5,20230628,172000,24.74,24.74,24.74,24.74,100,0
BSMO.US,5,20230628,175000,24.76,24.76,24.74,24.74,690,0
BSMO.US,5,20230628,182000,24.74,24.74,24.74,24.74,100,0
BSMO.US,5,20230628,185000,24.74,24.74,24.74,24.74,100,0
BSMO.US,5,20230628,185500,24.75,24.75,24.75,24.75,20000,0
BSMO.US,5,20230628,191000,24.752,24.76,24.752,24.76,420,0
BSMO.US,5,20230628,192000,24.74,24.74,24.74,24.74,100,0
BSMO.US,5,20230628,194500,24.74,24.74,24.74,24.74,100,0
BSMO.US,5,20230628,201500,24.74,24.74,24.74,24.74,100,0
BSMO.US,5,20230628,204000,24.74,24.74,24.74,24.74,100,0
BSMO.US,5,20230628,205000,24.74,24.74,24.74,24.74,200,0
BSMO.US,5,20230628,205500,24.755,24.77,24.755,24.77,1134,0
BSMO.US,5,20230628,211500,24.76,24.77,24.76,24.77,308,0
BSMO.US,5,20230628,214000,24.75,24.75,24.75,24.75,100,0
BSMO.US,5,20230628,215000,24.75,24.75,24.75,24.75,100,0
BSMO.US,5,20230628,215500,24.74,24.74,24.74,24.74,100,0
BSMO.US,5,20230629,155000,24.755,24.755,24.755,24.755,297,0
BSMO.US,5,20230629,162000,24.7699,24.7699,24.755,24.755,3390,0
BSMO.US,5,20230629,170000,24.7401,24.77,24.7401,24.77,2990,0
BSMO.US,5,20230629,171500,24.7581,24.77,24.7581,24.77,700,0
BSMO.US,5,20230629,181000,24.755,24.77,24.755,24.77,1512,0
BSMO.US,5,20230629,182000,24.769,24.769,24.769,24.769,100,0
BSMO.US,5,20230629,183500,24.74,24.77,24.74,24.77,3415,0
BSMO.US,5,20230629,184500,24.7697,24.77,24.7697,24.77,807,0
BSMO.US,5,20230629,185500,24.76,24.78,24.76,24.78,2700,0
BSMO.US,5,20230629,190500,24.74,24.75,24.74,24.7499,1800,0
BSMO.US,5,20230629,191000,24.745,24.745,24.745,24.745,4318,0
BSMO.US,5,20230629,192000,24.76,24.76,24.76,24.76,100,0
BSMO.US,5,20230629,192500,24.7599,24.76,24.7599,24.76,700,0
BSMO.US,5,20230629,193000,24.745,24.745,24.745,24.745,100,0
BSMO.US,5,20230629,193500,24.745,24.7599,24.745,24.7599,605,0
BSMO.US,5,20230629,195500,24.76,24.76,24.76,24.76,100,0
BSMO.US,5,20230629,200500,24.76,24.76,24.76,24.76,100,0
BSMO.US,5,20230629,201500,24.76,24.76,24.745,24.76,1840,0
BSMO.US,5,20230629,202000,24.7305,24.7305,24.7305,24.7305,642,0
BSMO.US,5,20230629,204000,24.75,24.75,24.75,24.75,100,0
BSMO.US,5,20230629,204500,24.74,24.74,24.74,24.74,280,0
BSMO.US,5,20230629,210000,24.76,24.789,24.76,24.78,3666,0
BSMO.US,5,20230629,211500,24.7558,24.7558,24.7558,24.7558,1009,0
BSMO.US,5,20230629,212000,24.7569,24.7569,24.7569,24.7569,2900,0
BSMO.US,5,20230629,214500,24.76,24.77,24.7599,24.7599,3886,0
BSMO.US,5,20230629,215500,24.77,24.78,24.7699,24.78,2084,0
BSMO.US,5,20230630,153000,24.81,24.81,24.81,24.81,1000,0
BSMO.US,5,20230630,162500,24.76,24.76,24.76,24.76,1215,0
BSMO.US,5,20230630,172000,24.78,24.78,24.78,24.78,314,0
BSMO.US,5,20230630,172500,24.7401,24.78,24.74,24.7799,2213,0
BSMO.US,5,20230630,175000,24.7797,24.7797,24.7597,24.7597,773,0
BSMO.US,5,20230630,183000,24.79,24.79,24.7717,24.7717,1310,0
BSMO.US,5,20230630,184500,24.7401,24.7401,24.7401,24.7401,179,0
BSMO.US,5,20230630,190000,24.789,24.79,24.789,24.7899,550,0
BSMO.US,5,20230630,193000,24.79,24.79,24.789,24.7899,3666,0
BSMO.US,5,20230630,194000,24.79,24.79,24.79,24.79,900,0
BSMO.US,5,20230630,194500,24.76,24.7601,24.76,24.76,2188,0
BSMO.US,5,20230630,201500,24.775,24.775,24.775,24.775,654,0
BSMO.US,5,20230630,202000,24.789,24.79,24.789,24.79,1600,0
BSMO.US,5,20230630,204500,24.775,24.775,24.775,24.775,274,0
BSMO.US,5,20230630,210000,24.7601,24.7601,24.7601,24.7601,672,0
BSMO.US,5,20230703,153000,24.84,24.84,24.84,24.84,863,0
BSMO.US,5,20230703,162000,24.79,24.79,24.789,24.7899,1512,0
BSMO.US,5,20230703,170000,24.7601,24.7601,24.7601,24.7601,363,0
BSMO.US,5,20230703,170500,24.78,24.78,24.78,24.78,100,0
BSMO.US,5,20230703,180500,24.7795,24.7795,24.7795,24.7795,355,0
BSMO.US,5,20230703,183500,24.7501,24.7501,24.7501,24.7501,450,0
BSMO.US,5,20230703,185500,24.78,24.78,24.77,24.78,5040,0
BSMO.US,5,20230705,155000,24.7796,24.7796,24.7796,24.7796,911,0
BSMO.US,5,20230705,161500,24.7401,24.7401,24.74,24.74,560,0
BSMO.US,5,20230705,163000,24.7401,24.7401,24.7401,24.7401,148,0
BSMO.US,5,20230705,164500,24.74,24.74,24.74,24.74,300,0
BSMO.US,5,20230705,165500,24.7405,24.7405,24.7405,24.7405,525,0
BSMO.US,5,20230705,170500,24.776,24.78,24.768,24.78,1330,0
BSMO.US,5,20230705,171500,24.765,24.78,24.765,24.78,1462,0
BSMO.US,5,20230705,183500,24.78,24.78,24.765,24.78,1286,0
BSMO.US,5,20230705,195500,24.78,24.79,24.78,24.79,956,0
BSMO.US,5,20230705,202000,24.78,24.79,24.78,24.79,4236,0
BSMO.US,5,20230705,204000,24.77,24.77,24.77,24.77,100,0
BSMO.US,5,20230705,211500,24.77,24.77,24.77,24.77,235,0
BSMO.US,5,20230705,212500,24.76,24.77,24.74,24.77,5250,0
BSMO.US,5,20230705,214000,24.755,24.78,24.755,24.78,507,0
BSMO.US,5,20230706,153000,24.72,24.72,24.715,24.715,707,0
BSMO.US,5,20230706,165500,24.75,24.75,24.75,24.75,843,0
BSMO.US,5,20230706,171500,24.7792,24.7792,24.7792,24.7792,144,0
BSMO.US,5,20230706,173000,24.744,24.744,24.744,24.744,405,0
BSMO.US,5,20230706,180500,24.78,24.78,24.7799,24.7799,388,0
BSMO.US,5,20230706,182000,24.7446,24.7446,24.7446,24.7446,240,0
BSMO.US,5,20230706,183000,24.73,24.73,24.73,24.73,168,0
BSMO.US,5,20230706,183500,24.73,24.73,24.73,24.73,143,0
BSMO.US,5,20230706,185000,24.76,24.77,24.73,24.753,28997,0
BSMO.US,5,20230706,185500,24.7397,24.77,24.7397,24.77,606,0
BSMO.US,5,20230706,190000,24.755,24.755,24.755,24.755,111,0
BSMO.US,5,20230706,191000,24.77,24.77,24.77,24.77,756,0
BSMO.US,5,20230706,194000,24.77,24.78,24.7699,24.78,3936,0
BSMO.US,5,20230706,194500,24.78,24.78,24.7799,24.7799,400,0
BSMO.US,5,20230706,195500,24.7787,24.78,24.7787,24.78,2410,0
BSMO.US,5,20230706,200500,24.75,24.77,24.7,24.77,3883,0
BSMO.US,5,20230706,202500,24.7501,24.79,24.7501,24.79,5196,0
BSMO.US,5,20230706,203000,24.79,24.79,24.79,24.79,2700,0
BSMO.US,5,20230706,203500,24.79,24.79,24.79,24.79,2000,0
BSMO.US,5,20230706,204000,24.79,24.79,24.79,24.79,2700,0
BSMO.US,5,20230706,204500,24.79,24.79,24.788,24.79,2500,0
BSMO.US,5,20230706,205000,24.79,24.8,24.79,24.8,7700,0
BSMO.US,5,20230706,205500,24.8,24.8,24.79,24.8,14060,0
BSMO.US,5,20230706,210000,24.8,24.8,24.78,24.78,4000,0
BSMO.US,5,20230706,210500,24.8,24.8,24.79,24.8,1700,0
BSMO.US,5,20230706,211000,24.8,24.81,24.79,24.79,14651,0
BSMO.US,5,20230706,211500,24.8,24.8,24.8,24.8,12000,0
BSMO.US,5,20230706,212000,24.8,24.8,24.79,24.8,5300,0
BSMO.US,5,20230706,212500,24.8,24.8,24.8,24.8,3900,0
BSMO.US,5,20230706,213000,24.8,24.8,24.8,24.8,5200,0
BSMO.US,5,20230706,213500,24.8,24.8,24.7901,24.8,2000,0
BSMO.US,5,20230706,214000,24.8,24.8,24.799,24.8,13400,0
BSMO.US,5,20230706,214500,24.8,24.8,24.8,24.8,6200,0
BSMO.US,5,20230706,215000,24.8,24.8,24.8,24.8,8700,0
BSMO.US,5,20230706,215500,24.8,24.86,24.8,24.83,23300,0
BSMO.US,5,20230707,153500,24.7401,24.7401,24.74,24.74,600,0
BSMO.US,5,20230707,154000,24.79,24.79,24.79,24.79,1500,0
BSMO.US,5,20230707,160000,24.775,24.775,24.775,24.775,604,0
BSMO.US,5,20230707,162000,24.76,24.76,24.7516,24.7516,1835,0
BSMO.US,5,20230707,171500,24.76,24.76,24.76,24.76,44746,0
BSMO.US,5,20230707,172500,24.7758,24.7758,24.7758,24.7758,456,0
BSMO.US,5,20230707,173500,24.77,24.7798,24.77,24.7798,3900,0
BSMO.US,5,20230707,175500,24.775,24.775,24.775,24.775,1324,0
BSMO.US,5,20230707,180500,24.78,24.78,24.78,24.78,587,0
BSMO.US,5,20230707,182500,24.77,24.79,24.77,24.79,882,0
BSMO.US,5,20230707,185500,24.7701,24.7701,24.7701,24.7701,1443,0
BSMO.US,5,20230707,191500,24.78,24.78,24.78,24.78,127,0
BSMO.US,5,20230707,203500,24.789,24.79,24.789,24.7899,706,0
BSMO.US,5,20230707,204500,24.789,24.79,24.789,24.79,200,0
BSMO.US,5,20230707,210000,24.7701,24.779,24.76,24.76,2752,0
BSMO.US,5,20230707,211500,24.7597,24.78,24.7597,24.78,2436,0
BSMO.US,5,20230707,213000,24.7797,24.8,24.7797,24.8,3968,0
BSMO.US,5,20230707,214500,24.7633,24.7633,24.7633,24.7633,162,0
BSMO.US,5,20230707,215500,24.78,24.78,24.78,24.78,251,0
