<TICKER>,<PER>,<DATE>,<TIME>,<OPEN>,<HIGH>,<LOW>,<CLOSE>,<VOL>,<OPENINT>
BSMP.US,5,20230522,163000,24.23,24.24,24.2299,24.24,1255,0
BSMP.US,5,20230522,165000,24.239,24.24,24.239,24.2399,636,0
BSMP.US,5,20230522,181500,24.21,24.23,24.21,24.23,644,0
BSMP.US,5,20230522,184000,24.2101,24.2101,24.21,24.21,478,0
BSMP.US,5,20230522,185500,24.24,24.24,24.2399,24.2399,2424,0
BSMP.US,5,20230522,190500,24.23,24.23,24.23,24.23,100,0
BSMP.US,5,20230522,200000,24.22,24.23,24.22,24.23,3714,0
BSMP.US,5,20230522,201000,24.219,24.22,24.219,24.2199,2464,0
BSMP.US,5,20230522,210000,24.22,24.22,24.22,24.22,564,0
BSMP.US,5,20230522,212500,24.21,24.21,24.21,24.21,335,0
BSMP.US,5,20230522,213000,24.2,24.2,24.2,24.2,131,0
BSMP.US,5,20230523,153000,24.24,24.24,24.24,24.24,1872,0
BSMP.US,5,20230523,154000,24.22,24.22,24.2199,24.2199,200,0
BSMP.US,5,20230523,155000,24.21,24.21,24.21,24.21,300,0
BSMP.US,5,20230523,160500,24.19,24.19,24.19,24.19,2249,0
BSMP.US,5,20230523,162500,24.19,24.1901,24.19,24.1901,582,0
BSMP.US,5,20230523,173500,24.2,24.2001,24.2,24.2001,974,0
BSMP.US,5,20230523,182500,24.21,24.21,24.21,24.21,331,0
BSMP.US,5,20230523,185000,24.22,24.22,24.22,24.22,876,0
BSMP.US,5,20230523,192000,24.219,24.22,24.219,24.22,700,0
BSMP.US,5,20230523,200000,24.205,24.205,24.205,24.205,413,0
BSMP.US,5,20230523,201000,24.2,24.2,24.2,24.2,6560,0
BSMP.US,5,20230523,203000,24.205,24.205,24.2,24.2033,956,0
BSMP.US,5,20230523,205000,24.21,24.21,24.21,24.21,100,0
BSMP.US,5,20230523,210000,24.1949,24.1949,24.1949,24.1949,1321,0
BSMP.US,5,20230523,210500,24.21,24.21,24.21,24.21,100,0
BSMP.US,5,20230523,215000,24.19,24.19,24.19,24.19,290,0
BSMP.US,5,20230523,215500,24.21,24.21,24.19,24.19,856,0
BSMP.US,5,20230524,172000,24.175,24.175,24.175,24.175,355,0
BSMP.US,5,20230524,174000,24.19,24.19,24.19,24.19,100,0
BSMP.US,5,20230524,174500,24.19,24.19,24.19,24.19,1711,0
BSMP.US,5,20230524,184500,24.16,24.1601,24.16,24.1601,584,0
BSMP.US,5,20230524,200000,24.18,24.18,24.18,24.18,100,0
BSMP.US,5,20230524,201500,24.1618,24.1618,24.1618,24.1618,1152,0
BSMP.US,5,20230524,205000,24.189,24.19,24.1601,24.19,4026,0
BSMP.US,5,20230524,205500,24.1701,24.1701,24.17,24.17,300,0
BSMP.US,5,20230524,210000,24.18,24.18,24.18,24.18,1257,0
BSMP.US,5,20230524,210500,24.18,24.18,24.18,24.18,200,0
BSMP.US,5,20230524,215500,24.16,24.16,24.16,24.16,102,0
BSMP.US,5,20230525,161500,24.1699,24.17,24.1699,24.1699,514,0
BSMP.US,5,20230525,164500,24.1786,24.1786,24.17,24.17,2793,0
BSMP.US,5,20230525,181500,24.1665,24.1665,24.1665,24.1665,620,0
BSMP.US,5,20230525,185500,24.171,24.2,24.1703,24.1999,7026,0
BSMP.US,5,20230525,192000,24.19,24.19,24.19,24.19,10150,0
BSMP.US,5,20230525,193000,24.18,24.1801,24.18,24.1801,1200,0
BSMP.US,5,20230525,193500,24.18,24.18,24.18,24.18,1000,0
BSMP.US,5,20230525,194000,24.18,24.18,24.18,24.18,900,0
BSMP.US,5,20230525,194500,24.18,24.185,24.18,24.185,1932,0
BSMP.US,5,20230525,195000,24.18,24.18,24.18,24.18,700,0
BSMP.US,5,20230525,195500,24.18,24.18,24.18,24.18,700,0
BSMP.US,5,20230525,200500,24.18,24.1801,24.18,24.1801,800,0
BSMP.US,5,20230525,202000,24.18,24.18,24.18,24.18,100,0
BSMP.US,5,20230525,202500,24.18,24.18,24.18,24.18,400,0
BSMP.US,5,20230525,203000,24.18,24.18,24.18,24.18,800,0
BSMP.US,5,20230525,203500,24.18,24.1801,24.18,24.1801,600,0
BSMP.US,5,20230525,204500,24.18,24.18,24.18,24.18,163,0
BSMP.US,5,20230525,214000,24.18,24.18,24.18,24.18,100,0
BSMP.US,5,20230525,215000,24.18,24.18,24.17,24.17,404,0
BSMP.US,5,20230525,215500,24.17,24.17,24.16,24.16,1200,0
BSMP.US,5,20230526,153000,24.22,24.22,24.209,24.209,1185,0
BSMP.US,5,20230526,154500,24.195,24.21,24.195,24.21,1971,0
BSMP.US,5,20230526,155000,24.18,24.18,24.18,24.18,1951,0
BSMP.US,5,20230526,161500,24.1801,24.1801,24.1801,24.1801,2000,0
BSMP.US,5,20230526,165000,24.1879,24.1879,24.18,24.18,793,0
BSMP.US,5,20230526,171500,24.17,24.17,24.15,24.15,800,0
BSMP.US,5,20230526,172000,24.15,24.15,24.15,24.15,1400,0
BSMP.US,5,20230526,172500,24.15,24.15,24.15,24.15,1400,0
BSMP.US,5,20230526,173000,24.15,24.15,24.15,24.15,900,0
BSMP.US,5,20230526,183500,24.15,24.15,24.15,24.15,1326,0
BSMP.US,5,20230526,194000,24.17,24.17,24.16,24.1601,468,0
BSMP.US,5,20230526,195000,24.16,24.19,24.16,24.19,314,0
BSMP.US,5,20230526,205000,24.19,24.19,24.19,24.19,100,0
BSMP.US,5,20230526,205500,24.19,24.2,24.19,24.2,4121,0
BSMP.US,5,20230526,215000,24.2,24.2,24.2,24.2,156,0
BSMP.US,5,20230530,153000,24.22,24.24,24.22,24.24,4305,0
BSMP.US,5,20230530,153500,24.2299,24.23,24.2299,24.23,2886,0
BSMP.US,5,20230530,155000,24.23,24.23,24.219,24.219,900,0
BSMP.US,5,20230530,160000,24.229,24.23,24.229,24.2299,332,0
BSMP.US,5,20230530,161500,24.215,24.215,24.215,24.215,359,0
BSMP.US,5,20230530,164500,24.249,24.249,24.249,24.249,103,0
BSMP.US,5,20230530,173500,24.25,24.25,24.2499,24.2499,200,0
BSMP.US,5,20230530,174500,24.235,24.235,24.235,24.235,1487,0
BSMP.US,5,20230530,185500,24.25,24.25,24.2472,24.2472,928,0
BSMP.US,5,20230530,194000,24.245,24.268,24.245,24.268,4200,0
BSMP.US,5,20230530,194500,24.2587,24.2587,24.2587,24.2587,4000,0
BSMP.US,5,20230530,201500,24.27,24.27,24.27,24.27,305,0
BSMP.US,5,20230530,205000,24.27,24.27,24.27,24.27,531,0
BSMP.US,5,20230530,210500,24.2411,24.2411,24.2411,24.2411,225,0
BSMP.US,5,20230530,212500,24.255,24.255,24.255,24.255,1558,0
BSMP.US,5,20230531,153000,24.29,24.3,24.29,24.3,4758,0
BSMP.US,5,20230531,153500,24.28,24.28,24.28,24.28,100,0
BSMP.US,5,20230531,164000,24.281,24.281,24.281,24.281,118,0
BSMP.US,5,20230531,165500,24.29,24.29,24.29,24.29,171,0
BSMP.US,5,20230531,172500,24.3,24.3,24.3,24.3,500,0
BSMP.US,5,20230531,180000,24.28,24.28,24.28,24.28,400,0
BSMP.US,5,20230531,194500,24.28,24.28,24.09,24.24,45837,0
BSMP.US,5,20230531,195000,24.24,24.24,24.23,24.23,2400,0
BSMP.US,5,20230531,195500,24.2301,24.2301,24.2301,24.2301,250,0
BSMP.US,5,20230531,201000,24.24,24.24,24.24,24.24,100,0
BSMP.US,5,20230531,202000,24.25,24.26,24.24,24.24,2500,0
BSMP.US,5,20230531,202500,24.26,24.26,24.26,24.26,700,0
BSMP.US,5,20230531,203000,24.26,24.26,24.26,24.26,800,0
BSMP.US,5,20230531,203500,24.26,24.26,24.26,24.26,600,0
BSMP.US,5,20230531,204000,24.26,24.29,24.26,24.29,5429,0
BSMP.US,5,20230531,210000,24.2699,24.29,24.2699,24.2699,924,0
BSMP.US,5,20230601,155000,24.32,24.32,24.305,24.305,2500,0
BSMP.US,5,20230601,161500,24.319,24.32,24.319,24.32,1000,0
BSMP.US,5,20230601,170500,24.291,24.291,24.29,24.29,310,0
BSMP.US,5,20230601,172500,24.319,24.32,24.305,24.32,4700,0
BSMP.US,5,20230601,173000,24.32,24.32,24.32,24.32,4300,0
BSMP.US,5,20230601,173500,24.319,24.33,24.319,24.33,4600,0
BSMP.US,5,20230601,183500,24.32,24.32,24.32,24.32,1553,0
BSMP.US,5,20230601,184000,24.3073,24.3073,24.3073,24.3073,1440,0
BSMP.US,5,20230601,184500,24.3033,24.3033,24.3033,24.3033,453,0
BSMP.US,5,20230601,190000,24.3,24.3,24.3,24.3,137,0
BSMP.US,5,20230601,190500,24.319,24.32,24.319,24.32,400,0
BSMP.US,5,20230601,192500,24.3,24.3,24.3,24.3,100,0
BSMP.US,5,20230601,205000,24.315,24.33,24.315,24.3199,2372,0
BSMP.US,5,20230601,211000,24.329,24.33,24.329,24.3299,3164,0
BSMP.US,5,20230601,211500,24.3001,24.3001,24.3001,24.3001,188,0
BSMP.US,5,20230601,212500,24.3,24.3,24.3,24.3,100,0
BSMP.US,5,20230601,213000,24.31,24.31,24.31,24.31,414,0
BSMP.US,5,20230601,213500,24.3,24.3,24.3,24.3,100,0
BSMP.US,5,20230601,214500,24.319,24.32,24.3,24.3,1100,0
BSMP.US,5,20230601,215000,24.3,24.3,24.3,24.3,100,0
BSMP.US,5,20230602,155000,24.307,24.307,24.307,24.307,573,0
BSMP.US,5,20230602,163000,24.296,24.296,24.296,24.296,682,0
BSMP.US,5,20230602,164000,24.2999,24.3,24.2999,24.3,408,0
BSMP.US,5,20230602,171500,24.299,24.3,24.299,24.3,550,0
BSMP.US,5,20230602,172500,24.3,24.3,24.3,24.3,174,0
BSMP.US,5,20230602,173000,24.3,24.3,24.2935,24.2981,4336,0
BSMP.US,5,20230602,180500,24.2884,24.2884,24.2884,24.2884,160,0
BSMP.US,5,20230602,183000,24.29,24.3,24.2867,24.2867,836,0
BSMP.US,5,20230602,185500,24.29,24.29,24.29,24.29,159,0
BSMP.US,5,20230602,191500,24.299,24.3,24.299,24.2999,500,0
BSMP.US,5,20230602,194000,24.3,24.3,24.2999,24.2999,300,0
BSMP.US,5,20230602,201500,24.2601,24.2601,24.2601,24.2601,100,0
BSMP.US,5,20230602,204000,24.29,24.29,24.275,24.275,1298,0
BSMP.US,5,20230602,205500,24.29,24.29,24.2899,24.2899,714,0
BSMP.US,5,20230602,215500,24.29,24.29,24.29,24.29,294,0
BSMP.US,5,20230605,153000,24.28,24.28,24.28,24.28,271,0
BSMP.US,5,20230605,173000,24.3,24.3,24.3,24.3,1100,0
BSMP.US,5,20230605,174000,24.299,24.3,24.299,24.2999,784,0
BSMP.US,5,20230605,182500,24.29,24.295,24.27,24.2701,4391,0
BSMP.US,5,20230605,183500,24.296,24.296,24.296,24.296,123,0
BSMP.US,5,20230605,185000,24.31,24.31,24.2801,24.2801,353,0
BSMP.US,5,20230605,190000,24.309,24.309,24.309,24.309,100,0
BSMP.US,5,20230605,191000,24.31,24.31,24.295,24.295,2838,0
BSMP.US,5,20230605,193000,24.31,24.31,24.3099,24.3099,204,0
BSMP.US,5,20230605,193500,24.304,24.304,24.304,24.304,700,0
BSMP.US,5,20230605,210500,24.315,24.315,24.315,24.315,100,0
BSMP.US,5,20230605,211500,24.319,24.32,24.319,24.32,4114,0
BSMP.US,5,20230605,215500,24.32,24.32,24.32,24.32,199,0
BSMP.US,5,20230606,153000,24.31,24.31,24.31,24.31,157,0
BSMP.US,5,20230606,163000,24.319,24.319,24.319,24.319,714,0
BSMP.US,5,20230606,165500,24.33,24.34,24.3299,24.34,1489,0
BSMP.US,5,20230606,174500,24.33,24.34,24.3299,24.34,500,0
BSMP.US,5,20230606,175500,24.31,24.31,24.31,24.31,3040,0
BSMP.US,5,20230606,180000,24.3101,24.3101,24.3101,24.3101,536,0
BSMP.US,5,20230606,180500,24.311,24.33,24.31,24.33,1540,0
BSMP.US,5,20230606,182000,24.329,24.329,24.329,24.329,655,0
BSMP.US,5,20230606,183000,24.31,24.31,24.29,24.3,9734,0
BSMP.US,5,20230606,191000,24.301,24.301,24.26,24.29,15825,0
BSMP.US,5,20230606,191500,24.29,24.29,24.29,24.29,100,0
BSMP.US,5,20230606,192000,24.29,24.29,24.29,24.29,300,0
BSMP.US,5,20230606,201000,24.31,24.32,24.31,24.3199,1032,0
BSMP.US,5,20230606,202000,24.32,24.32,24.319,24.32,5422,0
BSMP.US,5,20230606,210000,24.32,24.32,24.3199,24.3199,590,0
BSMP.US,5,20230606,214000,24.319,24.32,24.319,24.32,1556,0
BSMP.US,5,20230606,215000,24.3199,24.32,24.3199,24.32,870,0
BSMP.US,5,20230606,215500,24.32,24.32,24.3199,24.32,452,0
BSMP.US,5,20230607,163500,24.31,24.31,24.3,24.3001,648,0
BSMP.US,5,20230607,165000,24.31,24.31,24.3,24.3001,720,0
BSMP.US,5,20230607,173500,24.3033,24.3033,24.3033,24.3033,329,0
BSMP.US,5,20230607,175500,24.32,24.32,24.3197,24.3197,200,0
BSMP.US,5,20230607,182500,24.32,24.33,24.3199,24.33,1316,0
BSMP.US,5,20230607,183000,24.32,24.32,24.3199,24.3199,200,0
BSMP.US,5,20230607,183500,24.31,24.3101,24.31,24.3101,362,0
BSMP.US,5,20230607,184500,24.32,24.32,24.302,24.312,3558,0
BSMP.US,5,20230607,191500,24.32,24.33,24.32,24.3299,3018,0
BSMP.US,5,20230607,192500,24.32,24.324,24.314,24.324,1062,0
BSMP.US,5,20230607,194000,24.329,24.33,24.3233,24.3233,1200,0
BSMP.US,5,20230607,194500,24.32,24.33,24.32,24.33,700,0
BSMP.US,5,20230607,195000,24.32,24.32,24.32,24.32,180,0
BSMP.US,5,20230607,200500,24.315,24.315,24.315,24.315,900,0
BSMP.US,5,20230607,201000,24.3192,24.3192,24.3192,24.3192,272,0
BSMP.US,5,20230607,204500,24.32,24.32,24.32,24.32,100,0
BSMP.US,5,20230607,205500,24.32,24.324,24.314,24.324,790,0
BSMP.US,5,20230607,213000,24.31,24.314,24.304,24.314,504,0
BSMP.US,5,20230607,215000,24.31,24.31,24.31,24.31,2734,0
BSMP.US,5,20230607,215500,24.32,24.32,24.32,24.32,229,0
BSMP.US,5,20230608,164500,24.31,24.31,24.3,24.3,52411,0
BSMP.US,5,20230608,165500,24.31,24.31,24.309,24.3099,3535,0
BSMP.US,5,20230608,170500,24.3,24.3001,24.3,24.3001,200,0
BSMP.US,5,20230608,173000,24.31,24.31,24.305,24.3099,3380,0
BSMP.US,5,20230608,174500,24.31,24.31,24.31,24.31,100,0
BSMP.US,5,20230608,181000,24.31,24.31,24.31,24.31,100,0
BSMP.US,5,20230608,194000,24.3099,24.31,24.3099,24.31,214,0
BSMP.US,5,20230608,200000,24.3,24.3,24.29,24.29,3900,0
BSMP.US,5,20230608,201500,24.29,24.29,24.28,24.28,700,0
BSMP.US,5,20230608,205500,24.29,24.2973,24.29,24.29,844,0
BSMP.US,5,20230608,210000,24.31,24.31,24.3099,24.31,4000,0
BSMP.US,5,20230608,211500,24.31,24.31,24.31,24.31,559,0
BSMP.US,5,20230608,215000,24.3099,24.31,24.3099,24.31,412,0
BSMP.US,5,20230608,215500,24.31,24.31,24.31,24.31,155,0
BSMP.US,5,20230609,163000,24.29,24.29,24.281,24.281,2048,0
BSMP.US,5,20230609,164500,24.3184,24.3184,24.3184,24.3184,893,0
BSMP.US,5,20230609,171500,24.29,24.32,24.29,24.32,1140,0
BSMP.US,5,20230609,174000,24.31,24.31,24.31,24.31,109,0
BSMP.US,5,20230609,174500,24.305,24.305,24.305,24.305,115,0
BSMP.US,5,20230609,175500,24.3199,24.32,24.3199,24.32,376,0
BSMP.US,5,20230609,191000,24.29,24.29,24.29,24.29,4260,0
BSMP.US,5,20230609,202000,24.311,24.314,24.311,24.314,1977,0
BSMP.US,5,20230609,205500,24.3049,24.3049,24.3049,24.3049,1247,0
BSMP.US,5,20230609,212000,24.32,24.32,24.302,24.302,1000,0
BSMP.US,5,20230609,212500,24.32,24.339,24.312,24.318,2751,0
BSMP.US,5,20230609,213000,24.329,24.33,24.329,24.33,2056,0
BSMP.US,5,20230609,214000,24.315,24.315,24.315,24.315,100,0
BSMP.US,5,20230609,215500,24.31,24.31,24.31,24.31,119,0
BSMP.US,5,20230612,153000,24.34,24.34,24.34,24.34,434,0
BSMP.US,5,20230612,154000,24.315,24.35,24.315,24.35,10325,0
BSMP.US,5,20230612,160000,24.29,24.29,24.29,24.29,100,0
BSMP.US,5,20230612,161000,24.3,24.3,24.3,24.3,100,0
BSMP.US,5,20230612,162500,24.3,24.3,24.3,24.3,100,0
BSMP.US,5,20230612,164000,24.3019,24.3019,24.3,24.3,202,0
BSMP.US,5,20230612,165000,24.32,24.32,24.32,24.32,493,0
BSMP.US,5,20230612,170000,24.3,24.3,24.3,24.3,100,0
BSMP.US,5,20230612,171500,24.3,24.3,24.3,24.3,100,0
BSMP.US,5,20230612,173500,24.3053,24.3053,24.3,24.3,408,0
BSMP.US,5,20230612,175500,24.3,24.3,24.3,24.3,100,0
BSMP.US,5,20230612,182000,24.31,24.31,24.31,24.31,100,0
BSMP.US,5,20230612,184500,24.33,24.33,24.33,24.33,860,0
BSMP.US,5,20230612,185000,24.325,24.325,24.325,24.325,1503,0
BSMP.US,5,20230612,185500,24.31,24.31,24.31,24.31,100,0
BSMP.US,5,20230612,192000,24.32,24.32,24.32,24.32,100,0
BSMP.US,5,20230612,195000,24.31,24.31,24.31,24.31,100,0
BSMP.US,5,20230612,202500,24.32,24.3201,24.32,24.3201,594,0
BSMP.US,5,20230612,205000,24.34,24.34,24.34,24.34,1152,0
BSMP.US,5,20230612,210000,24.31,24.31,24.31,24.31,100,0
BSMP.US,5,20230612,213000,24.33,24.34,24.33,24.3305,3161,0
BSMP.US,5,20230612,214000,24.337,24.3395,24.337,24.3395,4000,0
BSMP.US,5,20230612,214500,24.33,24.33,24.33,24.33,387,0
BSMP.US,5,20230612,215500,24.32,24.35,24.32,24.35,721,0
BSMP.US,5,20230613,160500,24.31,24.3101,24.31,24.3101,222,0
BSMP.US,5,20230613,163500,24.3101,24.3101,24.3101,24.3101,8200,0
BSMP.US,5,20230613,164500,24.31,24.31,24.31,24.31,100,0
BSMP.US,5,20230613,171000,24.349,24.35,24.32,24.32,1238,0
BSMP.US,5,20230613,172000,24.35,24.35,24.35,24.35,3498,0
BSMP.US,5,20230613,174000,24.32,24.32,24.32,24.32,100,0
BSMP.US,5,20230613,180500,24.33,24.33,24.33,24.33,100,0
BSMP.US,5,20230613,182500,24.335,24.335,24.335,24.335,100,0
BSMP.US,5,20230613,183500,24.3389,24.3389,24.3327,24.3327,364,0
BSMP.US,5,20230613,184000,24.33,24.33,24.33,24.33,100,0
BSMP.US,5,20230613,185000,24.325,24.325,24.325,24.325,100,0
BSMP.US,5,20230613,192000,24.32,24.32,24.32,24.32,100,0
BSMP.US,5,20230613,200000,24.34,24.34,24.31,24.31,200,0
BSMP.US,5,20230613,201000,24.34,24.34,24.34,24.34,100,0
BSMP.US,5,20230613,202000,24.34,24.34,24.34,24.34,100,0
BSMP.US,5,20230613,202500,24.34,24.34,24.34,24.34,100,0
BSMP.US,5,20230613,203500,24.34,24.34,24.31,24.31,200,0
BSMP.US,5,20230613,204000,24.34,24.34,24.34,24.34,100,0
BSMP.US,5,20230613,205000,24.34,24.34,24.34,24.34,100,0
BSMP.US,5,20230613,205500,24.325,24.34,24.311,24.34,929,0
BSMP.US,5,20230613,210000,24.334,24.34,24.331,24.34,1206,0
BSMP.US,5,20230613,210500,24.34,24.34,24.34,24.34,100,0
BSMP.US,5,20230613,211000,24.325,24.325,24.325,24.325,100,0
BSMP.US,5,20230613,211500,24.34,24.34,24.3149,24.3149,407,0
BSMP.US,5,20230613,212000,24.34,24.34,24.34,24.34,100,0
BSMP.US,5,20230613,212500,24.34,24.34,24.34,24.34,100,0
BSMP.US,5,20230613,213000,24.34,24.34,24.34,24.34,100,0
BSMP.US,5,20230613,213500,24.34,24.34,24.325,24.325,200,0
BSMP.US,5,20230613,214000,24.33,24.33,24.33,24.33,200,0
BSMP.US,5,20230613,214500,24.33,24.33,24.3299,24.33,388,0
BSMP.US,5,20230613,215000,24.33,24.33,24.325,24.325,200,0
BSMP.US,5,20230613,215500,24.34,24.34,24.34,24.34,125,0
BSMP.US,5,20230614,153000,24.27,24.27,24.27,24.27,2324,0
BSMP.US,5,20230614,154500,24.32,24.32,24.32,24.32,100,0
BSMP.US,5,20230614,162500,24.3253,24.3253,24.3253,24.3253,626,0
BSMP.US,5,20230614,163000,24.32,24.32,24.32,24.32,100,0
BSMP.US,5,20230614,165000,24.35,24.35,24.35,24.35,751,0
BSMP.US,5,20230614,181000,24.34,24.34,24.34,24.34,100,0
BSMP.US,5,20230614,183500,24.35,24.35,24.33,24.33,907,0
BSMP.US,5,20230614,184500,24.33,24.33,24.33,24.33,100,0
BSMP.US,5,20230614,185000,24.335,24.335,24.335,24.335,100,0
BSMP.US,5,20230614,192500,24.3273,24.3273,24.3273,24.3273,1916,0
BSMP.US,5,20230614,194500,24.335,24.335,24.32,24.32,246,0
BSMP.US,5,20230614,195000,24.32,24.32,24.32,24.32,100,0
BSMP.US,5,20230614,200500,24.325,24.325,24.325,24.325,300,0
BSMP.US,5,20230614,202000,24.32,24.325,24.32,24.325,224,0
BSMP.US,5,20230614,203500,24.32,24.3201,24.32,24.3201,1456,0
BSMP.US,5,20230614,204000,24.3225,24.3225,24.3225,24.3225,440,0
BSMP.US,5,20230614,205000,24.3298,24.34,24.3298,24.3305,5084,0
BSMP.US,5,20230614,210000,24.32,24.32,24.32,24.32,100,0
BSMP.US,5,20230614,210500,24.33,24.33,24.3299,24.3299,300,0
BSMP.US,5,20230614,211000,24.32,24.32,24.32,24.32,400,0
BSMP.US,5,20230614,211500,24.32,24.32,24.32,24.32,100,0
BSMP.US,5,20230614,213000,24.32,24.32,24.32,24.32,100,0
BSMP.US,5,20230614,214500,24.32,24.32,24.32,24.32,100,0
BSMP.US,5,20230614,215500,24.36,24.36,24.36,24.36,1215,0
BSMP.US,5,20230615,153000,24.37,24.37,24.35,24.35,5645,0
BSMP.US,5,20230615,155000,24.35,24.35,24.35,24.35,5046,0
BSMP.US,5,20230615,165000,24.36,24.36,24.359,24.359,216,0
BSMP.US,5,20230615,165500,24.35,24.35,24.35,24.35,434,0
BSMP.US,5,20230615,192500,24.36,24.36,24.36,24.36,25000,0
BSMP.US,5,20230615,201500,24.35,24.35,24.35,24.35,950,0
BSMP.US,5,20230615,203000,24.3406,24.3406,24.3406,24.3406,247,0
BSMP.US,5,20230615,205000,24.36,24.36,24.36,24.36,300,0
BSMP.US,5,20230615,205500,24.37,24.37,24.36,24.36,1000,0
BSMP.US,5,20230615,211500,24.35,24.35,24.35,24.35,410,0
BSMP.US,5,20230615,212500,24.35,24.3501,24.34,24.34,1311,0
BSMP.US,5,20230615,215500,24.36,24.36,24.36,24.36,247,0
BSMP.US,5,20230616,153000,24.37,24.37,24.37,24.37,432,0
BSMP.US,5,20230616,154000,24.37,24.37,24.37,24.37,100,0
BSMP.US,5,20230616,155500,24.37,24.37,24.3301,24.36,4674,0
BSMP.US,5,20230616,161000,24.36,24.36,24.36,24.36,100,0
BSMP.US,5,20230616,161500,24.36,24.36,24.354,24.36,500,0
BSMP.US,5,20230616,163000,24.36,24.36,24.36,24.36,100,0
BSMP.US,5,20230616,164000,24.36,24.36,24.36,24.36,100,0
BSMP.US,5,20230616,165000,24.36,24.36,24.36,24.36,100,0
BSMP.US,5,20230616,165500,24.3449,24.3449,24.3449,24.3449,182,0
BSMP.US,5,20230616,171500,24.36,24.36,24.36,24.36,100,0
BSMP.US,5,20230616,174000,24.36,24.36,24.36,24.36,100,0
BSMP.US,5,20230616,174500,24.3586,24.3586,24.3586,24.3586,334,0
BSMP.US,5,20230616,180500,24.3433,24.359,24.3433,24.359,395,0
BSMP.US,5,20230616,181000,24.36,24.36,24.36,24.36,100,0
BSMP.US,5,20230616,181500,24.36,24.36,24.36,24.36,100,0
BSMP.US,5,20230616,184000,24.36,24.36,24.36,24.36,100,0
BSMP.US,5,20230616,191000,24.36,24.36,24.36,24.36,100,0
BSMP.US,5,20230616,192000,24.3589,24.3589,24.3589,24.3589,294,0
BSMP.US,5,20230616,193000,24.35,24.35,24.35,24.35,124,0
BSMP.US,5,20230616,194500,24.36,24.36,24.36,24.36,100,0
BSMP.US,5,20230616,202000,24.36,24.36,24.36,24.36,200,0
BSMP.US,5,20230616,203500,24.3588,24.3588,24.3588,24.3588,135,0
BSMP.US,5,20230616,205000,24.36,24.36,24.36,24.36,100,0
BSMP.US,5,20230616,211500,24.36,24.36,24.36,24.36,100,0
BSMP.US,5,20230616,212500,24.3689,24.3689,24.36,24.36,925,0
BSMP.US,5,20230616,213500,24.37,24.37,24.3666,24.3666,925,0
BSMP.US,5,20230616,214000,24.36,24.36,24.36,24.36,100,0
BSMP.US,5,20230616,214500,24.37,24.37,24.37,24.37,100,0
BSMP.US,5,20230616,215500,24.37,24.37,24.37,24.37,100,0
BSMP.US,5,20230620,153000,24.29,24.29,24.29,24.29,666,0
BSMP.US,5,20230620,165000,24.3201,24.3201,24.3201,24.3201,402,0
BSMP.US,5,20230620,181500,24.34,24.37,24.34,24.35,42500,0
BSMP.US,5,20230620,185000,24.34,24.34,24.34,24.34,200,0
BSMP.US,5,20230620,191000,24.34,24.34,24.34,24.34,300,0
BSMP.US,5,20230620,195000,24.33,24.33,24.31,24.31,2725,0
BSMP.US,5,20230620,201500,24.3198,24.3198,24.3198,24.3198,510,0
BSMP.US,5,20230620,203000,24.31,24.31,24.31,24.31,229,0
BSMP.US,5,20230620,210000,24.33,24.36,24.33,24.35,7562,0
BSMP.US,5,20230620,213000,24.3186,24.3186,24.3186,24.3186,477,0
BSMP.US,5,20230620,215000,24.32,24.32,24.32,24.32,300,0
BSMP.US,5,20230620,215500,24.33,24.36,24.3,24.3,3229,0
BSMP.US,5,20230621,170500,24.31,24.31,24.31,24.31,373,0
BSMP.US,5,20230621,185000,24.3201,24.3201,24.3201,24.3201,168,0
BSMP.US,5,20230621,191500,24.34,24.34,24.34,24.34,2883,0
BSMP.US,5,20230621,195500,24.3201,24.3201,24.3201,24.3201,383,0
BSMP.US,5,20230621,211500,24.34,24.34,24.3327,24.3327,590,0
BSMP.US,5,20230621,212000,24.34,24.34,24.34,24.34,100,0
BSMP.US,5,20230621,215500,24.33,24.35,24.31,24.31,2777,0
BSMP.US,5,20230622,155000,24.339,24.339,24.339,24.339,164,0
BSMP.US,5,20230622,155500,24.3161,24.3161,24.3161,24.3161,1250,0
BSMP.US,5,20230622,161000,24.33,24.33,24.33,24.33,100,0
BSMP.US,5,20230622,163000,24.33,24.34,24.3299,24.33,4726,0
BSMP.US,5,20230622,165500,24.33,24.33,24.329,24.3299,2539,0
BSMP.US,5,20230622,170500,24.32,24.32,24.32,24.32,791,0
BSMP.US,5,20230622,173000,24.33,24.33,24.33,24.33,100,0
BSMP.US,5,20230622,180500,24.325,24.325,24.325,24.325,100,0
BSMP.US,5,20230622,181500,24.325,24.33,24.325,24.33,200,0
BSMP.US,5,20230622,190500,24.325,24.325,24.325,24.325,100,0
BSMP.US,5,20230622,195000,24.32,24.32,24.32,24.32,200,0
BSMP.US,5,20230622,203000,24.329,24.33,24.329,24.33,510,0
BSMP.US,5,20230622,211500,24.33,24.33,24.32,24.32,3190,0
BSMP.US,5,20230622,212500,24.33,24.33,24.3299,24.3299,2878,0
BSMP.US,5,20230622,213000,24.33,24.33,24.325,24.325,485,0
BSMP.US,5,20230622,214500,24.33,24.33,24.32,24.32,400,0
BSMP.US,5,20230622,215000,24.34,24.34,24.34,24.34,100,0
BSMP.US,5,20230622,215500,24.34,24.36,24.34,24.35,35055,0
BSMP.US,5,20230623,153000,24.39,24.39,24.39,24.39,533,0
BSMP.US,5,20230623,153500,24.38,24.38,24.3799,24.3799,228,0
BSMP.US,5,20230623,154000,24.37,24.37,24.37,24.37,344,0
BSMP.US,5,20230623,154500,24.38,24.38,24.3799,24.3799,1074,0
BSMP.US,5,20230623,161000,24.35,24.35,24.35,24.35,200,0
BSMP.US,5,20230623,162000,24.35,24.35,24.35,24.35,1300,0
BSMP.US,5,20230623,163000,24.3401,24.35,24.3401,24.35,586,0
BSMP.US,5,20230623,163500,24.35,24.35,24.35,24.35,600,0
BSMP.US,5,20230623,164000,24.35,24.35,24.35,24.35,1700,0
BSMP.US,5,20230623,164500,24.35,24.35,24.35,24.35,3800,0
BSMP.US,5,20230623,165000,24.35,24.35,24.35,24.35,1400,0
BSMP.US,5,20230623,170500,24.355,24.355,24.355,24.355,4500,0
BSMP.US,5,20230623,171000,24.355,24.355,24.355,24.355,1500,0
BSMP.US,5,20230623,171500,24.355,24.355,24.355,24.355,700,0
BSMP.US,5,20230623,172000,24.3534,24.3534,24.3534,24.3534,197,0
BSMP.US,5,20230623,173000,24.355,24.355,24.355,24.355,300,0
BSMP.US,5,20230623,180500,24.355,24.355,24.355,24.355,200,0
BSMP.US,5,20230623,182500,24.3548,24.355,24.3548,24.355,1197,0
BSMP.US,5,20230623,213500,24.36,24.36,24.36,24.36,100,0
BSMP.US,5,20230623,215000,24.36,24.369,24.36,24.365,827,0
BSMP.US,5,20230623,215500,24.3625,24.37,24.36,24.37,1679,0
BSMP.US,5,20230626,160000,24.3181,24.3181,24.3181,24.3181,190,0
BSMP.US,5,20230626,172000,24.32,24.32,24.32,24.32,300,0
BSMP.US,5,20230626,173000,24.3231,24.3231,24.3231,24.3231,365,0
BSMP.US,5,20230626,174500,24.32,24.32,24.32,24.32,1175,0
BSMP.US,5,20230626,181000,24.32,24.32,24.32,24.32,100,0
BSMP.US,5,20230626,182000,24.35,24.35,24.35,24.35,360,0
BSMP.US,5,20230626,192000,24.33,24.33,24.28,24.3,16871,0
BSMP.US,5,20230626,193000,24.3,24.31,24.3,24.3,6000,0
BSMP.US,5,20230626,200500,24.3,24.3,24.3,24.3,400,0
BSMP.US,5,20230626,202500,24.34,24.34,24.339,24.34,2963,0
BSMP.US,5,20230626,205000,24.34,24.34,24.34,24.34,1508,0
BSMP.US,5,20230626,211000,24.33,24.33,24.33,24.33,4109,0
BSMP.US,5,20230627,153000,24.39,24.39,24.39,24.39,682,0
BSMP.US,5,20230627,154000,24.379,24.379,24.37,24.37,652,0
BSMP.US,5,20230627,155500,24.33,24.3301,24.33,24.3301,1108,0
BSMP.US,5,20230627,160000,24.36,24.36,24.36,24.36,100,0
BSMP.US,5,20230627,161000,24.33,24.33,24.33,24.33,100,0
BSMP.US,5,20230627,170500,24.34,24.34,24.34,24.34,1230,0
BSMP.US,5,20230627,172000,24.34,24.34,24.34,24.34,100,0
BSMP.US,5,20230627,174000,24.32,24.32,24.32,24.32,1920,0
BSMP.US,5,20230627,180000,24.32,24.32,24.32,24.32,100,0
BSMP.US,5,20230627,180500,24.32,24.32,24.31,24.3131,714,0
BSMP.US,5,20230627,181000,24.3108,24.3108,24.3108,24.3108,4646,0
BSMP.US,5,20230627,182000,24.33,24.33,24.33,24.33,100,0
BSMP.US,5,20230627,183500,24.315,24.315,24.2904,24.2904,2889,0
BSMP.US,5,20230627,184500,24.3,24.3,24.2994,24.2994,1250,0
BSMP.US,5,20230627,191500,24.3019,24.3188,24.3019,24.3188,2380,0
BSMP.US,5,20230627,192000,24.33,24.33,24.33,24.33,100,0
BSMP.US,5,20230627,193500,24.3001,24.3001,24.3001,24.3001,125,0
BSMP.US,5,20230627,194000,24.33,24.33,24.33,24.33,100,0
BSMP.US,5,20230627,200000,24.33,24.33,24.33,24.33,100,0
BSMP.US,5,20230627,202000,24.33,24.33,24.33,24.33,100,0
BSMP.US,5,20230627,203500,24.33,24.33,24.33,24.33,100,0
BSMP.US,5,20230627,211500,24.355,24.355,24.355,24.355,950,0
BSMP.US,5,20230627,212500,24.36,24.36,24.36,24.36,100,0
BSMP.US,5,20230627,213000,24.33,24.34,24.33,24.34,1590,0
BSMP.US,5,20230627,214000,24.36,24.36,24.36,24.36,100,0
BSMP.US,5,20230628,153000,24.29,24.29,24.29,24.29,3262,0
BSMP.US,5,20230628,154000,24.38,24.38,24.38,24.38,100,0
BSMP.US,5,20230628,155000,24.359,24.359,24.359,24.359,186,0
BSMP.US,5,20230628,155500,24.354,24.354,24.354,24.354,280,0
BSMP.US,5,20230628,160000,24.36,24.36,24.36,24.36,100,0
BSMP.US,5,20230628,162000,24.36,24.36,24.36,24.36,100,0
BSMP.US,5,20230628,175000,24.3629,24.3629,24.341,24.341,690,0
BSMP.US,5,20230628,175500,24.341,24.341,24.341,24.341,100,0
BSMP.US,5,20230628,184500,24.341,24.341,24.341,24.341,100,0
BSMP.US,5,20230628,205000,24.34,24.34,24.34,24.34,100,0
BSMP.US,5,20230628,205500,24.36,24.36,24.331,24.331,1452,0
BSMP.US,5,20230628,210000,24.34,24.37,24.34,24.37,200,0
BSMP.US,5,20230628,211500,24.35,24.36,24.35,24.36,316,0
BSMP.US,5,20230628,212000,24.36,24.36,24.36,24.36,100,0
BSMP.US,5,20230629,153000,24.34,24.34,24.34,24.34,600,0
BSMP.US,5,20230629,153500,24.34,24.34,24.34,24.34,100,0
BSMP.US,5,20230629,155000,24.3297,24.3297,24.3297,24.3297,303,0
BSMP.US,5,20230629,161000,24.315,24.315,24.315,24.315,800,0
BSMP.US,5,20230629,162000,24.31,24.31,24.31,24.31,100,0
BSMP.US,5,20230629,162500,24.33,24.33,24.3299,24.33,4900,0
BSMP.US,5,20230629,165000,24.33,24.33,24.33,24.33,100,0
BSMP.US,5,20230629,171500,24.34,24.34,24.34,24.34,200,0
BSMP.US,5,20230629,175000,24.34,24.34,24.34,24.34,100,0
BSMP.US,5,20230629,181000,24.33,24.3341,24.33,24.3341,1450,0
BSMP.US,5,20230629,181500,24.32,24.32,24.32,24.32,100,0
BSMP.US,5,20230629,182500,24.32,24.32,24.32,24.32,100,0
BSMP.US,5,20230629,183500,24.31,24.31,24.31,24.31,3103,0
BSMP.US,5,20230629,184500,24.33,24.33,24.329,24.33,769,0
BSMP.US,5,20230629,185000,24.33,24.33,24.33,24.33,300,0
BSMP.US,5,20230629,185500,24.33,24.34,24.33,24.34,2206,0
BSMP.US,5,20230629,190000,24.33,24.33,24.33,24.33,100,0
BSMP.US,5,20230629,192000,24.33,24.33,24.33,24.33,100,0
BSMP.US,5,20230629,194500,24.33,24.33,24.33,24.33,100,0
BSMP.US,5,20230629,201000,24.33,24.33,24.33,24.33,100,0
BSMP.US,5,20230629,201500,24.32,24.33,24.32,24.33,1177,0
BSMP.US,5,20230629,204500,24.34,24.34,24.34,24.34,139,0
BSMP.US,5,20230629,205000,24.34,24.34,24.31,24.31,200,0
BSMP.US,5,20230629,210000,24.34,24.34,24.34,24.34,7591,0
BSMP.US,5,20230629,210500,24.34,24.34,24.34,24.34,100,0
BSMP.US,5,20230629,211500,24.34,24.34,24.3399,24.34,2154,0
BSMP.US,5,20230629,212000,24.34,24.35,24.3399,24.3399,5400,0
BSMP.US,5,20230629,212500,24.345,24.345,24.345,24.345,805,0
BSMP.US,5,20230629,213000,24.3401,24.345,24.3401,24.345,301,0
BSMP.US,5,20230629,214000,24.345,24.345,24.345,24.345,100,0
BSMP.US,5,20230629,214500,24.35,24.35,24.348,24.3499,2316,0
BSMP.US,5,20230629,215000,24.35,24.35,24.35,24.35,100,0
BSMP.US,5,20230629,215500,24.35,24.36,24.3499,24.36,3648,0
BSMP.US,5,20230630,153000,24.37,24.37,24.37,24.37,1006,0
BSMP.US,5,20230630,162000,24.3273,24.3273,24.3273,24.3273,1230,0
BSMP.US,5,20230630,171500,24.35,24.35,24.35,24.35,731,0
BSMP.US,5,20230630,172000,24.32,24.32,24.32,24.32,323,0
BSMP.US,5,20230630,172500,24.33,24.33,24.33,24.33,200,0
BSMP.US,5,20230630,175000,24.358,24.358,24.358,24.358,476,0
BSMP.US,5,20230630,183000,24.35,24.35,24.3499,24.3499,830,0
BSMP.US,5,20230630,184500,24.35,24.35,24.3405,24.35,5065,0
BSMP.US,5,20230630,190000,24.3498,24.3498,24.3498,24.3498,335,0
BSMP.US,5,20230630,193000,24.35,24.35,24.3463,24.3463,600,0
BSMP.US,5,20230630,194500,24.35,24.35,24.34,24.3401,3377,0
BSMP.US,5,20230630,195000,24.35,24.35,24.35,24.35,100,0
BSMP.US,5,20230630,195500,24.35,24.35,24.35,24.35,100,0
BSMP.US,5,20230630,201500,24.34,24.35,24.34,24.35,817,0
BSMP.US,5,20230630,202000,24.3349,24.35,24.3349,24.35,970,0
BSMP.US,5,20230630,203500,24.35,24.35,24.35,24.35,103,0
BSMP.US,5,20230630,205000,24.35,24.35,24.35,24.35,100,0
BSMP.US,5,20230630,210000,24.35,24.35,24.34,24.35,1520,0
BSMP.US,5,20230630,212000,24.343,24.343,24.343,24.343,410,0
BSMP.US,5,20230630,215500,24.35,24.35,24.35,24.35,745,0
BSMP.US,5,20230703,162000,24.3473,24.37,24.3473,24.37,920,0
BSMP.US,5,20230703,170000,24.369,24.37,24.3401,24.3401,2864,0
BSMP.US,5,20230703,180500,24.36,24.36,24.36,24.36,465,0
BSMP.US,5,20230703,182000,24.35,24.35,24.35,24.35,400,0
BSMP.US,5,20230703,185500,24.36,24.36,24.36,24.36,6141,0
BSMP.US,5,20230705,153000,24.37,24.37,24.37,24.37,1826,0
BSMP.US,5,20230705,155000,24.3599,24.3599,24.3599,24.3599,926,0
BSMP.US,5,20230705,164500,24.33,24.33,24.33,24.33,400,0
BSMP.US,5,20230705,165500,24.36,24.37,24.3401,24.3401,5332,0
BSMP.US,5,20230705,170500,24.3685,24.37,24.3685,24.37,1354,0
BSMP.US,5,20230705,171000,24.37,24.37,24.37,24.37,421,0
BSMP.US,5,20230705,175000,24.359,24.359,24.359,24.359,100,0
BSMP.US,5,20230705,183500,24.36,24.36,24.36,24.36,1506,0
BSMP.US,5,20230705,185000,24.36,24.36,24.36,24.36,100,0
BSMP.US,5,20230705,195500,24.345,24.36,24.345,24.36,1076,0
BSMP.US,5,20230705,204000,24.34,24.34,24.3327,24.3327,288,0
BSMP.US,5,20230705,212500,24.32,24.35,24.32,24.35,5509,0
BSMP.US,5,20230705,214000,24.35,24.35,24.3499,24.35,1048,0
BSMP.US,5,20230705,215500,24.35,24.35,24.35,24.35,100,0
BSMP.US,5,20230706,153000,24.3,24.3,24.3,24.3,156,0
BSMP.US,5,20230706,165500,24.3173,24.3173,24.3173,24.3173,756,0
BSMP.US,5,20230706,171500,24.324,24.324,24.324,24.324,146,0
BSMP.US,5,20230706,173000,24.31,24.3101,24.31,24.3101,824,0
BSMP.US,5,20230706,180500,24.33,24.349,24.33,24.349,293,0
BSMP.US,5,20230706,183000,24.319,24.34,24.319,24.34,258,0
BSMP.US,5,20230706,183500,24.335,24.335,24.335,24.335,147,0
BSMP.US,5,20230706,185000,24.34,24.34,24.3399,24.3399,200,0
BSMP.US,5,20230706,185500,24.34,24.34,24.33,24.3392,30140,0
BSMP.US,5,20230706,191000,24.339,24.34,24.339,24.34,1495,0
BSMP.US,5,20230706,194000,24.34,24.34,24.339,24.34,4106,0
BSMP.US,5,20230706,200500,24.33,24.35,24.32,24.35,3217,0
BSMP.US,5,20230706,201500,24.34,24.34,24.34,24.34,100,0
BSMP.US,5,20230706,202500,24.34,24.36,24.34,24.35,10760,0
BSMP.US,5,20230706,203000,24.3429,24.35,24.3429,24.35,3010,0
BSMP.US,5,20230706,203500,24.35,24.35,24.35,24.35,2200,0
BSMP.US,5,20230706,204000,24.35,24.35,24.35,24.35,3300,0
BSMP.US,5,20230706,204500,24.35,24.35,24.35,24.35,1000,0
BSMP.US,5,20230706,205000,24.35,24.35,24.35,24.35,8200,0
BSMP.US,5,20230706,205500,24.35,24.355,24.35,24.35,21298,0
BSMP.US,5,20230706,210000,24.35,24.35,24.345,24.35,14900,0
BSMP.US,5,20230706,210500,24.35,24.35,24.35,24.35,1800,0
BSMP.US,5,20230706,211000,24.35,24.35,24.3499,24.35,7369,0
BSMP.US,5,20230706,211500,24.35,24.35,24.35,24.35,9100,0
BSMP.US,5,20230706,212000,24.35,24.35,24.35,24.35,4100,0
BSMP.US,5,20230706,212500,24.35,24.355,24.35,24.35,8708,0
BSMP.US,5,20230706,213000,24.35,24.35,24.35,24.35,6700,0
BSMP.US,5,20230706,213500,24.35,24.35,24.3457,24.35,3300,0
BSMP.US,5,20230706,214000,24.35,24.35,24.35,24.35,4200,0
BSMP.US,5,20230706,214500,24.35,24.35,24.35,24.35,5100,0
BSMP.US,5,20230706,215000,24.35,24.355,24.35,24.35,5500,0
BSMP.US,5,20230706,215500,24.35,24.39,24.34,24.37,29700,0
BSMP.US,5,20230707,153000,24.36,24.36,24.36,24.36,7438,0
BSMP.US,5,20230707,154000,24.34,24.34,24.34,24.34,493,0
BSMP.US,5,20230707,160000,24.3185,24.3185,24.3185,24.3185,616,0
BSMP.US,5,20230707,162000,24.3201,24.34,24.3201,24.34,1825,0
BSMP.US,5,20230707,163000,24.34,24.34,24.34,24.34,466,0
BSMP.US,5,20230707,164500,24.35,24.35,24.35,24.35,800,0
BSMP.US,5,20230707,170000,24.345,24.36,24.345,24.36,1698,0
BSMP.US,5,20230707,171500,24.35,24.35,24.35,24.35,476,0
BSMP.US,5,20230707,172000,24.35,24.35,24.35,24.35,10380,0
BSMP.US,5,20230707,172500,24.3599,24.3599,24.35,24.35,1563,0
BSMP.US,5,20230707,173000,24.35,24.35,24.35,24.35,600,0
BSMP.US,5,20230707,182000,24.345,24.36,24.345,24.36,1300,0
BSMP.US,5,20230707,182500,24.345,24.35,24.3401,24.35,1546,0
BSMP.US,5,20230707,183000,24.35,24.35,24.35,24.35,1300,0
BSMP.US,5,20230707,183500,24.35,24.36,24.35,24.35,1000,0
BSMP.US,5,20230707,184000,24.35,24.35,24.35,24.35,400,0
BSMP.US,5,20230707,184500,24.35,24.35,24.35,24.35,300,0
BSMP.US,5,20230707,185000,24.35,24.35,24.35,24.35,600,0
BSMP.US,5,20230707,185500,24.345,24.35,24.345,24.345,1599,0
BSMP.US,5,20230707,190000,24.345,24.345,24.345,24.345,276,0
BSMP.US,5,20230707,191000,24.345,24.345,24.345,24.345,1500,0
BSMP.US,5,20230707,191500,24.345,24.345,24.345,24.345,1100,0
BSMP.US,5,20230707,192500,24.345,24.345,24.345,24.345,100,0
BSMP.US,5,20230707,193000,24.345,24.345,24.345,24.345,100,0
BSMP.US,5,20230707,193500,24.345,24.345,24.345,24.345,100,0
BSMP.US,5,20230707,194000,24.345,24.35,24.345,24.35,2800,0
BSMP.US,5,20230707,194500,24.345,24.345,24.3401,24.345,560,0
BSMP.US,5,20230707,195000,24.345,24.345,24.345,24.345,100,0
BSMP.US,5,20230707,195500,24.345,24.345,24.345,24.345,100,0
BSMP.US,5,20230707,200500,24.345,24.345,24.345,24.345,1100,0
BSMP.US,5,20230707,201000,24.345,24.345,24.345,24.345,400,0
BSMP.US,5,20230707,201500,24.345,24.345,24.345,24.345,200,0
BSMP.US,5,20230707,202000,24.345,24.345,24.34,24.34,800,0
BSMP.US,5,20230707,202500,24.32,24.34,24.32,24.34,2482,0
BSMP.US,5,20230707,203500,24.335,24.335,24.335,24.335,410,0
BSMP.US,5,20230707,210000,24.335,24.35,24.32,24.35,5690,0
BSMP.US,5,20230707,213000,24.35,24.36,24.35,24.36,5833,0
BSMP.US,5,20230707,214500,24.35,24.36,24.345,24.36,900,0
BSMP.US,5,20230707,215500,24.35,24.35,24.34,24.34,5764,0
