<TICKER>,<PER>,<DATE>,<TIME>,<OPEN>,<HIGH>,<LOW>,<CLOSE>,<VOL>,<OPENINT>
BSMQ.US,5,20230522,160000,23.39,23.39,23.39,23.39,200,0
BSMQ.US,5,20230522,160500,23.39,23.39,23.39,23.39,100,0
BSMQ.US,5,20230522,162500,23.37,23.37,23.37,23.37,400,0
BSMQ.US,5,20230522,181500,23.3506,23.3506,23.3506,23.3506,480,0
BSMQ.US,5,20230522,184000,23.35,23.3501,23.35,23.3501,480,0
BSMQ.US,5,20230522,202000,23.365,23.365,23.3545,23.3545,2767,0
BSMQ.US,5,20230522,210000,23.37,23.37,23.37,23.37,640,0
BSMQ.US,5,20230522,215500,23.34,23.34,23.34,23.34,103,0
BSMQ.US,5,20230523,160500,23.34,23.34,23.31,23.31,2323,0
BSMQ.US,5,20230523,162500,23.34,23.3401,23.34,23.3401,606,0
BSMQ.US,5,20230523,173500,23.34,23.3401,23.34,23.3401,1008,0
BSMQ.US,5,20230523,182500,23.358,23.358,23.345,23.345,914,0
BSMQ.US,5,20230523,192500,23.35,23.35,23.35,23.35,340,0
BSMQ.US,5,20230523,200500,23.345,23.345,23.345,23.345,400,0
BSMQ.US,5,20230523,201000,23.3401,23.3401,23.34,23.34,312,0
BSMQ.US,5,20230523,203000,23.3201,23.3201,23.3201,23.3201,440,0
BSMQ.US,5,20230523,210000,23.3273,23.3273,23.3273,23.3273,1371,0
BSMQ.US,5,20230523,215500,23.32,23.32,23.32,23.32,127,0
BSMQ.US,5,20230524,155000,23.321,23.321,23.321,23.321,319,0
BSMQ.US,5,20230524,171000,23.32,23.32,23.3,23.3,300,0
BSMQ.US,5,20230524,171500,23.3,23.3,23.3,23.3,400,0
BSMQ.US,5,20230524,172000,23.2948,23.2948,23.2948,23.2948,367,0
BSMQ.US,5,20230524,172500,23.305,23.305,23.29,23.29,600,0
BSMQ.US,5,20230524,173500,23.29,23.29,23.29,23.29,600,0
BSMQ.US,5,20230524,174000,23.29,23.29,23.29,23.29,300,0
BSMQ.US,5,20230524,174500,23.29,23.29,23.29,23.29,100,0
BSMQ.US,5,20230524,175000,23.29,23.29,23.29,23.29,100,0
BSMQ.US,5,20230524,184500,23.2701,23.2701,23.27,23.27,602,0
BSMQ.US,5,20230524,200500,23.29,23.29,23.29,23.29,301,0
BSMQ.US,5,20230524,201500,23.2812,23.2812,23.2812,23.2812,1185,0
BSMQ.US,5,20230524,205000,23.295,23.31,23.295,23.31,3867,0
BSMQ.US,5,20230524,205500,23.31,23.31,23.28,23.2801,21512,0
BSMQ.US,5,20230524,210000,23.3,23.31,23.3,23.31,500,0
BSMQ.US,5,20230524,215500,23.28,23.28,23.28,23.28,100,0
BSMQ.US,5,20230525,161500,23.3,23.3,23.2999,23.2999,430,0
BSMQ.US,5,20230525,181500,23.299,23.3,23.299,23.3,643,0
BSMQ.US,5,20230525,182000,23.29,23.29,23.29,23.29,100,0
BSMQ.US,5,20230525,185500,23.319,23.33,23.319,23.33,3698,0
BSMQ.US,5,20230525,200500,23.3001,23.3001,23.3001,23.3001,462,0
BSMQ.US,5,20230525,215000,23.309,23.309,23.309,23.309,100,0
BSMQ.US,5,20230526,153000,23.33,23.33,23.33,23.33,318,0
BSMQ.US,5,20230526,165000,23.3102,23.3102,23.3102,23.3102,197,0
BSMQ.US,5,20230526,171500,23.315,23.315,23.31,23.31,2239,0
BSMQ.US,5,20230526,172000,23.315,23.315,23.315,23.315,109,0
BSMQ.US,5,20230526,181500,23.319,23.319,23.2907,23.2907,3700,0
BSMQ.US,5,20230526,194000,23.3001,23.3001,23.3,23.3,594,0
BSMQ.US,5,20230526,195000,23.3,23.33,23.3,23.33,324,0
BSMQ.US,5,20230526,205500,23.33,23.33,23.33,23.33,2100,0
BSMQ.US,5,20230526,215500,23.33,23.33,23.33,23.33,100,0
BSMQ.US,5,20230530,153000,23.358,23.37,23.358,23.37,4200,0
BSMQ.US,5,20230530,155000,23.349,23.349,23.349,23.349,450,0
BSMQ.US,5,20230530,160000,23.345,23.345,23.345,23.345,247,0
BSMQ.US,5,20230530,164500,23.379,23.379,23.379,23.379,176,0
BSMQ.US,5,20230530,173500,23.389,23.389,23.3601,23.3601,275,0
BSMQ.US,5,20230530,174500,23.36,23.3673,23.36,23.3673,1500,0
BSMQ.US,5,20230530,185500,23.39,23.39,23.375,23.389,1412,0
BSMQ.US,5,20230530,194000,23.39,23.4,23.39,23.4,4416,0
BSMQ.US,5,20230530,194500,23.395,23.395,23.395,23.395,100,0
BSMQ.US,5,20230530,195000,23.395,23.395,23.395,23.395,700,0
BSMQ.US,5,20230530,200500,23.4,23.41,23.3999,23.41,1900,0
BSMQ.US,5,20230530,205000,23.4,23.4,23.4,23.4,171,0
BSMQ.US,5,20230530,210500,23.3801,23.3801,23.3801,23.3801,228,0
BSMQ.US,5,20230530,212500,23.3815,23.3815,23.3815,23.3815,1632,0
BSMQ.US,5,20230530,215500,23.4,23.4,23.4,23.4,200,0
BSMQ.US,5,20230531,154000,23.42,23.42,23.42,23.42,641,0
BSMQ.US,5,20230531,164000,23.41,23.44,23.33,23.4102,4149,0
BSMQ.US,5,20230531,164500,23.425,23.425,23.425,23.425,317,0
BSMQ.US,5,20230531,165000,23.44,23.44,23.44,23.44,100,0
BSMQ.US,5,20230531,165500,23.4106,23.4106,23.4106,23.4106,173,0
BSMQ.US,5,20230531,170000,23.44,23.44,23.44,23.44,100,0
BSMQ.US,5,20230531,171500,23.44,23.44,23.44,23.44,100,0
BSMQ.US,5,20230531,180000,23.4115,23.42,23.4115,23.42,523,0
BSMQ.US,5,20230531,191500,23.429,23.429,23.429,23.429,117,0
BSMQ.US,5,20230531,192000,23.42,23.42,23.41,23.41,500,0
BSMQ.US,5,20230531,192500,23.41,23.41,23.4,23.41,500,0
BSMQ.US,5,20230531,193000,23.41,23.41,23.4,23.4,1700,0
BSMQ.US,5,20230531,194000,23.42,23.42,23.42,23.42,400,0
BSMQ.US,5,20230531,194500,23.42,23.42,23.4,23.42,1568,0
BSMQ.US,5,20230531,195000,23.41,23.41,23.4,23.4,1700,0
BSMQ.US,5,20230531,200000,23.41,23.41,23.41,23.41,300,0
BSMQ.US,5,20230531,200500,23.41,23.41,23.4,23.4,1100,0
BSMQ.US,5,20230531,201000,23.4,23.415,23.4,23.4,900,0
BSMQ.US,5,20230531,201500,23.4,23.4,23.4,23.4,1300,0
BSMQ.US,5,20230531,202000,23.4,23.41,23.4,23.41,900,0
BSMQ.US,5,20230531,202500,23.41,23.41,23.4,23.4,1800,0
BSMQ.US,5,20230531,203000,23.41,23.41,23.4,23.4,1000,0
BSMQ.US,5,20230531,203500,23.4,23.4,23.4,23.4,800,0
BSMQ.US,5,20230531,204000,23.4,23.43,23.4,23.43,3407,0
BSMQ.US,5,20230531,204500,23.4,23.4,23.4,23.4,700,0
BSMQ.US,5,20230531,205000,23.4,23.4,23.4,23.4,1000,0
BSMQ.US,5,20230531,210000,23.4,23.4,23.4,23.4,400,0
BSMQ.US,5,20230531,212000,23.41,23.41,23.41,23.41,100,0
BSMQ.US,5,20230531,213000,23.4,23.4,23.4,23.4,1100,0
BSMQ.US,5,20230531,213500,23.4,23.4,23.4,23.4,800,0
BSMQ.US,5,20230531,214000,23.41,23.41,23.41,23.41,100,0
BSMQ.US,5,20230531,214500,23.4,23.4,23.4,23.4,900,0
BSMQ.US,5,20230531,215000,23.4,23.4,23.4,23.4,800,0
BSMQ.US,5,20230601,160000,23.46,23.46,23.46,23.46,800,0
BSMQ.US,5,20230601,161500,23.455,23.47,23.455,23.47,1125,0
BSMQ.US,5,20230601,182000,23.469,23.469,23.469,23.469,200,0
BSMQ.US,5,20230601,183500,23.47,23.47,23.47,23.47,1600,0
BSMQ.US,5,20230601,184000,23.479,23.479,23.479,23.479,1340,0
BSMQ.US,5,20230601,195500,23.46,23.46,23.46,23.46,125,0
BSMQ.US,5,20230601,205000,23.47,23.47,23.469,23.47,1282,0
BSMQ.US,5,20230601,211000,23.45,23.47,23.45,23.47,1000,0
BSMQ.US,5,20230601,211500,23.469,23.47,23.469,23.4699,600,0
BSMQ.US,5,20230601,215500,23.47,23.47,23.47,23.47,211,0
BSMQ.US,5,20230602,171500,23.4498,23.4498,23.4498,23.4498,1000,0
BSMQ.US,5,20230602,173000,23.435,23.435,23.435,23.435,646,0
BSMQ.US,5,20230602,173500,23.44,23.45,23.44,23.45,2135,0
BSMQ.US,5,20230602,174500,23.4398,23.4398,23.4398,23.4398,1000,0
BSMQ.US,5,20230602,180500,23.43,23.43,23.43,23.43,100,0
BSMQ.US,5,20230602,183000,23.44,23.44,23.4335,23.4335,1090,0
BSMQ.US,5,20230602,185500,23.43,23.43,23.43,23.43,165,0
BSMQ.US,5,20230602,193000,23.439,23.44,23.439,23.4399,2034,0
BSMQ.US,5,20230602,194000,23.43,23.43,23.43,23.43,100,0
BSMQ.US,5,20230602,201500,23.415,23.415,23.415,23.415,100,0
BSMQ.US,5,20230602,204000,23.429,23.43,23.429,23.43,725,0
BSMQ.US,5,20230602,213500,23.43,23.43,23.43,23.43,10680,0
BSMQ.US,5,20230602,215500,23.43,23.43,23.43,23.43,100,0
BSMQ.US,5,20230605,162000,23.44,23.44,23.44,23.44,100,0
BSMQ.US,5,20230605,163000,23.445,23.445,23.445,23.445,1384,0
BSMQ.US,5,20230605,173000,23.44,23.446,23.44,23.444,1000,0
BSMQ.US,5,20230605,182500,23.4201,23.4489,23.42,23.4489,2634,0
BSMQ.US,5,20230605,183500,23.46,23.46,23.4599,23.4599,292,0
BSMQ.US,5,20230605,185000,23.42,23.4201,23.42,23.4201,340,0
BSMQ.US,5,20230605,190000,23.449,23.449,23.449,23.449,100,0
BSMQ.US,5,20230605,191000,23.4445,23.4445,23.4445,23.4445,2161,0
BSMQ.US,5,20230605,193500,23.4499,23.4499,23.4499,23.4499,106,0
BSMQ.US,5,20230605,194500,23.45,23.45,23.45,23.45,2150,0
BSMQ.US,5,20230605,210500,23.43,23.43,23.43,23.43,1061,0
BSMQ.US,5,20230605,211500,23.45,23.46,23.4499,23.46,2235,0
BSMQ.US,5,20230605,215500,23.46,23.46,23.46,23.46,273,0
BSMQ.US,5,20230606,175000,23.48,23.48,23.48,23.48,1000,0
BSMQ.US,5,20230606,175500,23.485,23.49,23.48,23.48,4256,0
BSMQ.US,5,20230606,180000,23.47,23.47,23.46,23.46,544,0
BSMQ.US,5,20230606,180500,23.4601,23.4601,23.4601,23.4601,1500,0
BSMQ.US,5,20230606,183000,23.45,23.465,23.4,23.44,11967,0
BSMQ.US,5,20230606,183500,23.44,23.44,23.44,23.44,100,0
BSMQ.US,5,20230606,191000,23.44,23.44,23.36,23.36,6382,0
BSMQ.US,5,20230606,201000,23.4399,23.44,23.4399,23.44,1284,0
BSMQ.US,5,20230606,211500,23.43,23.43,23.43,23.43,2100,0
BSMQ.US,5,20230606,214000,23.435,23.44,23.43,23.43,2434,0
BSMQ.US,5,20230606,215000,23.43,23.43,23.43,23.43,451,0
BSMQ.US,5,20230606,215500,23.42,23.42,23.42,23.42,200,0
BSMQ.US,5,20230607,153000,23.52,23.52,23.48,23.48,6074,0
BSMQ.US,5,20230607,153500,23.49,23.49,23.4899,23.49,926,0
BSMQ.US,5,20230607,154500,23.47,23.47,23.47,23.47,209,0
BSMQ.US,5,20230607,172000,23.471,23.471,23.471,23.471,190,0
BSMQ.US,5,20230607,172500,23.465,23.465,23.465,23.465,242,0
BSMQ.US,5,20230607,173500,23.479,23.479,23.479,23.479,300,0
BSMQ.US,5,20230607,175500,23.48,23.48,23.48,23.48,126,0
BSMQ.US,5,20230607,182500,23.4699,23.47,23.4699,23.47,1946,0
BSMQ.US,5,20230607,183500,23.465,23.465,23.465,23.465,262,0
BSMQ.US,5,20230607,184500,23.47,23.47,23.455,23.455,3967,0
BSMQ.US,5,20230607,191500,23.47,23.47,23.47,23.47,3749,0
BSMQ.US,5,20230607,192500,23.48,23.48,23.4702,23.48,2340,0
BSMQ.US,5,20230607,200500,23.44,23.44,23.43,23.43,911,0
BSMQ.US,5,20230607,201000,23.4549,23.4549,23.4549,23.4549,241,0
BSMQ.US,5,20230607,204500,23.441,23.441,23.441,23.441,1076,0
BSMQ.US,5,20230607,213000,23.46,23.46,23.46,23.46,100,0
BSMQ.US,5,20230607,213500,23.46,23.46,23.46,23.46,100,0
BSMQ.US,5,20230608,164000,23.49,23.5,23.49,23.5,16302,0
BSMQ.US,5,20230608,164500,23.5,23.5,23.49,23.5,1065,0
BSMQ.US,5,20230608,170000,23.49,23.49,23.4865,23.4865,965,0
BSMQ.US,5,20230608,170500,23.4701,23.4701,23.47,23.47,276,0
BSMQ.US,5,20230608,172000,23.49,23.49,23.49,23.49,233,0
BSMQ.US,5,20230608,173000,23.49,23.49,23.4835,23.4835,1542,0
BSMQ.US,5,20230608,182500,23.489,23.49,23.489,23.49,1602,0
BSMQ.US,5,20230608,185500,23.4701,23.4701,23.47,23.47,1360,0
BSMQ.US,5,20230608,192500,23.48,23.48,23.47,23.47,200,0
BSMQ.US,5,20230608,193000,23.47,23.47,23.45,23.45,4400,0
BSMQ.US,5,20230608,193500,23.45,23.45,23.45,23.45,2654,0
BSMQ.US,5,20230608,194000,23.45,23.465,23.45,23.45,3010,0
BSMQ.US,5,20230608,194500,23.45,23.45,23.45,23.45,1000,0
BSMQ.US,5,20230608,201000,23.45,23.45,23.45,23.45,400,0
BSMQ.US,5,20230608,202000,23.46,23.46,23.46,23.46,400,0
BSMQ.US,5,20230608,203000,23.46,23.46,23.46,23.46,400,0
BSMQ.US,5,20230608,203500,23.46,23.46,23.46,23.46,400,0
BSMQ.US,5,20230608,204000,23.46,23.46,23.46,23.46,400,0
BSMQ.US,5,20230608,204500,23.46,23.46,23.46,23.46,400,0
BSMQ.US,5,20230608,205000,23.46,23.48,23.46,23.48,400,0
BSMQ.US,5,20230608,205500,23.47,23.48,23.4401,23.48,784,0
BSMQ.US,5,20230608,210000,23.48,23.48,23.45,23.45,900,0
BSMQ.US,5,20230608,210500,23.46,23.46,23.46,23.46,400,0
BSMQ.US,5,20230608,211000,23.46,23.46,23.46,23.46,400,0
BSMQ.US,5,20230608,211500,23.46,23.46,23.46,23.46,1181,0
BSMQ.US,5,20230608,212000,23.46,23.46,23.46,23.46,400,0
BSMQ.US,5,20230608,212500,23.455,23.47,23.455,23.47,600,0
BSMQ.US,5,20230608,213000,23.47,23.47,23.47,23.47,600,0
BSMQ.US,5,20230608,213500,23.47,23.47,23.47,23.47,600,0
BSMQ.US,5,20230608,214000,23.47,23.48,23.45,23.46,1500,0
BSMQ.US,5,20230608,214500,23.46,23.46,23.45,23.46,1300,0
BSMQ.US,5,20230608,215000,23.46,23.46,23.45,23.45,2000,0
BSMQ.US,5,20230608,215500,23.46,23.465,23.44,23.45,4350,0
BSMQ.US,5,20230609,153000,23.51,23.51,23.45,23.45,11308,0
BSMQ.US,5,20230609,160000,23.455,23.455,23.455,23.455,127,0
BSMQ.US,5,20230609,161000,23.45,23.45,23.45,23.45,100,0
BSMQ.US,5,20230609,161500,23.45,23.45,23.45,23.45,220,0
BSMQ.US,5,20230609,163000,23.4201,23.4201,23.4201,23.4201,2118,0
BSMQ.US,5,20230609,171000,23.43,23.43,23.43,23.43,100,0
BSMQ.US,5,20230609,171500,23.43,23.43,23.43,23.43,862,0
BSMQ.US,5,20230609,175500,23.4599,23.46,23.4599,23.46,468,0
BSMQ.US,5,20230609,190000,23.45,23.45,23.44,23.44,817,0
BSMQ.US,5,20230609,191000,23.43,23.43,23.43,23.43,4426,0
BSMQ.US,5,20230609,202000,23.445,23.445,23.445,23.445,2147,0
BSMQ.US,5,20230609,204500,23.4598,23.4598,23.4598,23.4598,108,0
BSMQ.US,5,20230609,205000,23.46,23.46,23.46,23.46,200,0
BSMQ.US,5,20230609,210000,23.43,23.43,23.42,23.42,747,0
BSMQ.US,5,20230609,213000,23.452,23.47,23.436,23.4699,5823,0
BSMQ.US,5,20230609,214500,23.44,23.46,23.44,23.4599,3560,0
BSMQ.US,5,20230609,215500,23.45,23.46,23.42,23.42,1265,0
BSMQ.US,5,20230612,153000,23.48,23.48,23.48,23.48,715,0
BSMQ.US,5,20230612,153500,23.43,23.43,23.43,23.43,100,0
BSMQ.US,5,20230612,164000,23.43,23.43,23.43,23.43,100,0
BSMQ.US,5,20230612,173500,23.46,23.46,23.46,23.46,317,0
BSMQ.US,5,20230612,184500,23.46,23.46,23.44,23.46,1698,0
BSMQ.US,5,20230612,185000,23.43,23.43,23.42,23.42,1704,0
BSMQ.US,5,20230612,185500,23.42,23.42,23.42,23.42,100,0
BSMQ.US,5,20230612,191500,23.42,23.44,23.42,23.44,1914,0
BSMQ.US,5,20230612,193500,23.42,23.42,23.42,23.42,100,0
BSMQ.US,5,20230612,195500,23.42,23.42,23.42,23.42,100,0
BSMQ.US,5,20230612,201500,23.43,23.43,23.43,23.43,100,0
BSMQ.US,5,20230612,212000,23.435,23.435,23.435,23.435,300,0
BSMQ.US,5,20230612,212500,23.43,23.43,23.43,23.43,914,0
BSMQ.US,5,20230612,213000,23.43,23.4481,23.43,23.43,2961,0
BSMQ.US,5,20230612,214000,23.43,23.43,23.43,23.43,100,0
BSMQ.US,5,20230612,214500,23.445,23.46,23.445,23.46,5184,0
BSMQ.US,5,20230612,215000,23.45,23.45,23.45,23.45,100,0
BSMQ.US,5,20230612,215500,23.43,23.43,23.43,23.43,558,0
BSMQ.US,5,20230613,164000,23.455,23.455,23.455,23.455,420,0
BSMQ.US,5,20230613,172500,23.44,23.44,23.44,23.44,100,0
BSMQ.US,5,20230613,182500,23.48,23.48,23.4799,23.4799,280,0
BSMQ.US,5,20230613,183500,23.48,23.48,23.46,23.48,615,0
BSMQ.US,5,20230613,185000,23.5,23.5,23.5,23.5,100,0
BSMQ.US,5,20230613,185500,23.48,23.48,23.48,23.48,226,0
BSMQ.US,5,20230613,190500,23.45,23.45,23.45,23.45,7008,0
BSMQ.US,5,20230613,192500,23.465,23.465,23.465,23.465,100,0
BSMQ.US,5,20230613,193000,23.45,23.45,23.45,23.45,200,0
BSMQ.US,5,20230613,200000,23.445,23.445,23.445,23.445,100,0
BSMQ.US,5,20230613,203000,23.435,23.435,23.435,23.435,100,0
BSMQ.US,5,20230613,205000,23.45,23.45,23.45,23.45,100,0
BSMQ.US,5,20230613,210000,23.446,23.446,23.43,23.442,1200,0
BSMQ.US,5,20230613,211500,23.43,23.43,23.43,23.43,319,0
BSMQ.US,5,20230613,213500,23.435,23.435,23.435,23.435,100,0
BSMQ.US,5,20230614,162500,23.4503,23.4503,23.4503,23.4503,596,0
BSMQ.US,5,20230614,170500,23.465,23.465,23.465,23.465,127,0
BSMQ.US,5,20230614,171500,23.48,23.48,23.45,23.45,481,0
BSMQ.US,5,20230614,173500,23.48,23.48,23.48,23.48,300,0
BSMQ.US,5,20230614,183000,23.48,23.48,23.45,23.48,925,0
BSMQ.US,5,20230614,183500,23.48,23.48,23.48,23.48,840,0
BSMQ.US,5,20230614,191000,23.48,23.48,23.48,23.48,120,0
BSMQ.US,5,20230614,192500,23.478,23.48,23.465,23.48,1957,0
BSMQ.US,5,20230614,193000,23.48,23.48,23.48,23.48,117,0
BSMQ.US,5,20230614,194500,23.45,23.45,23.45,23.45,100,0
BSMQ.US,5,20230614,200500,23.455,23.455,23.455,23.455,300,0
BSMQ.US,5,20230614,201500,23.455,23.455,23.455,23.455,100,0
BSMQ.US,5,20230614,202000,23.455,23.455,23.455,23.455,130,0
BSMQ.US,5,20230614,205000,23.4597,23.5,23.4552,23.47,4856,0
BSMQ.US,5,20230614,205500,23.46,23.46,23.46,23.46,100,0
BSMQ.US,5,20230614,210500,23.45,23.46,23.45,23.4599,400,0
BSMQ.US,5,20230614,212000,23.45,23.45,23.45,23.45,100,0
BSMQ.US,5,20230614,214000,23.455,23.455,23.455,23.455,100,0
BSMQ.US,5,20230614,215500,23.4731,23.51,23.4731,23.51,387,0
BSMQ.US,5,20230615,153000,23.56,23.56,23.4973,23.4973,4761,0
BSMQ.US,5,20230615,154500,23.518,23.5227,23.49,23.5227,2743,0
BSMQ.US,5,20230615,155500,23.53,23.53,23.52,23.52,6520,0
BSMQ.US,5,20230615,165000,23.519,23.52,23.519,23.52,200,0
BSMQ.US,5,20230615,191500,23.52,23.52,23.52,23.52,248,0
BSMQ.US,5,20230615,192000,23.52,23.53,23.52,23.525,1600,0
BSMQ.US,5,20230615,192500,23.53,23.53,23.53,23.53,25000,0
BSMQ.US,5,20230615,194000,23.53,23.53,23.528,23.53,900,0
BSMQ.US,5,20230615,194500,23.53,23.53,23.53,23.53,1900,0
BSMQ.US,5,20230615,195500,23.51,23.51,23.49,23.49,7693,0
BSMQ.US,5,20230615,201500,23.4901,23.4901,23.4901,23.4901,990,0
BSMQ.US,5,20230615,203000,23.515,23.515,23.515,23.515,257,0
BSMQ.US,5,20230615,205000,23.53,23.53,23.53,23.53,100,0
BSMQ.US,5,20230615,210500,23.4965,23.4965,23.4965,23.4965,130,0
BSMQ.US,5,20230615,211500,23.53,23.53,23.53,23.53,324,0
BSMQ.US,5,20230615,212500,23.5,23.5,23.49,23.4901,1906,0
BSMQ.US,5,20230615,215500,23.54,23.54,23.52,23.52,300,0
BSMQ.US,5,20230616,155500,23.53,23.53,23.5299,23.53,7600,0
BSMQ.US,5,20230616,161500,23.52,23.52,23.52,23.52,500,0
BSMQ.US,5,20230616,164000,23.51,23.51,23.51,23.51,100,0
BSMQ.US,5,20230616,165500,23.5188,23.5188,23.5188,23.5188,204,0
BSMQ.US,5,20230616,172500,23.5282,23.5282,23.5282,23.5282,764,0
BSMQ.US,5,20230616,180500,23.53,23.53,23.515,23.515,609,0
BSMQ.US,5,20230616,192000,23.52,23.52,23.52,23.52,292,0
BSMQ.US,5,20230616,193000,23.529,23.529,23.529,23.529,129,0
BSMQ.US,5,20230616,200500,23.53,23.53,23.529,23.5299,872,0
BSMQ.US,5,20230616,202000,23.515,23.515,23.515,23.515,122,0
BSMQ.US,5,20230616,203000,23.515,23.515,23.515,23.515,198,0
BSMQ.US,5,20230616,203500,23.529,23.529,23.529,23.529,140,0
BSMQ.US,5,20230616,205000,23.53,23.53,23.53,23.53,100,0
BSMQ.US,5,20230616,211500,23.53,23.53,23.53,23.53,300,0
BSMQ.US,5,20230616,212000,23.53,23.53,23.53,23.53,300,0
BSMQ.US,5,20230616,212500,23.53,23.53,23.53,23.53,400,0
BSMQ.US,5,20230616,213000,23.53,23.53,23.53,23.53,400,0
BSMQ.US,5,20230616,213500,23.53,23.53,23.5298,23.5298,1481,0
BSMQ.US,5,20230620,154000,23.49,23.49,23.49,23.49,100,0
BSMQ.US,5,20230620,155500,23.49,23.49,23.49,23.49,100,0
BSMQ.US,5,20230620,161000,23.49,23.49,23.49,23.49,100,0
BSMQ.US,5,20230620,162000,23.49,23.49,23.49,23.49,100,0
BSMQ.US,5,20230620,163500,23.51,23.51,23.51,23.51,100,0
BSMQ.US,5,20230620,165000,23.4701,23.51,23.4701,23.51,650,0
BSMQ.US,5,20230620,170500,23.51,23.51,23.51,23.51,100,0
BSMQ.US,5,20230620,172000,23.51,23.51,23.51,23.51,100,0
BSMQ.US,5,20230620,173500,23.51,23.51,23.51,23.51,100,0
BSMQ.US,5,20230620,175500,23.51,23.51,23.51,23.51,100,0
BSMQ.US,5,20230620,181000,23.51,23.51,23.51,23.51,100,0
BSMQ.US,5,20230620,183000,23.51,23.51,23.51,23.51,100,0
BSMQ.US,5,20230620,184500,23.51,23.51,23.51,23.51,100,0
BSMQ.US,5,20230620,185000,23.48,23.48,23.47,23.47,200,0
BSMQ.US,5,20230620,190500,23.51,23.51,23.51,23.51,100,0
BSMQ.US,5,20230620,192000,23.5,23.5,23.5,23.5,100,0
BSMQ.US,5,20230620,194000,23.5,23.5,23.5,23.5,100,0
BSMQ.US,5,20230620,195500,23.5,23.5,23.5,23.5,100,0
BSMQ.US,5,20230620,201500,23.5,23.5,23.499,23.5,666,0
BSMQ.US,5,20230620,203000,23.4718,23.5,23.4718,23.5,337,0
BSMQ.US,5,20230620,204500,23.49,23.49,23.49,23.49,100,0
BSMQ.US,5,20230620,205000,23.49,23.49,23.49,23.49,100,0
BSMQ.US,5,20230620,210000,23.49,23.52,23.49,23.5,4200,0
BSMQ.US,5,20230620,211000,23.4801,23.4801,23.4801,23.4801,586,0
BSMQ.US,5,20230620,211500,23.5,23.5,23.5,23.5,100,0
BSMQ.US,5,20230620,212000,23.5,23.52,23.5,23.505,9006,0
BSMQ.US,5,20230620,212500,23.505,23.505,23.505,23.505,100,0
BSMQ.US,5,20230620,213000,23.505,23.505,23.505,23.505,100,0
BSMQ.US,5,20230620,214500,23.505,23.505,23.505,23.505,100,0
BSMQ.US,5,20230620,215000,23.505,23.51,23.505,23.51,500,0
BSMQ.US,5,20230620,215500,23.51,23.51,23.48,23.48,200,0
BSMQ.US,5,20230621,170000,23.4899,23.49,23.4899,23.49,2700,0
BSMQ.US,5,20230621,170500,23.4833,23.5,23.4833,23.5,600,0
BSMQ.US,5,20230621,171000,23.49,23.49,23.49,23.49,200,0
BSMQ.US,5,20230621,171500,23.48,23.5,23.47,23.5,2681,0
BSMQ.US,5,20230621,172000,23.49,23.5,23.49,23.5,200,0
BSMQ.US,5,20230621,185000,23.4901,23.4901,23.4901,23.4901,175,0
BSMQ.US,5,20230621,190500,23.4999,23.5,23.4999,23.5,252,0
BSMQ.US,5,20230621,191500,23.5,23.5,23.5,23.5,3404,0
BSMQ.US,5,20230621,192000,23.5,23.51,23.5,23.5,900,0
BSMQ.US,5,20230621,200000,23.49,23.49,23.49,23.49,379,0
BSMQ.US,5,20230621,211500,23.5,23.51,23.4999,23.51,954,0
BSMQ.US,5,20230621,215500,23.5,23.52,23.5,23.505,2320,0
BSMQ.US,5,20230622,154000,23.475,23.475,23.475,23.475,322,0
BSMQ.US,5,20230622,155000,23.49,23.49,23.4899,23.4899,340,0
BSMQ.US,5,20230622,164000,23.47,23.47,23.47,23.47,217,0
BSMQ.US,5,20230622,165500,23.47,23.48,23.47,23.48,1990,0
BSMQ.US,5,20230622,171000,23.47,23.47,23.47,23.47,153,0
BSMQ.US,5,20230622,172500,23.48,23.48,23.48,23.48,100,0
BSMQ.US,5,20230622,173500,23.47,23.47,23.47,23.47,200,0
BSMQ.US,5,20230622,182500,23.46,23.46,23.46,23.46,160,0
BSMQ.US,5,20230622,184000,23.47,23.47,23.47,23.47,100,0
BSMQ.US,5,20230622,203000,23.47,23.47,23.469,23.4699,650,0
BSMQ.US,5,20230622,211500,23.479,23.48,23.479,23.48,1955,0
BSMQ.US,5,20230622,213000,23.4601,23.4601,23.46,23.46,592,0
BSMQ.US,5,20230622,215500,23.48,23.48,23.48,23.48,364,0
BSMQ.US,5,20230623,154000,23.54,23.54,23.54,23.54,252,0
BSMQ.US,5,20230623,154500,23.5145,23.5145,23.5145,23.5145,557,0
BSMQ.US,5,20230623,160500,23.518,23.518,23.518,23.518,138,0
BSMQ.US,5,20230623,163000,23.4901,23.4901,23.4901,23.4901,189,0
BSMQ.US,5,20230623,173000,23.518,23.53,23.518,23.53,1143,0
BSMQ.US,5,20230623,180500,23.51,23.51,23.51,23.51,255,0
BSMQ.US,5,20230623,182500,23.51,23.51,23.51,23.51,621,0
BSMQ.US,5,20230623,184000,23.52,23.53,23.52,23.53,743,0
BSMQ.US,5,20230623,194000,23.51,23.51,23.51,23.51,780,0
BSMQ.US,5,20230623,202500,23.5,23.53,23.5,23.53,525,0
BSMQ.US,5,20230623,210500,23.5,23.5,23.5,23.5,600,0
BSMQ.US,5,20230623,211000,23.5,23.5,23.5,23.5,400,0
BSMQ.US,5,20230623,211500,23.5,23.5,23.49,23.49,600,0
BSMQ.US,5,20230623,212000,23.49,23.49,23.49,23.49,700,0
BSMQ.US,5,20230623,212500,23.49,23.49,23.49,23.49,1500,0
BSMQ.US,5,20230623,213000,23.49,23.49,23.49,23.49,800,0
BSMQ.US,5,20230623,213500,23.49,23.49,23.49,23.49,1200,0
BSMQ.US,5,20230623,214000,23.49,23.505,23.49,23.505,1080,0
BSMQ.US,5,20230623,214500,23.51,23.51,23.49,23.49,1200,0
BSMQ.US,5,20230623,215000,23.4801,23.49,23.4801,23.49,1046,0
BSMQ.US,5,20230623,215500,23.49,23.51,23.48,23.49,590,0
BSMQ.US,5,20230626,160000,23.49,23.49,23.49,23.49,209,0
BSMQ.US,5,20230626,163000,23.47,23.47,23.44,23.44,2356,0
BSMQ.US,5,20230626,173000,23.4805,23.4805,23.4805,23.4805,382,0
BSMQ.US,5,20230626,182000,23.51,23.51,23.51,23.51,835,0
BSMQ.US,5,20230626,183000,23.51,23.51,23.51,23.51,100,0
BSMQ.US,5,20230626,192000,23.48,23.51,23.39,23.51,17485,0
BSMQ.US,5,20230626,202500,23.51,23.54,23.509,23.54,3266,0
BSMQ.US,5,20230626,203000,23.51,23.51,23.51,23.51,400,0
BSMQ.US,5,20230626,203500,23.51,23.51,23.51,23.51,100,0
BSMQ.US,5,20230626,204000,23.51,23.51,23.51,23.51,300,0
BSMQ.US,5,20230626,211500,23.5,23.51,23.48,23.48,4058,0
BSMQ.US,5,20230626,215500,23.5,23.51,23.5,23.51,553,0
BSMQ.US,5,20230627,153000,23.52,23.52,23.52,23.52,189,0
BSMQ.US,5,20230627,155500,23.52,23.53,23.49,23.4901,4150,0
BSMQ.US,5,20230627,170500,23.495,23.495,23.495,23.495,1270,0
BSMQ.US,5,20230627,180500,23.4996,23.4996,23.4628,23.4628,739,0
BSMQ.US,5,20230627,183500,23.47,23.47,23.47,23.47,100,0
BSMQ.US,5,20230627,191500,23.4652,23.4652,23.46,23.46,2563,0
BSMQ.US,5,20230627,211500,23.4877,23.4877,23.48,23.48,1085,0
BSMQ.US,5,20230627,215500,23.48,23.48,23.48,23.48,297,0
BSMQ.US,5,20230628,153000,23.45,23.45,23.45,23.45,3366,0
BSMQ.US,5,20230628,155000,23.51,23.51,23.51,23.51,193,0
BSMQ.US,5,20230628,160000,23.53,23.53,23.53,23.53,174,0
BSMQ.US,5,20230628,161500,23.5,23.5,23.49,23.4901,2450,0
BSMQ.US,5,20230628,162500,23.511,23.511,23.511,23.511,161,0
BSMQ.US,5,20230628,170000,23.5189,23.5189,23.5189,23.5189,531,0
BSMQ.US,5,20230628,171000,23.49,23.49,23.49,23.49,100,0
BSMQ.US,5,20230628,172000,23.5,23.5,23.49,23.49,12328,0
BSMQ.US,5,20230628,174000,23.5,23.5,23.5,23.5,100,0
BSMQ.US,5,20230628,175000,23.5153,23.5153,23.5153,23.5153,600,0
BSMQ.US,5,20230628,180000,23.5,23.5,23.5,23.5,100,0
BSMQ.US,5,20230628,182000,23.5,23.5,23.5,23.5,200,0
BSMQ.US,5,20230628,183500,23.5,23.5,23.5,23.5,100,0
BSMQ.US,5,20230628,190500,23.5,23.5,23.5,23.5,100,0
BSMQ.US,5,20230628,193000,23.5,23.5,23.5,23.5,100,0
BSMQ.US,5,20230628,195000,23.5,23.5,23.5,23.5,100,0
BSMQ.US,5,20230628,195500,23.52,23.52,23.52,23.52,100,0
BSMQ.US,5,20230628,202000,23.5,23.5,23.5,23.5,100,0
BSMQ.US,5,20230628,203500,23.5,23.5002,23.5,23.5002,552,0
BSMQ.US,5,20230628,205500,23.52,23.52,23.5,23.5,1392,0
BSMQ.US,5,20230628,210000,23.5,23.5,23.5,23.5,100,0
BSMQ.US,5,20230628,211500,23.52,23.52,23.5199,23.52,430,0
BSMQ.US,5,20230628,212000,23.5,23.5,23.5,23.5,100,0
BSMQ.US,5,20230628,213500,23.5,23.5,23.5,23.5,100,0
BSMQ.US,5,20230628,215000,23.5,23.5,23.5,23.5,100,0
BSMQ.US,5,20230628,215500,23.5,23.5,23.481,23.5,597,0
BSMQ.US,5,20230629,162500,23.455,23.455,23.455,23.455,1355,0
BSMQ.US,5,20230629,163000,23.44,23.44,23.44,23.44,500,0
BSMQ.US,5,20230629,171500,23.47,23.47,23.464,23.464,500,0
BSMQ.US,5,20230629,181000,23.46,23.48,23.45,23.45,1409,0
BSMQ.US,5,20230629,183500,23.45,23.45,23.45,23.45,3603,0
BSMQ.US,5,20230629,201500,23.4401,23.4401,23.44,23.44,1333,0
BSMQ.US,5,20230629,210000,23.47,23.47,23.45,23.45,4189,0
BSMQ.US,5,20230629,212000,23.4737,23.4737,23.46,23.46,2665,0
BSMQ.US,5,20230629,213000,23.4401,23.48,23.4401,23.465,1667,0
BSMQ.US,5,20230629,214500,23.4501,23.48,23.4501,23.46,3374,0
BSMQ.US,5,20230629,215500,23.48,23.48,23.46,23.46,200,0
BSMQ.US,5,20230630,153000,23.52,23.52,23.52,23.52,532,0
BSMQ.US,5,20230630,154500,23.51,23.51,23.49,23.49,800,0
BSMQ.US,5,20230630,162500,23.49,23.49,23.49,23.49,1276,0
BSMQ.US,5,20230630,172000,23.47,23.47,23.47,23.47,337,0
BSMQ.US,5,20230630,175000,23.5059,23.5059,23.5059,23.5059,496,0
BSMQ.US,5,20230630,184500,23.49,23.49,23.49,23.49,192,0
BSMQ.US,5,20230630,185500,23.51,23.51,23.4765,23.4765,310,0
BSMQ.US,5,20230630,193000,23.5099,23.5099,23.5099,23.5099,2153,0
BSMQ.US,5,20230630,194000,23.51,23.52,23.5,23.51,861,0
BSMQ.US,5,20230630,194500,23.5087,23.5087,23.5087,23.5087,110,0
BSMQ.US,5,20230630,201500,23.478,23.478,23.478,23.478,688,0
BSMQ.US,5,20230630,202500,23.51,23.51,23.49,23.49,2000,0
BSMQ.US,5,20230630,205000,23.51,23.51,23.51,23.51,200,0
BSMQ.US,5,20230630,210000,23.495,23.495,23.495,23.495,691,0
BSMQ.US,5,20230630,211500,23.4873,23.4873,23.4873,23.4873,638,0
BSMQ.US,5,20230630,215500,23.51,23.51,23.51,23.51,249,0
BSMQ.US,5,20230703,153000,23.43,23.43,23.43,23.43,2545,0
BSMQ.US,5,20230703,153500,23.5198,23.5198,23.5198,23.5198,224,0
BSMQ.US,5,20230703,154000,23.485,23.5384,23.485,23.5384,850,0
BSMQ.US,5,20230703,162000,23.5293,23.5293,23.5293,23.5293,849,0
BSMQ.US,5,20230703,162500,23.515,23.515,23.515,23.515,300,0
BSMQ.US,5,20230703,163000,23.5,23.5,23.5,23.5,100,0
BSMQ.US,5,20230703,164000,23.5,23.5,23.5,23.5,100,0
BSMQ.US,5,20230703,170000,23.5,23.5,23.5,23.5,590,0
BSMQ.US,5,20230703,174000,23.47,23.47,23.47,23.47,100,0
BSMQ.US,5,20230703,180500,23.47,23.47,23.47,23.47,481,0
BSMQ.US,5,20230703,183000,23.47,23.47,23.47,23.47,100,0
BSMQ.US,5,20230703,183500,23.4701,23.4701,23.47,23.47,475,0
BSMQ.US,5,20230703,185500,23.47,23.47,23.47,23.47,300,0
BSMQ.US,5,20230705,155000,23.4937,23.4937,23.4937,23.4937,962,0
BSMQ.US,5,20230705,155500,23.52,23.52,23.52,23.52,187,0
BSMQ.US,5,20230705,165500,23.4801,23.4801,23.48,23.48,488,0
BSMQ.US,5,20230705,170500,23.501,23.51,23.48,23.48,3946,0
BSMQ.US,5,20230705,184500,23.501,23.501,23.501,23.501,225,0
BSMQ.US,5,20230705,190500,23.495,23.495,23.48,23.48,257,0
BSMQ.US,5,20230705,195500,23.49,23.52,23.48,23.48,900,0
BSMQ.US,5,20230705,200500,23.495,23.495,23.48,23.495,1000,0
BSMQ.US,5,20230705,204000,23.4917,23.4917,23.4917,23.4917,150,0
BSMQ.US,5,20230705,205000,23.49,23.49,23.48,23.48,1177,0
BSMQ.US,5,20230705,214000,23.48,23.48,23.46,23.46,548,0
BSMQ.US,5,20230705,215500,23.46,23.46,23.46,23.46,265,0
BSMQ.US,5,20230706,153000,23.43,23.43,23.43,23.43,325,0
BSMQ.US,5,20230706,160000,23.47,23.48,23.47,23.48,321,0
BSMQ.US,5,20230706,170000,23.475,23.475,23.465,23.465,226,0
BSMQ.US,5,20230706,171500,23.46,23.46,23.46,23.46,151,0
BSMQ.US,5,20230706,180500,23.4505,23.48,23.4505,23.4799,463,0
BSMQ.US,5,20230706,183000,23.455,23.455,23.455,23.455,177,0
BSMQ.US,5,20230706,183500,23.47,23.47,23.47,23.47,154,0
BSMQ.US,5,20230706,185000,23.4401,23.4401,23.4401,23.4401,100,0
BSMQ.US,5,20230706,185500,23.44,23.44,23.44,23.44,633,0
BSMQ.US,5,20230706,194000,23.47,23.48,23.45,23.45,3382,0
BSMQ.US,5,20230706,201500,23.48,23.48,23.44,23.44,3302,0
BSMQ.US,5,20230706,202500,23.4799,23.49,23.45,23.45,3380,0
BSMQ.US,5,20230706,213500,23.48,23.49,23.48,23.4899,400,0
BSMQ.US,5,20230706,215500,23.49,23.49,23.49,23.49,584,0
BSMQ.US,5,20230707,172500,23.485,23.485,23.485,23.485,480,0
BSMQ.US,5,20230707,182500,23.5,23.5,23.5,23.5,340,0
BSMQ.US,5,20230707,190500,23.48,23.48,23.4773,23.4773,2181,0
BSMQ.US,5,20230707,191500,23.4701,23.4701,23.4701,23.4701,152,0
BSMQ.US,5,20230707,194500,23.475,23.475,23.475,23.475,100,0
BSMQ.US,5,20230707,205000,23.475,23.475,23.475,23.475,100,0
BSMQ.US,5,20230707,210000,23.47,23.4701,23.44,23.44,1894,0
BSMQ.US,5,20230707,215500,23.45,23.45,23.45,23.45,100,0
