<TICKER>,<PER>,<DATE>,<TIME>,<OPEN>,<HIGH>,<LOW>,<CLOSE>,<VOL>,<OPENINT>
BSMR.US,5,20230522,181500,23.42,23.42,23.42,23.42,484,0
BSMR.US,5,20230522,184000,23.4262,23.4262,23.4262,23.4262,243,0
BSMR.US,5,20230522,185500,23.46,23.47,23.4599,23.4599,2322,0
BSMR.US,5,20230522,202000,23.46,23.46,23.4587,23.4587,2758,0
BSMR.US,5,20230522,210000,23.46,23.46,23.46,23.46,638,0
BSMR.US,5,20230523,162500,23.421,23.421,23.421,23.421,335,0
BSMR.US,5,20230523,163000,23.4201,23.4201,23.4201,23.4201,2500,0
BSMR.US,5,20230523,173500,23.4,23.4007,23.4,23.4,1208,0
BSMR.US,5,20230523,174000,23.4138,23.4138,23.4138,23.4138,146,0
BSMR.US,5,20230523,185000,23.419,23.42,23.419,23.42,900,0
BSMR.US,5,20230523,192500,23.41,23.41,23.4,23.4,2140,0
BSMR.US,5,20230523,203000,23.3801,23.3801,23.3801,23.3801,272,0
BSMR.US,5,20230523,210000,23.4,23.4,23.4,23.4,1300,0
BSMR.US,5,20230523,213500,23.4,23.4,23.4,23.4,295,0
BSMR.US,5,20230524,160500,23.39,23.39,23.39,23.39,1377,0
BSMR.US,5,20230524,164000,23.37,23.37,23.37,23.37,200,0
BSMR.US,5,20230524,164500,23.37,23.37,23.35,23.35,500,0
BSMR.US,5,20230524,171000,23.37,23.39,23.35,23.37,1007,0
BSMR.US,5,20230524,172000,23.35,23.3511,23.35,23.3511,764,0
BSMR.US,5,20230524,173000,23.35,23.35,23.35,23.35,554,0
BSMR.US,5,20230524,174000,23.34,23.35,23.32,23.32,2200,0
BSMR.US,5,20230524,175000,23.34,23.34,23.33,23.33,600,0
BSMR.US,5,20230524,175500,23.33,23.33,23.33,23.33,100,0
BSMR.US,5,20230524,180000,23.32,23.32,23.32,23.32,100,0
BSMR.US,5,20230524,180500,23.32,23.32,23.32,23.32,200,0
BSMR.US,5,20230524,181000,23.32,23.32,23.32,23.32,100,0
BSMR.US,5,20230524,183000,23.31,23.31,23.31,23.31,2274,0
BSMR.US,5,20230524,184500,23.3277,23.3277,23.3277,23.3277,192,0
BSMR.US,5,20230524,190000,23.32,23.32,23.32,23.32,700,0
BSMR.US,5,20230524,193500,23.32,23.32,23.32,23.32,100,0
BSMR.US,5,20230524,194000,23.32,23.32,23.32,23.32,900,0
BSMR.US,5,20230524,195000,23.32,23.32,23.32,23.32,700,0
BSMR.US,5,20230524,200500,23.33,23.33,23.33,23.33,300,0
BSMR.US,5,20230524,201500,23.32,23.333,23.32,23.32,1884,0
BSMR.US,5,20230524,202000,23.34,23.34,23.32,23.32,892,0
BSMR.US,5,20230524,203000,23.32,23.32,23.32,23.32,1200,0
BSMR.US,5,20230524,203500,23.32,23.32,23.32,23.32,1000,0
BSMR.US,5,20230524,204000,23.32,23.32,23.32,23.32,400,0
BSMR.US,5,20230524,205000,23.335,23.335,23.335,23.335,1715,0
BSMR.US,5,20230524,205500,23.3262,23.3262,23.3262,23.3262,158,0
BSMR.US,5,20230524,210000,23.33,23.33,23.33,23.33,1197,0
BSMR.US,5,20230524,210500,23.33,23.33,23.33,23.33,165,0
BSMR.US,5,20230525,164000,23.35,23.36,23.35,23.36,2863,0
BSMR.US,5,20230525,181500,23.349,23.35,23.34,23.35,620,0
BSMR.US,5,20230525,185500,23.381,23.381,23.381,23.381,2591,0
BSMR.US,5,20230525,193500,23.375,23.39,23.375,23.39,4500,0
BSMR.US,5,20230525,200500,23.36,23.3601,23.36,23.3601,888,0
BSMR.US,5,20230526,153000,23.41,23.41,23.4012,23.4012,599,0
BSMR.US,5,20230526,162000,23.419,23.419,23.419,23.419,120,0
BSMR.US,5,20230526,165000,23.3803,23.3803,23.3803,23.3803,196,0
BSMR.US,5,20230526,171500,23.39,23.41,23.37,23.37,3978,0
BSMR.US,5,20230526,172000,23.4,23.4,23.4,23.4,107,0
BSMR.US,5,20230526,194000,23.392,23.392,23.392,23.392,325,0
BSMR.US,5,20230526,195000,23.3918,23.3918,23.3918,23.3918,120,0
BSMR.US,5,20230526,195500,23.41,23.41,23.41,23.41,125,0
BSMR.US,5,20230526,205500,23.395,23.395,23.395,23.395,4275,0
BSMR.US,5,20230526,215000,23.39,23.39,23.39,23.39,165,0
BSMR.US,5,20230530,160000,23.43,23.43,23.4299,23.4299,368,0
BSMR.US,5,20230530,164500,23.4485,23.4485,23.4485,23.4485,113,0
BSMR.US,5,20230530,173500,23.4583,23.4583,23.4583,23.4583,140,0
BSMR.US,5,20230530,194500,23.48,23.48,23.48,23.48,100,0
BSMR.US,5,20230530,195000,23.4757,23.4757,23.4757,23.4757,353,0
BSMR.US,5,20230530,205000,23.48,23.48,23.48,23.48,342,0
BSMR.US,5,20230530,210500,23.48,23.48,23.48,23.48,229,0
BSMR.US,5,20230530,212500,23.45,23.465,23.45,23.4642,2844,0
BSMR.US,5,20230531,162000,23.505,23.505,23.505,23.505,1000,0
BSMR.US,5,20230531,165500,23.5001,23.5001,23.5001,23.5001,173,0
BSMR.US,5,20230531,180000,23.4904,23.4904,23.4904,23.4904,423,0
BSMR.US,5,20230531,194500,23.5,23.5001,23.5,23.5001,866,0
BSMR.US,5,20230531,203000,23.51,23.51,23.51,23.51,20250,0
BSMR.US,5,20230531,204000,23.51,23.51,23.51,23.51,5900,0
BSMR.US,5,20230531,213000,23.51,23.51,23.51,23.51,24950,0
BSMR.US,5,20230531,215500,23.515,23.515,23.515,23.515,100,0
BSMR.US,5,20230601,153000,23.59,23.59,23.59,23.59,1050,0
BSMR.US,5,20230601,183500,23.545,23.545,23.545,23.545,200,0
BSMR.US,5,20230601,184000,23.55,23.56,23.5483,23.5483,1351,0
BSMR.US,5,20230601,205000,23.5421,23.5421,23.5421,23.5421,1276,0
BSMR.US,5,20230601,211000,23.58,23.58,23.5571,23.5571,426,0
BSMR.US,5,20230601,211500,23.555,23.58,23.555,23.5799,1260,0
BSMR.US,5,20230601,212500,23.555,23.555,23.555,23.555,100,0
BSMR.US,5,20230601,213000,23.555,23.555,23.555,23.555,100,0
BSMR.US,5,20230601,215500,23.555,23.555,23.555,23.555,100,0
BSMR.US,5,20230602,164500,23.52,23.52,23.5195,23.5195,1005,0
BSMR.US,5,20230602,170500,23.524,23.524,23.524,23.524,1200,0
BSMR.US,5,20230602,172500,23.53,23.53,23.53,23.53,182,0
BSMR.US,5,20230602,180500,23.5,23.5,23.5,23.5,168,0
BSMR.US,5,20230602,183000,23.51,23.51,23.5067,23.51,1280,0
BSMR.US,5,20230602,185500,23.495,23.495,23.495,23.495,165,0
BSMR.US,5,20230602,200000,23.5025,23.5025,23.5025,23.5025,250,0
BSMR.US,5,20230602,204000,23.49,23.49,23.49,23.49,723,0
BSMR.US,5,20230602,213500,23.4998,23.4998,23.4998,23.4998,250,0
BSMR.US,5,20230602,215500,23.5,23.5,23.5,23.5,100,0
BSMR.US,5,20230605,163000,23.51,23.51,23.51,23.51,1373,0
BSMR.US,5,20230605,170000,23.52,23.53,23.52,23.53,500,0
BSMR.US,5,20230605,173000,23.518,23.518,23.518,23.518,1000,0
BSMR.US,5,20230605,190000,23.54,23.54,23.515,23.515,1406,0
BSMR.US,5,20230605,191000,23.53,23.56,23.513,23.513,4312,0
BSMR.US,5,20230605,193500,23.52,23.52,23.52,23.52,106,0
BSMR.US,5,20230605,210500,23.525,23.525,23.525,23.525,686,0
BSMR.US,5,20230606,153000,23.5894,23.618,23.5894,23.6036,1900,0
BSMR.US,5,20230606,175000,23.57,23.58,23.57,23.58,1319,0
BSMR.US,5,20230606,175500,23.58,23.58,23.58,23.58,3174,0
BSMR.US,5,20230606,180500,23.58,23.58,23.58,23.58,600,0
BSMR.US,5,20230606,184000,23.5699,23.5699,23.5699,23.5699,952,0
BSMR.US,5,20230606,214000,23.5799,23.5799,23.5799,23.5799,1111,0
BSMR.US,5,20230607,155500,23.58,23.58,23.58,23.58,500,0
BSMR.US,5,20230607,173500,23.57,23.57,23.5667,23.5692,3772,0
BSMR.US,5,20230607,182500,23.57,23.57,23.5697,23.5697,2547,0
BSMR.US,5,20230607,191500,23.57,23.57,23.565,23.565,6040,0
BSMR.US,5,20230607,200500,23.565,23.568,23.565,23.568,1231,0
BSMR.US,5,20230607,215000,23.5333,23.5333,23.5333,23.5333,447,0
BSMR.US,5,20230608,164000,23.55,23.55,23.54,23.54,53792,0
BSMR.US,5,20230608,165500,23.5708,23.58,23.565,23.574,7189,0
BSMR.US,5,20230608,170500,23.565,23.574,23.565,23.571,360,0
BSMR.US,5,20230608,171500,23.57,23.58,23.57,23.58,850,0
BSMR.US,5,20230608,185500,23.5584,23.5584,23.5584,23.5584,685,0
BSMR.US,5,20230608,190500,23.58,23.58,23.58,23.58,100,0
BSMR.US,5,20230608,194000,23.5664,23.5664,23.5664,23.5664,110,0
BSMR.US,5,20230608,205500,23.565,23.565,23.565,23.565,382,0
BSMR.US,5,20230608,213000,23.58,23.58,23.58,23.58,100,0
BSMR.US,5,20230608,214000,23.565,23.58,23.565,23.565,2200,0
BSMR.US,5,20230608,214500,23.565,23.565,23.565,23.565,305,0
BSMR.US,5,20230608,215000,23.58,23.58,23.58,23.58,100,0
BSMR.US,5,20230608,215500,23.59,23.59,23.56,23.56,1000,0
BSMR.US,5,20230609,161000,23.57,23.57,23.54,23.54,1909,0
BSMR.US,5,20230609,163000,23.555,23.555,23.555,23.555,300,0
BSMR.US,5,20230609,170500,23.555,23.555,23.54,23.54,300,0
BSMR.US,5,20230609,171000,23.54,23.54,23.54,23.54,800,0
BSMR.US,5,20230609,171500,23.53,23.53,23.53,23.53,863,0
BSMR.US,5,20230609,175500,23.55,23.55,23.55,23.55,1226,0
BSMR.US,5,20230609,180000,23.55,23.55,23.55,23.55,2100,0
BSMR.US,5,20230609,191000,23.53,23.55,23.53,23.55,5598,0
BSMR.US,5,20230609,202000,23.53,23.53,23.53,23.53,426,0
BSMR.US,5,20230609,204500,23.5405,23.5405,23.5405,23.5405,108,0
BSMR.US,5,20230609,213000,23.55,23.57,23.55,23.55,3000,0
BSMR.US,5,20230609,214500,23.5541,23.5541,23.5541,23.5541,2430,0
BSMR.US,5,20230612,153000,23.63,23.63,23.63,23.63,1186,0
BSMR.US,5,20230612,154000,23.565,23.565,23.565,23.565,100,0
BSMR.US,5,20230612,163000,23.59,23.59,23.57,23.575,1100,0
BSMR.US,5,20230612,163500,23.56,23.56,23.56,23.56,100,0
BSMR.US,5,20230612,164000,23.5501,23.5501,23.5501,23.5501,103,0
BSMR.US,5,20230612,173500,23.56,23.56,23.56,23.56,324,0
BSMR.US,5,20230612,182500,23.56,23.56,23.56,23.56,100,0
BSMR.US,5,20230612,184500,23.56,23.57,23.56,23.5605,1501,0
BSMR.US,5,20230612,185000,23.57,23.57,23.565,23.565,1795,0
BSMR.US,5,20230612,191500,23.56,23.56,23.56,23.56,100,0
BSMR.US,5,20230612,194000,23.56,23.56,23.56,23.56,100,0
BSMR.US,5,20230612,201500,23.57,23.59,23.5699,23.59,624,0
BSMR.US,5,20230612,213000,23.58,23.58,23.5797,23.5797,700,0
BSMR.US,5,20230612,213500,23.59,23.59,23.57,23.57,2386,0
BSMR.US,5,20230612,214000,23.57,23.57,23.57,23.57,100,0
BSMR.US,5,20230612,214500,23.57,23.57,23.57,23.57,296,0
BSMR.US,5,20230612,215000,23.57,23.59,23.57,23.57,600,0
BSMR.US,5,20230613,164000,23.575,23.575,23.575,23.575,415,0
BSMR.US,5,20230613,170000,23.5899,23.5899,23.5899,23.5899,311,0
BSMR.US,5,20230613,183000,23.5781,23.59,23.5781,23.59,521,0
BSMR.US,5,20230613,183500,23.6,23.6,23.5705,23.5705,437,0
BSMR.US,5,20230613,184500,23.6,23.6,23.6,23.6,100,0
BSMR.US,5,20230613,185000,23.5838,23.5838,23.5838,23.5838,143,0
BSMR.US,5,20230613,185500,23.599,23.6,23.599,23.6,225,0
BSMR.US,5,20230613,205500,23.565,23.57,23.565,23.5699,708,0
BSMR.US,5,20230613,210000,23.565,23.568,23.565,23.568,1200,0
BSMR.US,5,20230613,211500,23.565,23.57,23.565,23.5657,950,0
BSMR.US,5,20230614,162500,23.5703,23.5703,23.5702,23.5702,567,0
BSMR.US,5,20230614,170500,23.59,23.59,23.59,23.59,126,0
BSMR.US,5,20230614,183500,23.588,23.588,23.588,23.588,847,0
BSMR.US,5,20230614,200500,23.57,23.57,23.57,23.57,1200,0
BSMR.US,5,20230614,210500,23.5374,23.5374,23.5374,23.5374,150,0
BSMR.US,5,20230614,211500,23.55,23.55,23.55,23.55,1735,0
BSMR.US,5,20230614,215500,23.585,23.585,23.585,23.585,218,0
BSMR.US,5,20230615,153000,23.63,23.725,23.61,23.725,2614,0
BSMR.US,5,20230615,154000,23.61,23.61,23.61,23.61,100,0
BSMR.US,5,20230615,154500,23.62,23.625,23.62,23.625,744,0
BSMR.US,5,20230615,155000,23.6233,23.6233,23.6233,23.6233,5204,0
BSMR.US,5,20230615,155500,23.63,23.63,23.63,23.63,100,0
BSMR.US,5,20230615,161500,23.62,23.62,23.62,23.62,100,0
BSMR.US,5,20230615,162000,23.62,23.62,23.62,23.62,100,0
BSMR.US,5,20230615,165000,23.63,23.63,23.6,23.6,320,0
BSMR.US,5,20230615,172000,23.61,23.61,23.61,23.61,100,0
BSMR.US,5,20230615,172500,23.61,23.61,23.61,23.61,100,0
BSMR.US,5,20230615,173500,23.61,23.61,23.605,23.605,400,0
BSMR.US,5,20230615,175000,23.62,23.62,23.62,23.62,100,0
BSMR.US,5,20230615,180500,23.62,23.62,23.62,23.62,100,0
BSMR.US,5,20230615,182000,23.62,23.62,23.62,23.62,100,0
BSMR.US,5,20230615,184000,23.62,23.62,23.62,23.62,100,0
BSMR.US,5,20230615,191000,23.63,23.63,23.63,23.63,100,0
BSMR.US,5,20230615,192500,23.62,23.63,23.62,23.63,25100,0
BSMR.US,5,20230615,193000,23.63,23.63,23.63,23.63,100,0
BSMR.US,5,20230615,195000,23.63,23.63,23.63,23.63,100,0
BSMR.US,5,20230615,201000,23.63,23.63,23.63,23.63,100,0
BSMR.US,5,20230615,201500,23.6095,23.6095,23.6095,23.6095,997,0
BSMR.US,5,20230615,203000,23.615,23.63,23.615,23.63,384,0
BSMR.US,5,20230615,205500,23.63,23.63,23.63,23.63,100,0
BSMR.US,5,20230615,210500,23.615,23.615,23.615,23.615,160,0
BSMR.US,5,20230615,211000,23.63,23.63,23.63,23.63,100,0
BSMR.US,5,20230615,211500,23.63,23.64,23.63,23.64,523,0
BSMR.US,5,20230615,213000,23.64,23.64,23.64,23.64,100,0
BSMR.US,5,20230615,215000,23.64,23.64,23.64,23.64,300,0
BSMR.US,5,20230616,153000,23.67,23.67,23.67,23.67,2974,0
BSMR.US,5,20230616,155500,23.629,23.6839,23.629,23.6839,5400,0
BSMR.US,5,20230616,161500,23.615,23.62,23.615,23.62,1700,0
BSMR.US,5,20230616,180500,23.6133,23.63,23.6133,23.63,715,0
BSMR.US,5,20230616,182500,23.62,23.62,23.62,23.62,100,0
BSMR.US,5,20230616,203000,23.615,23.615,23.615,23.615,200,0
BSMR.US,5,20230616,203500,23.618,23.62,23.618,23.62,226,0
BSMR.US,5,20230616,210500,23.63,23.63,23.63,23.63,500,0
BSMR.US,5,20230616,211500,23.62,23.63,23.62,23.63,200,0
BSMR.US,5,20230616,214500,23.63,23.63,23.63,23.63,200,0
BSMR.US,5,20230616,215000,23.63,23.64,23.63,23.64,600,0
BSMR.US,5,20230616,215500,23.64,23.64,23.64,23.64,1100,0
BSMR.US,5,20230620,165000,23.59,23.59,23.59,23.59,182,0
BSMR.US,5,20230620,185000,23.58,23.58,23.58,23.58,308,0
BSMR.US,5,20230620,190000,23.61,23.64,23.61,23.61,4440,0
BSMR.US,5,20230620,191000,23.6,23.6,23.6,23.6,100,0
BSMR.US,5,20230620,201500,23.6,23.6,23.59,23.59,792,0
BSMR.US,5,20230620,203000,23.5801,23.5801,23.5801,23.5801,239,0
BSMR.US,5,20230620,210000,23.6,23.7,23.6,23.64,7951,0
BSMR.US,5,20230620,211500,23.6,23.6,23.6,23.6,300,0
BSMR.US,5,20230620,212000,23.6,23.64,23.5997,23.61,14964,0
BSMR.US,5,20230620,213500,23.61,23.61,23.61,23.61,900,0
BSMR.US,5,20230620,214000,23.62,23.64,23.62,23.63,1246,0
BSMR.US,5,20230620,214500,23.62,23.62,23.62,23.62,100,0
BSMR.US,5,20230620,215000,23.62,23.62,23.62,23.62,130,0
BSMR.US,5,20230620,215500,23.61,23.61,23.61,23.61,300,0
BSMR.US,5,20230621,153000,23.63,23.63,23.63,23.63,1002,0
BSMR.US,5,20230621,163000,23.575,23.575,23.575,23.575,111,0
BSMR.US,5,20230621,170000,23.59,23.59,23.5892,23.5892,2400,0
BSMR.US,5,20230621,171500,23.575,23.575,23.56,23.56,2483,0
BSMR.US,5,20230621,180500,23.59,23.59,23.59,23.59,100,0
BSMR.US,5,20230621,190500,23.5774,23.5774,23.5774,23.5774,126,0
BSMR.US,5,20230621,191000,23.59,23.59,23.59,23.59,100,0
BSMR.US,5,20230621,191500,23.59,23.59,23.59,23.59,3024,0
BSMR.US,5,20230621,203000,23.61,23.61,23.61,23.61,100,0
BSMR.US,5,20230621,205500,23.6,23.6001,23.59,23.6001,2692,0
BSMR.US,5,20230621,212000,23.61,23.61,23.6099,23.6099,640,0
BSMR.US,5,20230621,213500,23.61,23.61,23.61,23.61,15600,0
BSMR.US,5,20230621,215500,23.61,23.62,23.61,23.62,600,0
BSMR.US,5,20230622,153000,23.56,23.56,23.56,23.56,114,0
BSMR.US,5,20230622,155000,23.58,23.58,23.5799,23.5799,338,0
BSMR.US,5,20230622,160000,23.565,23.565,23.565,23.565,1250,0
BSMR.US,5,20230622,160500,23.55,23.55,23.55,23.55,100,0
BSMR.US,5,20230622,162500,23.54,23.54,23.54,23.54,100,0
BSMR.US,5,20230622,165500,23.56,23.5646,23.56,23.5646,1487,0
BSMR.US,5,20230622,171500,23.54,23.54,23.54,23.54,100,0
BSMR.US,5,20230622,172500,23.57,23.57,23.57,23.57,100,0
BSMR.US,5,20230622,182500,23.5553,23.5553,23.54,23.54,945,0
BSMR.US,5,20230622,204000,23.5599,23.56,23.5599,23.56,846,0
BSMR.US,5,20230622,204500,23.54,23.54,23.54,23.54,100,0
BSMR.US,5,20230622,213000,23.54,23.5401,23.54,23.54,692,0
BSMR.US,5,20230623,153000,23.68,23.68,23.68,23.68,736,0
BSMR.US,5,20230623,153500,23.6293,23.6293,23.6293,23.6293,239,0
BSMR.US,5,20230623,154500,23.62,23.64,23.62,23.6266,810,0
BSMR.US,5,20230623,163000,23.5901,23.5901,23.5901,23.5901,189,0
BSMR.US,5,20230623,172500,23.605,23.605,23.605,23.605,300,0
BSMR.US,5,20230623,180500,23.6288,23.6288,23.6288,23.6288,255,0
BSMR.US,5,20230623,185000,23.6009,23.6009,23.59,23.59,1270,0
BSMR.US,5,20230623,215000,23.62,23.62,23.605,23.605,888,0
BSMR.US,5,20230623,215500,23.63,23.63,23.63,23.63,100,0
BSMR.US,5,20230626,160000,23.61,23.61,23.6099,23.6099,276,0
BSMR.US,5,20230626,173000,23.5879,23.5879,23.5879,23.5879,381,0
BSMR.US,5,20230626,182000,23.595,23.61,23.595,23.61,1465,0
BSMR.US,5,20230626,192000,23.58,23.58,23.48,23.48,16779,0
BSMR.US,5,20230626,200000,23.5703,23.5703,23.5703,23.5703,386,0
BSMR.US,5,20230627,153000,23.63,23.63,23.63,23.63,156,0
BSMR.US,5,20230627,155500,23.6083,23.6083,23.6083,23.6083,573,0
BSMR.US,5,20230627,162500,23.56,23.56,23.56,23.56,100,0
BSMR.US,5,20230627,170500,23.5661,23.5661,23.5661,23.5661,1270,0
BSMR.US,5,20230627,175500,23.551,23.551,23.551,23.551,120,0
BSMR.US,5,20230627,180500,23.589,23.589,23.589,23.589,211,0
BSMR.US,5,20230627,182500,23.5628,23.5628,23.5628,23.5628,538,0
BSMR.US,5,20230627,191500,23.56,23.5601,23.51,23.511,3959,0
BSMR.US,5,20230627,193500,23.565,23.59,23.565,23.59,5378,0
BSMR.US,5,20230627,194000,23.54,23.54,23.54,23.54,100,0
BSMR.US,5,20230627,200500,23.54,23.54,23.54,23.54,100,0
BSMR.US,5,20230627,201000,23.575,23.575,23.54,23.54,569,0
BSMR.US,5,20230627,203000,23.54,23.54,23.54,23.54,100,0
BSMR.US,5,20230627,204500,23.575,23.575,23.575,23.575,158,0
BSMR.US,5,20230627,205500,23.54,23.54,23.54,23.54,100,0
BSMR.US,5,20230627,211500,23.59,23.6098,23.59,23.6098,980,0
BSMR.US,5,20230627,212000,23.57,23.57,23.57,23.57,100,0
BSMR.US,5,20230627,213500,23.57,23.57,23.57,23.57,100,0
BSMR.US,5,20230627,215000,23.57,23.57,23.57,23.57,100,0
BSMR.US,5,20230628,171500,23.63,23.63,23.6292,23.6292,1422,0
BSMR.US,5,20230628,172000,23.6007,23.6007,23.6007,23.6007,12307,0
BSMR.US,5,20230628,175000,23.62,23.62,23.6199,23.6199,1160,0
BSMR.US,5,20230628,181000,23.62,23.62,23.6195,23.6195,1947,0
BSMR.US,5,20230628,205500,23.62,23.62,23.62,23.62,594,0
BSMR.US,5,20230628,211500,23.62,23.62,23.62,23.62,214,0
BSMR.US,5,20230628,213500,23.62,23.62,23.62,23.62,424,0
BSMR.US,5,20230628,214000,23.62,23.62,23.62,23.62,1481,0
BSMR.US,5,20230629,154500,23.5775,23.5775,23.5775,23.5775,2000,0
BSMR.US,5,20230629,162000,23.53,23.53,23.53,23.53,100,0
BSMR.US,5,20230629,162500,23.5589,23.5589,23.5589,23.5589,645,0
BSMR.US,5,20230629,171500,23.56,23.58,23.56,23.58,400,0
BSMR.US,5,20230629,173000,23.548,23.548,23.548,23.548,1874,0
BSMR.US,5,20230629,175500,23.54,23.54,23.54,23.54,100,0
BSMR.US,5,20230629,181000,23.57,23.57,23.57,23.57,1521,0
BSMR.US,5,20230629,182500,23.55,23.55,23.55,23.55,100,0
BSMR.US,5,20230629,190000,23.53,23.53,23.53,23.53,100,0
BSMR.US,5,20230629,200000,23.56,23.59,23.56,23.59,4000,0
BSMR.US,5,20230629,201500,23.555,23.57,23.555,23.5699,2314,0
BSMR.US,5,20230629,203000,23.555,23.555,23.555,23.555,100,0
BSMR.US,5,20230629,205000,23.54,23.54,23.54,23.54,100,0
BSMR.US,5,20230629,210000,23.57,23.57,23.57,23.57,7747,0
BSMR.US,5,20230629,210500,23.555,23.555,23.555,23.555,100,0
BSMR.US,5,20230629,211000,23.555,23.555,23.555,23.555,100,0
BSMR.US,5,20230629,212000,23.54,23.54,23.54,23.54,100,0
BSMR.US,5,20230629,212500,23.57,23.58,23.555,23.5632,3920,0
BSMR.US,5,20230629,213500,23.555,23.57,23.555,23.555,1456,0
BSMR.US,5,20230629,214000,23.555,23.555,23.555,23.555,100,0
BSMR.US,5,20230629,214500,23.555,23.57,23.555,23.5572,3098,0
BSMR.US,5,20230629,215000,23.555,23.555,23.555,23.555,100,0
BSMR.US,5,20230629,215500,23.555,23.57,23.52,23.54,1200,0
BSMR.US,5,20230630,154500,23.595,23.6,23.585,23.6,770,0
BSMR.US,5,20230630,172000,23.61,23.61,23.61,23.61,339,0
BSMR.US,5,20230630,175000,23.6,23.6,23.6,23.6,500,0
BSMR.US,5,20230630,184500,23.585,23.585,23.585,23.585,192,0
BSMR.US,5,20230630,185500,23.5999,23.5999,23.5999,23.5999,475,0
BSMR.US,5,20230630,190000,23.5957,23.5957,23.5957,23.5957,490,0
BSMR.US,5,20230630,194500,23.6086,23.6086,23.6086,23.6086,116,0
BSMR.US,5,20230630,201500,23.5819,23.59,23.5819,23.59,858,0
BSMR.US,5,20230630,202500,23.59,23.59,23.59,23.59,900,0
BSMR.US,5,20230630,203000,23.59,23.59,23.59,23.59,300,0
BSMR.US,5,20230630,205000,23.59,23.59,23.59,23.59,200,0
BSMR.US,5,20230630,210000,23.585,23.585,23.57,23.57,1194,0
BSMR.US,5,20230630,211500,23.57,23.57,23.57,23.57,1000,0
BSMR.US,5,20230630,214500,23.57,23.57,23.57,23.57,1100,0
BSMR.US,5,20230630,215500,23.58,23.58,23.58,23.58,100,0
BSMR.US,5,20230703,153000,23.53,23.53,23.53,23.53,3501,0
BSMR.US,5,20230703,153500,23.5831,23.5831,23.5831,23.5831,242,0
BSMR.US,5,20230703,162000,23.62,23.62,23.6,23.62,1992,0
BSMR.US,5,20230703,162500,23.61,23.62,23.61,23.62,1198,0
BSMR.US,5,20230703,163000,23.61,23.619,23.61,23.6115,322,0
BSMR.US,5,20230703,164000,23.61,23.61,23.61,23.61,100,0
BSMR.US,5,20230703,165000,23.6,23.6,23.6,23.6,100,0
BSMR.US,5,20230703,170000,23.5801,23.5801,23.5801,23.5801,392,0
BSMR.US,5,20230703,170500,23.58,23.58,23.57,23.57,200,0
BSMR.US,5,20230703,172500,23.571,23.571,23.571,23.571,100,0
BSMR.US,5,20230703,174000,23.571,23.571,23.571,23.571,100,0
BSMR.US,5,20230703,180500,23.5701,23.59,23.57,23.59,683,0
BSMR.US,5,20230703,181500,23.56,23.56,23.56,23.56,100,0
BSMR.US,5,20230703,183000,23.56,23.56,23.56,23.56,100,0
BSMR.US,5,20230703,185000,23.56,23.56,23.56,23.56,100,0
BSMR.US,5,20230703,185500,23.56,23.56,23.56,23.56,200,0
BSMR.US,5,20230705,170500,23.5999,23.6,23.59,23.6,1371,0
BSMR.US,5,20230705,171000,23.59,23.6,23.59,23.6,1100,0
BSMR.US,5,20230705,173500,23.59,23.6,23.59,23.6,300,0
BSMR.US,5,20230705,180500,23.594,23.594,23.594,23.594,250,0
BSMR.US,5,20230705,193500,23.58,23.59,23.58,23.59,367,0
BSMR.US,5,20230705,200000,23.54,23.55,23.54,23.55,400,0
BSMR.US,5,20230705,204000,23.58,23.58,23.58,23.58,100,0
BSMR.US,5,20230705,214000,23.58,23.58,23.57,23.58,782,0
BSMR.US,5,20230705,214500,23.5775,23.5775,23.5775,23.5775,164,0
BSMR.US,5,20230706,153000,23.51,23.51,23.51,23.51,167,0
BSMR.US,5,20230706,155000,23.53,23.53,23.53,23.53,2100,0
BSMR.US,5,20230706,160000,23.49,23.49,23.49,23.49,100,0
BSMR.US,5,20230706,180500,23.559,23.559,23.5393,23.5393,308,0
BSMR.US,5,20230706,183000,23.53,23.53,23.53,23.53,193,0
BSMR.US,5,20230706,183500,23.55,23.55,23.55,23.55,155,0
BSMR.US,5,20230706,185000,23.53,23.53,23.53,23.53,400,0
BSMR.US,5,20230706,185500,23.55,23.56,23.5366,23.56,1031,0
BSMR.US,5,20230706,194500,23.56,23.56,23.56,23.56,103,0
BSMR.US,5,20230706,201000,23.56,23.56,23.56,23.56,2689,0
BSMR.US,5,20230706,202500,23.5605,23.57,23.5605,23.57,1840,0
BSMR.US,5,20230706,215500,23.54,23.54,23.54,23.54,589,0
BSMR.US,5,20230707,153000,23.57,23.57,23.57,23.57,157,0
BSMR.US,5,20230707,160500,23.54,23.54,23.53,23.53,101138,0
BSMR.US,5,20230707,190500,23.52,23.54,23.5001,23.5001,2393,0
BSMR.US,5,20230707,191500,23.5399,23.5399,23.5399,23.5399,152,0
BSMR.US,5,20230707,192000,23.54,23.63,23.54,23.615,11700,0
BSMR.US,5,20230707,192500,23.61,23.61,23.59,23.59,300,0
BSMR.US,5,20230707,202500,23.55,23.55,23.55,23.55,2100,0
BSMR.US,5,20230707,203500,23.54,23.55,23.54,23.55,1200,0
BSMR.US,5,20230707,204500,23.54,23.5423,23.54,23.5423,387,0
BSMR.US,5,20230707,213500,23.535,23.54,23.535,23.54,1100,0
BSMR.US,5,20230707,215500,23.54,23.57,23.54,23.55,1100,0
