<TICKER>,<PER>,<DATE>,<TIME>,<OPEN>,<HIGH>,<LOW>,<CLOSE>,<VOL>,<OPENINT>
BSMT.US,5,20230522,181500,22.801,22.801,22.8,22.8,500,0
BSMT.US,5,20230522,185500,22.83,22.87,22.8299,22.8299,2568,0
BSMT.US,5,20230522,191000,22.85,22.9,22.85,22.9,2536,0
BSMT.US,5,20230522,210000,22.83,22.83,22.83,22.83,655,0
BSMT.US,5,20230523,153000,22.85,22.85,22.85,22.85,216,0
BSMT.US,5,20230523,163000,22.8101,22.8101,22.8101,22.8101,2539,0
BSMT.US,5,20230523,173500,22.81,22.8101,22.79,22.79,700,0
BSMT.US,5,20230523,203000,22.78,22.78,22.77,22.77,443,0
BSMT.US,5,20230523,210000,22.79,22.79,22.7899,22.7899,2808,0
BSMT.US,5,20230523,213500,22.7701,22.7701,22.7701,22.7701,297,0
BSMT.US,5,20230523,215000,22.7868,22.7868,22.7868,22.7868,200,0
BSMT.US,5,20230523,215500,22.7868,22.79,22.78,22.78,1000,0
BSMT.US,5,20230524,171500,22.7499,22.7499,22.7499,22.7499,417,0
BSMT.US,5,20230524,210000,22.73,22.73,22.73,22.73,615,0
BSMT.US,5,20230524,212000,22.72,22.72,22.72,22.72,400,0
BSMT.US,5,20230524,212500,22.72,22.72,22.72,22.72,700,0
BSMT.US,5,20230524,213000,22.72,22.72,22.72,22.72,400,0
BSMT.US,5,20230524,214500,22.73,22.73,22.73,22.73,100,0
BSMT.US,5,20230524,215000,22.73,22.73,22.73,22.73,200,0
BSMT.US,5,20230524,215500,22.73,22.73,22.73,22.73,100,0
BSMT.US,5,20230525,164000,22.68,22.695,22.68,22.68,1384,0
BSMT.US,5,20230525,181500,22.72,22.72,22.72,22.72,661,0
BSMT.US,5,20230525,190500,22.7383,22.7383,22.7383,22.7383,100,0
BSMT.US,5,20230525,193500,22.74,22.74,22.72,22.72,1686,0
BSMT.US,5,20230525,200500,22.7152,22.7152,22.7152,22.7152,424,0
BSMT.US,5,20230525,210000,22.74,22.74,22.74,22.74,200,0
BSMT.US,5,20230525,211500,22.73,22.73,22.73,22.73,100,0
BSMT.US,5,20230525,214500,22.73,22.73,22.73,22.73,159,0
BSMT.US,5,20230526,153000,22.72,22.72,22.72,22.72,176,0
BSMT.US,5,20230526,160500,22.76,22.76,22.76,22.76,2866,0
BSMT.US,5,20230526,165500,22.76,22.76,22.76,22.76,200,0
BSMT.US,5,20230526,171000,22.765,22.765,22.765,22.765,100,0
BSMT.US,5,20230526,172000,22.77,22.77,22.77,22.77,900,0
BSMT.US,5,20230526,172500,22.775,22.775,22.775,22.775,100,0
BSMT.US,5,20230526,193000,22.78,22.83,22.78,22.82,1400,0
BSMT.US,5,20230526,205500,22.79,22.82,22.79,22.82,2067,0
BSMT.US,5,20230530,160000,22.7983,22.7983,22.7983,22.7983,118,0
BSMT.US,5,20230530,161500,22.8,22.8,22.8,22.8,100,0
BSMT.US,5,20230530,162500,22.84,22.84,22.84,22.84,169,0
BSMT.US,5,20230530,185500,22.86,22.905,22.86,22.87,709,0
BSMT.US,5,20230530,202500,22.8301,22.8301,22.83,22.8301,1024,0
BSMT.US,5,20230530,205000,22.86,22.86,22.86,22.86,176,0
BSMT.US,5,20230530,210000,22.87,22.87,22.8645,22.8645,714,0
BSMT.US,5,20230530,210500,22.8555,22.8555,22.8555,22.8555,252,0
BSMT.US,5,20230530,211000,22.88,22.98,22.8783,22.89,18181,0
BSMT.US,5,20230530,212500,22.871,22.871,22.87,22.87,1709,0
BSMT.US,5,20230530,213500,22.8774,22.8774,22.8774,22.8774,440,0
BSMT.US,5,20230531,194500,22.9,22.9,22.9,22.9,440,0
BSMT.US,5,20230531,204000,22.91,22.96,22.91,22.96,2671,0
BSMT.US,5,20230531,210500,22.895,22.895,22.895,22.895,600,0
BSMT.US,5,20230531,213500,22.91,22.91,22.91,22.91,100,0
BSMT.US,5,20230531,215500,22.92,22.92,22.92,22.92,120,0
BSMT.US,5,20230601,161500,22.951,22.951,22.951,22.951,100,0
BSMT.US,5,20230601,182000,22.9499,22.9499,22.9499,22.9499,146,0
BSMT.US,5,20230601,191000,22.95,22.99,22.9499,22.99,2434,0
BSMT.US,5,20230601,194500,22.95,22.95,22.95,22.95,100,0
BSMT.US,5,20230601,201000,22.96,22.96,22.96,22.96,100,0
BSMT.US,5,20230601,202000,22.935,22.9519,22.935,22.9519,247,0
BSMT.US,5,20230601,203000,22.96,22.96,22.9599,22.9599,500,0
BSMT.US,5,20230601,205000,22.96,22.96,22.96,22.96,100,0
BSMT.US,5,20230601,211000,22.96,22.96,22.96,22.96,100,0
BSMT.US,5,20230601,212500,22.945,22.96,22.945,22.945,500,0
BSMT.US,5,20230601,214000,22.96,22.96,22.945,22.945,200,0
BSMT.US,5,20230601,215000,22.96,22.96,22.96,22.96,200,0
BSMT.US,5,20230601,215500,22.96,22.96,22.96,22.96,100,0
BSMT.US,5,20230602,164500,22.9,22.9,22.9,22.9,250,0
BSMT.US,5,20230602,180500,22.851,22.851,22.851,22.851,174,0
BSMT.US,5,20230602,183500,22.88,22.88,22.88,22.88,100,0
BSMT.US,5,20230602,213500,22.8799,22.8799,22.8799,22.8799,260,0
BSMT.US,5,20230605,172000,22.92,22.92,22.92,22.92,100,0
BSMT.US,5,20230605,182500,22.905,22.905,22.905,22.905,681,0
BSMT.US,5,20230605,191000,22.9299,22.9299,22.9299,22.9299,2258,0
BSMT.US,5,20230605,194000,22.92,22.92,22.9199,22.9199,216,0
BSMT.US,5,20230605,211000,22.93,22.93,22.93,22.93,100,0
BSMT.US,5,20230606,153000,22.99,22.99,22.99,22.99,130,0
BSMT.US,5,20230606,180500,22.93,22.93,22.93,22.93,3289,0
BSMT.US,5,20230606,183000,22.969,22.969,22.969,22.969,4000,0
BSMT.US,5,20230606,185500,22.98,22.98,22.98,22.98,223,0
BSMT.US,5,20230606,193500,22.975,22.975,22.975,22.975,100,0
BSMT.US,5,20230606,200500,22.9799,22.9799,22.9799,22.9799,213,0
BSMT.US,5,20230606,202500,22.9766,22.98,22.9766,22.98,500,0
BSMT.US,5,20230606,211000,22.98,22.98,22.98,22.98,200,0
BSMT.US,5,20230607,182500,22.91,22.91,22.9099,22.9099,1408,0
BSMT.US,5,20230607,184500,22.9199,22.9199,22.9199,22.9199,1876,0
BSMT.US,5,20230607,191500,22.91,22.91,22.91,22.91,2412,0
BSMT.US,5,20230607,192500,22.9095,22.9095,22.9095,22.9095,1293,0
BSMT.US,5,20230607,213000,22.9199,22.9199,22.9199,22.9199,374,0
BSMT.US,5,20230608,165500,22.97,22.97,22.97,22.97,12013,0
BSMT.US,5,20230608,170500,22.967,22.98,22.96,22.96,730,0
BSMT.US,5,20230608,173000,22.97,22.97,22.9602,22.9602,1578,0
BSMT.US,5,20230608,194000,22.98,22.98,22.9799,22.9799,226,0
BSMT.US,5,20230608,195000,22.985,22.985,22.985,22.985,100,0
BSMT.US,5,20230608,205500,22.97,22.97,22.97,22.97,389,0
BSMT.US,5,20230608,213000,22.95,22.95,22.95,22.95,100,0
BSMT.US,5,20230609,161000,22.932,22.932,22.932,22.932,2583,0
BSMT.US,5,20230609,164000,22.948,22.948,22.948,22.948,125,0
BSMT.US,5,20230609,171500,22.95,22.95,22.95,22.95,100,0
BSMT.US,5,20230609,172000,22.944,22.944,22.944,22.944,6023,0
BSMT.US,5,20230609,191000,22.92,22.95,22.92,22.95,4723,0
BSMT.US,5,20230609,202000,22.95,22.96,22.95,22.95,2235,0
BSMT.US,5,20230609,210500,22.959,22.959,22.959,22.959,500,0
BSMT.US,5,20230609,211500,22.9599,22.9599,22.9599,22.9599,300,0
BSMT.US,5,20230609,214500,22.96,22.96,22.9599,22.9599,2580,0
BSMT.US,5,20230609,215000,22.96,22.97,22.96,22.97,1145,0
BSMT.US,5,20230609,215500,22.96,23.09,22.96,23.09,3246,0
BSMT.US,5,20230612,164000,22.9251,22.9251,22.9251,22.9251,105,0
BSMT.US,5,20230612,170000,22.93,22.93,22.9283,22.93,998,0
BSMT.US,5,20230612,173500,22.94,22.94,22.94,22.94,331,0
BSMT.US,5,20230612,185000,22.94,22.94,22.94,22.94,400,0
BSMT.US,5,20230612,185500,22.91,22.91,22.91,22.91,100,0
BSMT.US,5,20230612,190500,22.94,22.94,22.925,22.9257,1300,0
BSMT.US,5,20230612,194500,22.91,22.91,22.91,22.91,100,0
BSMT.US,5,20230612,201500,22.95,22.95,22.939,22.939,600,0
BSMT.US,5,20230612,203000,22.96,22.96,22.96,22.96,300,0
BSMT.US,5,20230612,204000,22.92,22.92,22.92,22.92,100,0
BSMT.US,5,20230613,153000,23.11,23.11,23.11,23.11,2065,0
BSMT.US,5,20230613,170000,22.935,22.935,22.935,22.935,519,0
BSMT.US,5,20230613,172000,22.934,22.934,22.934,22.934,124,0
BSMT.US,5,20230613,181000,22.98,22.98,22.98,22.98,1300,0
BSMT.US,5,20230613,182500,22.98,22.98,22.961,22.98,900,0
BSMT.US,5,20230613,183000,22.98,22.98,22.9799,22.9799,268,0
BSMT.US,5,20230613,192500,22.9784,22.9799,22.9784,22.9799,1477,0
BSMT.US,5,20230613,205500,22.955,22.955,22.955,22.955,200,0
BSMT.US,5,20230613,210000,22.955,22.96,22.955,22.955,1250,0
BSMT.US,5,20230613,211500,22.9299,22.9299,22.92,22.92,553,0
BSMT.US,5,20230614,153000,23.03,23.03,23.03,23.03,1000,0
BSMT.US,5,20230614,172000,22.98,22.98,22.98,22.98,131,0
BSMT.US,5,20230614,172500,22.98,22.98,22.98,22.98,585,0
BSMT.US,5,20230614,185000,22.979,23.02,22.971,22.99,1046,0
BSMT.US,5,20230614,192500,22.98,23.03,22.98,22.99,2484,0
BSMT.US,5,20230614,194000,22.971,22.971,22.971,22.971,197,0
BSMT.US,5,20230614,194500,22.98,22.98,22.98,22.98,100,0
BSMT.US,5,20230614,200500,22.955,22.955,22.955,22.955,600,0
BSMT.US,5,20230614,201000,22.96,22.96,22.96,22.96,100,0
BSMT.US,5,20230614,201500,22.955,22.955,22.955,22.955,200,0
BSMT.US,5,20230614,202000,22.955,22.957,22.955,22.957,445,0
BSMT.US,5,20230614,202500,22.955,22.955,22.955,22.955,200,0
BSMT.US,5,20230614,205000,22.955,22.955,22.955,22.955,100,0
BSMT.US,5,20230614,214000,22.93,22.93,22.93,22.93,100,0
BSMT.US,5,20230615,154500,23.02,23.05,23.0195,23.05,5740,0
BSMT.US,5,20230615,182500,23.02,23.06,23.0199,23.04,1159,0
BSMT.US,5,20230615,185000,23.04,23.04,23.04,23.04,100,0
BSMT.US,5,20230615,194500,23.0399,23.0399,23.0399,23.0399,187,0
BSMT.US,5,20230615,195500,23.002,23.04,23.002,23.04,1181,0
BSMT.US,5,20230615,210500,23.04,23.04,23.0399,23.0399,330,0
BSMT.US,5,20230615,211500,23.05,23.05,23.05,23.05,100,0
BSMT.US,5,20230615,214000,23.025,23.025,23.025,23.025,100,0
BSMT.US,5,20230616,153000,23.08,23.08,22.98,22.98,1197,0
BSMT.US,5,20230616,153500,23.03,23.03,23.03,23.03,200,0
BSMT.US,5,20230616,154000,23.03,23.03,23.03,23.03,200,0
BSMT.US,5,20230616,155000,23.025,23.03,23.025,23.03,341,0
BSMT.US,5,20230616,160000,23.05,23.05,23.05,23.05,200,0
BSMT.US,5,20230616,161000,23.03,23.03,23.03,23.03,200,0
BSMT.US,5,20230616,162000,23.02,23.02,23.02,23.02,200,0
BSMT.US,5,20230616,163500,23.01,23.01,23.01,23.01,200,0
BSMT.US,5,20230616,164500,23.03,23.04,23.015,23.04,2500,0
BSMT.US,5,20230616,165500,23.015,23.03,23.009,23.03,434,0
BSMT.US,5,20230616,170000,23.04,23.04,23.04,23.04,200,0
BSMT.US,5,20230616,170500,23,23.04,22.99,23.04,40088,0
BSMT.US,5,20230616,171500,23,23,23,23,100,0
BSMT.US,5,20230616,172000,23.04,23.04,23.04,23.04,200,0
BSMT.US,5,20230616,173500,23.04,23.04,22.98,23.01,124391,0
BSMT.US,5,20230616,180000,22.98,22.995,22.98,22.995,300,0
BSMT.US,5,20230616,181500,22.995,22.995,22.995,22.995,300,0
BSMT.US,5,20230616,182500,22.97,22.97,22.97,22.97,100,0
BSMT.US,5,20230616,183500,22.99,22.99,22.99,22.99,800,0
BSMT.US,5,20230616,185000,22.98,22.995,22.98,22.995,300,0
BSMT.US,5,20230616,191000,22.995,22.995,22.995,22.995,700,0
BSMT.US,5,20230616,191500,22.98,22.98,22.98,22.98,100,0
BSMT.US,5,20230616,192000,22.995,22.995,22.995,22.995,392,0
BSMT.US,5,20230616,193000,22.995,22.995,22.995,22.995,300,0
BSMT.US,5,20230616,194000,22.98,22.98,22.98,22.98,100,0
BSMT.US,5,20230616,195000,22.9875,22.995,22.9875,22.995,200,0
BSMT.US,5,20230616,200500,22.98,22.98,22.98,22.98,100,0
BSMT.US,5,20230616,201000,22.9875,22.995,22.9875,22.995,200,0
BSMT.US,5,20230616,202000,23,23.02,22.98,23.02,785,0
BSMT.US,5,20230616,203000,22.98,23.02,22.98,23,400,0
BSMT.US,5,20230616,203500,23.033,23.033,23.033,23.033,143,0
BSMT.US,5,20230616,204500,23,23.02,23,23.02,200,0
BSMT.US,5,20230616,205000,23.005,23.005,23.005,23.005,100,0
BSMT.US,5,20230616,210000,22.9975,23.005,22.9975,23.005,200,0
BSMT.US,5,20230616,210500,22.99,22.9975,22.99,22.9975,200,0
BSMT.US,5,20230616,211500,23.005,23.005,22.9975,22.9975,200,0
BSMT.US,5,20230616,212000,22.99,22.99,22.99,22.99,100,0
BSMT.US,5,20230616,213000,22.9975,23.005,22.9975,23.005,200,0
BSMT.US,5,20230616,213500,22.99,23.005,22.99,23.005,300,0
BSMT.US,5,20230616,214500,22.9975,23.005,22.99,22.99,400,0
BSMT.US,5,20230616,215000,22.9975,23.02,22.9975,23.02,475,0
BSMT.US,5,20230616,215500,22.9975,23.07,22.995,23.01,2450,0
BSMT.US,5,20230620,161500,22.985,22.985,22.985,22.985,108,0
BSMT.US,5,20230620,165000,22.9839,22.9839,22.9839,22.9839,171,0
BSMT.US,5,20230620,183500,22.995,22.995,22.995,22.995,106,0
BSMT.US,5,20230620,195000,22.98,22.9918,22.98,22.98,950,0
BSMT.US,5,20230620,201500,22.98,22.98,22.98,22.98,2000,0
BSMT.US,5,20230620,202000,22.98,22.98,22.98,22.98,1000,0
BSMT.US,5,20230620,203000,22.9895,22.9895,22.9895,22.9895,246,0
BSMT.US,5,20230620,210000,22.99,23.005,22.98,22.985,3890,0
BSMT.US,5,20230620,212000,22.98,22.98,22.98,22.98,8797,0
BSMT.US,5,20230620,215000,22.99,22.99,22.99,22.99,200,0
BSMT.US,5,20230620,215500,23,23.0188,22.98,23.0188,600,0
BSMT.US,5,20230621,153000,23.01,23.01,23.01,23.01,865,0
BSMT.US,5,20230621,180000,22.95,22.97,22.95,22.95,2600,0
BSMT.US,5,20230621,181500,22.96,22.96,22.96,22.96,100,0
BSMT.US,5,20230621,192000,22.98,22.98,22.98,22.98,3139,0
BSMT.US,5,20230621,200000,22.985,22.985,22.985,22.985,200,0
BSMT.US,5,20230621,201000,22.985,22.985,22.985,22.985,100,0
BSMT.US,5,20230621,210500,23.005,23.005,23.005,23.005,151,0
BSMT.US,5,20230621,211000,23.02,23.02,23.005,23.005,400,0
BSMT.US,5,20230621,211500,23.0174,23.0174,23.0174,23.0174,325,0
BSMT.US,5,20230621,212000,23.02,23.02,23.02,23.02,300,0
BSMT.US,5,20230621,213500,23.02,23.03,23,23,18311,0
BSMT.US,5,20230621,215500,23.01,23.01,23.01,23.01,100,0
BSMT.US,5,20230622,155000,22.965,22.965,22.965,22.965,173,0
BSMT.US,5,20230622,160000,22.95,22.95,22.95,22.95,1200,0
BSMT.US,5,20230622,211000,22.9334,22.9334,22.9334,22.9334,325,0
BSMT.US,5,20230622,213000,22.9202,22.9202,22.9202,22.9202,305,0
BSMT.US,5,20230622,213500,22.94,22.94,22.94,22.94,100,0
BSMT.US,5,20230623,153000,23.07,23.07,23.07,23.07,334,0
BSMT.US,5,20230623,172500,23.015,23.015,23.015,23.015,300,0
BSMT.US,5,20230623,185000,23.015,23.015,22.98,23.01,1325,0
BSMT.US,5,20230623,205500,23,23,23,23,100,0
BSMT.US,5,20230623,213500,23.0075,23.0075,23.0075,23.0075,280,0
BSMT.US,5,20230623,215000,23,23,23,23,100,0
BSMT.US,5,20230626,160000,22.9999,22.9999,22.9999,22.9999,121,0
BSMT.US,5,20230626,173000,22.9999,22.9999,22.9999,22.9999,395,0
BSMT.US,5,20230626,182000,22.9999,22.9999,22.9999,22.9999,515,0
BSMT.US,5,20230626,193000,22.98,22.98,22.98,22.98,100,0
BSMT.US,5,20230626,195500,22.98,22.98,22.98,22.98,1000,0
BSMT.US,5,20230626,202500,22.99,22.99,22.99,22.99,348,0
BSMT.US,5,20230626,214000,22.98,22.98,22.98,22.98,150,0
BSMT.US,5,20230627,180500,23.0025,23.0025,23.0025,23.0025,218,0
BSMT.US,5,20230627,181000,23,23.0097,23,23.0097,3000,0
BSMT.US,5,20230627,182500,23.005,23.005,22.951,22.951,660,0
BSMT.US,5,20230627,190500,22.9762,22.9762,22.9762,22.9762,100,0
BSMT.US,5,20230627,191500,22.95,22.9501,22.95,22.9501,1000,0
BSMT.US,5,20230627,211500,23.005,23.005,23.005,23.005,1180,0
BSMT.US,5,20230627,213500,23,23,23,23,217,0
BSMT.US,5,20230627,215500,23.01,23.01,23.01,23.01,100,0
BSMT.US,5,20230628,153000,22.96,22.96,22.96,22.96,1514,0
BSMT.US,5,20230628,163000,22.99,22.99,22.99,22.99,300,0
BSMT.US,5,20230628,175000,23.015,23.015,23.015,23.015,555,0
BSMT.US,5,20230628,204000,23.01,23.01,22.96,22.96,2100,0
BSMT.US,5,20230628,205500,23.0175,23.0175,23.0175,23.0175,610,0
BSMT.US,5,20230628,211500,23.0175,23.0175,23.0175,23.0175,220,0
BSMT.US,5,20230628,213500,23.0175,23.0175,23.0175,23.0175,218,0
BSMT.US,5,20230628,214000,23.0175,23.025,22.96,22.96,3372,0
BSMT.US,5,20230628,214500,22.965,22.965,22.965,22.965,100,0
BSMT.US,5,20230628,215500,22.97,22.97,22.97,22.97,1500,0
BSMT.US,5,20230629,153000,23.1,23.1,23.1,23.1,3265,0
BSMT.US,5,20230629,162000,22.94,22.94,22.94,22.94,300,0
BSMT.US,5,20230629,163000,23.005,23.005,23.005,23.005,695,0
BSMT.US,5,20230629,170500,22.9488,22.9488,22.9425,22.9425,350,0
BSMT.US,5,20230629,171500,22.947,22.947,22.947,22.947,400,0
BSMT.US,5,20230629,173000,22.94,22.94,22.94,22.94,2100,0
BSMT.US,5,20230629,191000,22.9499,22.9499,22.92,22.92,3200,0
BSMT.US,5,20230629,194500,22.925,22.925,22.925,22.925,435,0
BSMT.US,5,20230629,210000,22.93,22.93,22.91,22.91,4120,0
BSMT.US,5,20230629,212000,22.9175,22.95,22.9175,22.95,3275,0
BSMT.US,5,20230629,213000,22.93,22.93,22.925,22.925,410,0
BSMT.US,5,20230629,213500,22.925,23.01,22.91,23,9548,0
BSMT.US,5,20230629,214000,23.025,23.025,23.02,23.02,1800,0
BSMT.US,5,20230629,214500,23.02,23.025,23.02,23.0201,3692,0
BSMT.US,5,20230629,215000,23.02,23.02,23.02,23.02,1200,0
BSMT.US,5,20230629,215500,23.02,23.02,22.89,22.9,3953,0
BSMT.US,5,20230630,172000,22.96,22.96,22.96,22.96,351,0
BSMT.US,5,20230630,184500,22.96,22.96,22.96,22.96,200,0
BSMT.US,5,20230630,185500,22.97,22.97,22.97,22.97,115,0
BSMT.US,5,20230630,190000,22.96,22.96,22.96,22.96,500,0
BSMT.US,5,20230630,194500,22.9799,22.9799,22.9799,22.9799,121,0
BSMT.US,5,20230630,202500,22.965,22.965,22.965,22.965,920,0
BSMT.US,5,20230630,203500,22.9799,22.9799,22.9799,22.9799,102,0
BSMT.US,5,20230630,205000,22.965,22.965,22.965,22.965,100,0
BSMT.US,5,20230703,162500,23,23,23,23,567,0
BSMT.US,5,20230703,163000,23.0025,23.0025,23.0025,23.0025,217,0
BSMT.US,5,20230703,170000,22.9919,22.9919,22.9919,22.9919,406,0
BSMT.US,5,20230705,170500,22.991,22.991,22.991,22.991,1222,0
BSMT.US,5,20230705,193500,22.9799,22.9799,22.9799,22.9799,461,0
BSMT.US,5,20230705,205000,22.96,22.96,22.9592,22.9592,305,0
BSMT.US,5,20230705,210000,22.9599,22.9599,22.9599,22.9599,873,0
BSMT.US,5,20230705,214000,22.9599,22.9599,22.9599,22.9599,438,0
BSMT.US,5,20230706,153000,22.88,22.88,22.88,22.88,369,0
BSMT.US,5,20230706,160000,22.84,22.85,22.84,22.85,300,0
BSMT.US,5,20230706,171500,22.86,22.86,22.86,22.86,188,0
BSMT.US,5,20230706,183500,22.87,22.89,22.87,22.89,1950,0
BSMT.US,5,20230706,185500,22.88,22.9,22.88,22.8866,646,0
BSMT.US,5,20230706,202000,22.9,22.9,22.9,22.9,2563,0
BSMT.US,5,20230706,202500,22.9,22.9,22.8999,22.8999,3350,0
BSMT.US,5,20230707,172500,22.94,22.94,22.94,22.94,492,0
BSMT.US,5,20230707,175500,22.9101,22.9101,22.9101,22.9101,100,0
BSMT.US,5,20230707,190500,22.915,22.915,22.8862,22.91,2614,0
BSMT.US,5,20230707,191500,22.9,22.9,22.9,22.9,153,0
BSMT.US,5,20230707,194500,22.893,22.893,22.893,22.893,391,0
BSMT.US,5,20230707,213500,22.9,22.91,22.9,22.91,250,0
BSMT.US,5,20230707,215000,22.91,22.91,22.91,22.91,100,0
