<TICKER>,<PER>,<DATE>,<TIME>,<OPEN>,<HIGH>,<LOW>,<CLOSE>,<VOL>,<OPENINT>
BSMU.US,5,20230522,180000,21.78,21.78,21.78,21.78,100,0
BSMU.US,5,20230522,183500,21.74,21.74,21.74,21.74,452,0
BSMU.US,5,20230522,191000,21.78,21.82,21.78,21.82,2760,0
BSMU.US,5,20230522,205000,21.77,21.77,21.77,21.77,200,0
BSMU.US,5,20230522,210000,21.769,21.78,21.769,21.78,687,0
BSMU.US,5,20230522,211500,21.78,21.78,21.78,21.78,200,0
BSMU.US,5,20230522,212000,21.765,21.78,21.765,21.78,300,0
BSMU.US,5,20230522,214000,21.765,21.765,21.765,21.765,300,0
BSMU.US,5,20230522,215000,21.77,21.77,21.765,21.765,300,0
BSMU.US,5,20230522,215500,21.765,21.8,21.765,21.78,1887,0
BSMU.US,5,20230523,173500,21.71,21.7101,21.71,21.71,1090,0
BSMU.US,5,20230523,203000,21.74,21.74,21.74,21.74,178,0
BSMU.US,5,20230523,204500,21.725,21.725,21.725,21.725,2690,0
BSMU.US,5,20230523,210000,21.7399,21.7399,21.7399,21.7399,1470,0
BSMU.US,5,20230523,213500,21.7299,21.7299,21.72,21.72,295,0
BSMU.US,5,20230524,173000,21.67,21.67,21.67,21.67,100,0
BSMU.US,5,20230524,192500,21.65,21.65,21.65,21.65,100,0
BSMU.US,5,20230524,203000,21.665,21.665,21.665,21.665,100,0
BSMU.US,5,20230524,204000,21.665,21.665,21.665,21.665,200,0
BSMU.US,5,20230524,205000,21.665,21.665,21.665,21.665,200,0
BSMU.US,5,20230524,205500,21.67,21.67,21.66,21.66,200,0
BSMU.US,5,20230524,210000,21.66,21.66,21.66,21.66,600,0
BSMU.US,5,20230525,181500,21.61,21.61,21.61,21.61,693,0
BSMU.US,5,20230525,193500,21.6497,21.6497,21.6497,21.6497,1880,0
BSMU.US,5,20230525,200500,21.62,21.6201,21.61,21.61,896,0
BSMU.US,5,20230525,204000,21.66,21.71,21.6599,21.6599,4212,0
BSMU.US,5,20230526,153000,21.72,21.72,21.72,21.72,2089,0
BSMU.US,5,20230526,161000,21.68,21.68,21.68,21.68,3010,0
BSMU.US,5,20230526,162000,21.6999,21.6999,21.6999,21.6999,129,0
BSMU.US,5,20230526,172000,21.68,21.69,21.68,21.68,2600,0
BSMU.US,5,20230526,181000,21.7,21.7,21.69,21.69,300,0
BSMU.US,5,20230526,195500,21.69,21.69,21.69,21.69,100,0
BSMU.US,5,20230526,205500,21.7,21.74,21.7,21.74,2300,0
BSMU.US,5,20230526,212000,21.7,21.7,21.7,21.7,100,0
BSMU.US,5,20230526,215500,21.7,21.7,21.7,21.7,100,0
BSMU.US,5,20230530,160000,21.7,21.7,21.7,21.7,119,0
BSMU.US,5,20230530,162500,21.735,21.735,21.735,21.735,177,0
BSMU.US,5,20230530,185500,21.78,21.78,21.765,21.765,1190,0
BSMU.US,5,20230530,194500,21.79,21.85,21.79,21.85,5000,0
BSMU.US,5,20230530,195000,21.8,21.8,21.8,21.8,100,0
BSMU.US,5,20230530,205000,21.77,21.77,21.77,21.77,184,0
BSMU.US,5,20230530,211000,21.79,21.879,21.7789,21.879,17558,0
BSMU.US,5,20230530,213500,21.8,21.8,21.775,21.775,968,0
BSMU.US,5,20230531,194500,21.84,21.84,21.84,21.84,465,0
BSMU.US,5,20230531,204000,21.84,21.88,21.84,21.88,2800,0
BSMU.US,5,20230531,210500,21.84,21.85,21.8399,21.8399,1200,0
BSMU.US,5,20230601,153500,21.9,21.9,21.8999,21.8999,1000,0
BSMU.US,5,20230601,160500,21.89,21.89,21.89,21.89,100,0
BSMU.US,5,20230601,161500,21.89,21.89,21.89,21.89,105,0
BSMU.US,5,20230601,182000,21.86,21.86,21.86,21.86,100,0
BSMU.US,5,20230601,203000,21.87,21.87,21.87,21.87,200,0
BSMU.US,5,20230601,204000,21.88,21.88,21.88,21.88,300,0
BSMU.US,5,20230601,204500,21.87,21.87,21.87,21.87,300,0
BSMU.US,5,20230601,205000,21.88,21.88,21.88,21.88,400,0
BSMU.US,5,20230601,205500,21.88,21.88,21.88,21.88,200,0
BSMU.US,5,20230601,213000,21.85,21.85,21.85,21.85,100,0
BSMU.US,5,20230601,214500,21.84,21.84,21.84,21.84,100,0
BSMU.US,5,20230601,215000,21.84,21.84,21.84,21.84,100,0
BSMU.US,5,20230601,215500,21.84,21.88,21.84,21.88,393,0
BSMU.US,5,20230602,212000,21.82,21.82,21.78,21.78,468,0
BSMU.US,5,20230602,213500,21.82,21.82,21.8199,21.8199,600,0
BSMU.US,5,20230605,182500,21.835,21.835,21.832,21.832,704,0
BSMU.US,5,20230605,190000,21.86,21.879,21.8599,21.879,1100,0
BSMU.US,5,20230605,191000,21.86,21.87,21.8472,21.855,4022,0
BSMU.US,5,20230605,202500,21.86,21.86,21.86,21.86,100,0
BSMU.US,5,20230605,211500,21.88,21.88,21.88,21.88,100,0
BSMU.US,5,20230605,215500,21.88,21.885,21.871,21.885,1800,0
BSMU.US,5,20230606,153000,21.85,21.85,21.85,21.85,5400,0
BSMU.US,5,20230606,174500,21.89,21.89,21.89,21.89,8212,0
BSMU.US,5,20230606,175000,21.87,21.87,21.87,21.87,100,0
BSMU.US,5,20230606,175500,21.87,21.87,21.87,21.87,100,0
BSMU.US,5,20230606,180500,21.87,21.87,21.87,21.87,100,0
BSMU.US,5,20230606,182000,21.87,21.87,21.87,21.87,100,0
BSMU.US,5,20230606,183500,21.87,21.89,21.87,21.89,400,0
BSMU.US,5,20230606,185000,21.89,21.94,21.89,21.8999,5903,0
BSMU.US,5,20230606,191500,21.88,21.88,21.88,21.88,100,0
BSMU.US,5,20230606,193500,21.88,21.88,21.88,21.88,100,0
BSMU.US,5,20230606,194500,21.88,21.88,21.88,21.88,100,0
BSMU.US,5,20230606,200000,21.88,21.88,21.88,21.88,100,0
BSMU.US,5,20230606,200500,21.91,21.91,21.91,21.91,223,0
BSMU.US,5,20230606,201500,21.895,21.895,21.895,21.895,100,0
BSMU.US,5,20230606,202000,21.91,21.91,21.91,21.91,183,0
BSMU.US,5,20230606,202500,21.895,21.895,21.895,21.895,100,0
BSMU.US,5,20230606,204000,21.88,21.88,21.88,21.88,100,0
BSMU.US,5,20230606,205500,21.88,21.88,21.88,21.88,100,0
BSMU.US,5,20230606,210500,21.88,21.88,21.88,21.88,100,0
BSMU.US,5,20230606,211500,21.88,21.88,21.88,21.88,100,0
BSMU.US,5,20230606,212500,21.89,21.91,21.89,21.91,200,0
BSMU.US,5,20230606,213500,21.89,21.89,21.89,21.89,200,0
BSMU.US,5,20230606,214500,21.89,21.89,21.89,21.89,100,0
BSMU.US,5,20230606,215000,21.89,21.89,21.89,21.89,100,0
BSMU.US,5,20230606,215500,21.89,21.92,21.88,21.92,800,0
BSMU.US,5,20230607,165500,21.87,21.87,21.84,21.84,2505,0
BSMU.US,5,20230607,182500,21.85,21.85,21.8499,21.85,1292,0
BSMU.US,5,20230607,183000,21.82,21.85,21.79,21.85,5174,0
BSMU.US,5,20230607,183500,21.85,21.86,21.82,21.86,700,0
BSMU.US,5,20230607,184000,21.82,21.82,21.82,21.82,200,0
BSMU.US,5,20230607,184500,21.83,21.8483,21.81,21.81,1588,0
BSMU.US,5,20230607,185500,21.81,21.81,21.81,21.81,200,0
BSMU.US,5,20230607,190000,21.81,21.81,21.81,21.81,300,0
BSMU.US,5,20230607,190500,21.8,21.8,21.8,21.8,200,0
BSMU.US,5,20230607,191000,21.8,21.8,21.8,21.8,300,0
BSMU.US,5,20230607,191500,21.8,21.87,21.8,21.87,3000,0
BSMU.US,5,20230607,192500,21.8499,21.86,21.83,21.86,5291,0
BSMU.US,5,20230607,193500,21.82,21.82,21.82,21.82,100,0
BSMU.US,5,20230607,194000,21.82,21.82,21.82,21.82,100,0
BSMU.US,5,20230607,194500,21.82,21.82,21.82,21.82,100,0
BSMU.US,5,20230607,195000,21.82,21.82,21.82,21.82,200,0
BSMU.US,5,20230607,195500,21.82,21.82,21.82,21.82,100,0
BSMU.US,5,20230607,200000,21.82,21.82,21.82,21.82,200,0
BSMU.US,5,20230607,200500,21.81,21.81,21.81,21.81,100,0
BSMU.US,5,20230607,201000,21.81,21.82,21.81,21.82,200,0
BSMU.US,5,20230607,201500,21.82,21.82,21.82,21.82,100,0
BSMU.US,5,20230607,202000,21.81,21.81,21.81,21.81,200,0
BSMU.US,5,20230607,202500,21.82,21.82,21.82,21.82,100,0
BSMU.US,5,20230607,203000,21.82,21.82,21.82,21.82,100,0
BSMU.US,5,20230607,203500,21.82,21.82,21.82,21.82,200,0
BSMU.US,5,20230607,204000,21.82,21.82,21.82,21.82,100,0
BSMU.US,5,20230607,204500,21.82,21.87,21.82,21.86,2418,0
BSMU.US,5,20230607,205000,21.83,21.83,21.83,21.83,100,0
BSMU.US,5,20230607,205500,21.83,21.83,21.83,21.83,200,0
BSMU.US,5,20230607,210000,21.83,21.83,21.83,21.83,100,0
BSMU.US,5,20230607,210500,21.83,21.83,21.83,21.83,200,0
BSMU.US,5,20230607,211000,21.83,21.83,21.83,21.83,200,0
BSMU.US,5,20230607,211500,21.83,21.83,21.83,21.83,100,0
BSMU.US,5,20230607,212000,21.83,21.83,21.83,21.83,200,0
BSMU.US,5,20230607,212500,21.83,21.83,21.82,21.82,200,0
BSMU.US,5,20230607,213000,21.82,21.848,21.82,21.848,823,0
BSMU.US,5,20230607,213500,21.82,21.82,21.81,21.81,300,0
BSMU.US,5,20230607,214000,21.81,21.81,21.81,21.81,300,0
BSMU.US,5,20230607,214500,21.81,21.82,21.81,21.82,500,0
BSMU.US,5,20230607,215000,21.82,21.84,21.8,21.81,1385,0
BSMU.US,5,20230607,215500,21.82,21.86,21.81,21.82,1600,0
BSMU.US,5,20230608,164500,21.9,21.9,21.9,21.9,75405,0
BSMU.US,5,20230608,165500,21.91,22.05,21.91,22.05,15111,0
BSMU.US,5,20230608,170500,21.908,21.908,21.908,21.908,520,0
BSMU.US,5,20230608,173000,21.91,21.92,21.907,21.92,2400,0
BSMU.US,5,20230608,195000,21.92,21.92,21.92,21.92,100,0
BSMU.US,5,20230608,205500,21.9006,21.9006,21.9006,21.9006,415,0
BSMU.US,5,20230609,153000,21.85,21.85,21.85,21.85,684,0
BSMU.US,5,20230609,160000,21.84,21.84,21.84,21.84,100,0
BSMU.US,5,20230609,160500,21.84,21.84,21.84,21.84,100,0
BSMU.US,5,20230609,161000,21.84,21.91,21.84,21.91,3456,0
BSMU.US,5,20230609,164000,21.881,21.881,21.881,21.881,200,0
BSMU.US,5,20230609,171000,21.875,21.875,21.875,21.875,147,0
BSMU.US,5,20230609,181000,21.89,21.89,21.8827,21.89,300,0
BSMU.US,5,20230609,191000,21.87,21.87,21.87,21.87,600,0
BSMU.US,5,20230609,210500,21.8982,21.8982,21.8982,21.8982,500,0
BSMU.US,5,20230609,211500,21.9,21.9,21.9,21.9,300,0
BSMU.US,5,20230609,214500,21.8995,21.8995,21.8995,21.8995,2610,0
BSMU.US,5,20230612,164000,21.8701,21.8701,21.8701,21.8701,107,0
BSMU.US,5,20230612,170000,21.88,21.88,21.88,21.88,500,0
BSMU.US,5,20230612,171000,21.88,21.88,21.88,21.88,100,0
BSMU.US,5,20230612,173000,21.88,21.88,21.88,21.88,200,0
BSMU.US,5,20230612,175000,21.88,21.88,21.88,21.88,400,0
BSMU.US,5,20230612,175500,21.88,21.88,21.88,21.88,1200,0
BSMU.US,5,20230612,180000,21.88,21.88,21.88,21.88,600,0
BSMU.US,5,20230612,182500,21.88,21.88,21.88,21.88,200,0
BSMU.US,5,20230612,183000,21.88,21.88,21.88,21.88,1000,0
BSMU.US,5,20230612,183500,21.88,21.88,21.88,21.88,1000,0
BSMU.US,5,20230612,184000,21.87,21.88,21.87,21.88,400,0
BSMU.US,5,20230612,185000,21.84,21.84,21.84,21.84,300,0
BSMU.US,5,20230612,190000,21.88,21.88,21.88,21.88,1000,0
BSMU.US,5,20230612,190500,21.88,21.89,21.88,21.89,1140,0
BSMU.US,5,20230612,201500,21.89,21.895,21.875,21.895,914,0
BSMU.US,5,20230612,203000,21.875,21.875,21.875,21.875,300,0
BSMU.US,5,20230613,153500,21.95,21.95,21.95,21.95,100,0
BSMU.US,5,20230613,155500,21.93,21.93,21.86,21.86,2200,0
BSMU.US,5,20230613,160500,21.89,21.89,21.8772,21.8772,600,0
BSMU.US,5,20230613,162500,21.875,21.875,21.875,21.875,1142,0
BSMU.US,5,20230613,164000,21.89,21.89,21.89,21.89,300,0
BSMU.US,5,20230613,170000,21.89,21.89,21.89,21.89,571,0
BSMU.US,5,20230613,172000,21.8799,21.8799,21.8799,21.8799,156,0
BSMU.US,5,20230613,175500,21.89,21.89,21.89,21.89,300,0
BSMU.US,5,20230613,181000,21.89,21.89,21.8852,21.8852,2200,0
BSMU.US,5,20230613,182500,21.9,21.91,21.89,21.8905,700,0
BSMU.US,5,20230613,183000,21.9,21.9,21.8999,21.8999,200,0
BSMU.US,5,20230613,185500,21.89,21.89,21.89,21.89,5032,0
BSMU.US,5,20230613,192500,21.9189,21.9189,21.9189,21.9189,913,0
BSMU.US,5,20230613,194000,21.91,21.91,21.91,21.91,500,0
BSMU.US,5,20230613,204000,21.855,21.855,21.855,21.855,200,0
BSMU.US,5,20230613,204500,21.87,21.89,21.8599,21.86,3196,0
BSMU.US,5,20230613,205500,21.855,21.855,21.855,21.855,200,0
BSMU.US,5,20230613,210000,21.864,21.864,21.864,21.864,850,0
BSMU.US,5,20230613,211500,21.8599,21.87,21.853,21.853,1000,0
BSMU.US,5,20230613,215500,21.87,21.88,21.87,21.88,411,0
BSMU.US,5,20230614,153000,21.88,21.88,21.88,21.88,200,0
BSMU.US,5,20230614,153500,21.88,21.89,21.88,21.89,300,0
BSMU.US,5,20230614,154000,21.89,21.89,21.89,21.89,200,0
BSMU.US,5,20230614,154500,21.88,21.88,21.88,21.88,200,0
BSMU.US,5,20230614,155000,21.88,21.88,21.88,21.88,200,0
BSMU.US,5,20230614,155500,21.88,21.88,21.87,21.87,200,0
BSMU.US,5,20230614,160000,21.88,21.88,21.88,21.88,300,0
BSMU.US,5,20230614,160500,21.88,21.88,21.88,21.88,200,0
BSMU.US,5,20230614,161000,21.88,21.88,21.88,21.88,100,0
BSMU.US,5,20230614,161500,21.88,21.88,21.88,21.88,200,0
BSMU.US,5,20230614,162000,21.88,21.88,21.88,21.88,200,0
BSMU.US,5,20230614,162500,21.88,21.88,21.88,21.88,200,0
BSMU.US,5,20230614,163000,21.88,21.88,21.88,21.88,100,0
BSMU.US,5,20230614,163500,21.88,21.88,21.88,21.88,200,0
BSMU.US,5,20230614,164000,21.88,21.88,21.88,21.88,200,0
BSMU.US,5,20230614,164500,21.88,21.88,21.88,21.88,200,0
BSMU.US,5,20230614,165000,21.88,21.88,21.88,21.88,200,0
BSMU.US,5,20230614,165500,21.87,21.87,21.87,21.87,100,0
BSMU.US,5,20230614,170000,21.87,21.875,21.87,21.875,400,0
BSMU.US,5,20230614,170500,21.875,21.875,21.875,21.875,200,0
BSMU.US,5,20230614,171000,21.88,21.88,21.88,21.88,100,0
BSMU.US,5,20230614,171500,21.875,21.875,21.875,21.875,200,0
BSMU.US,5,20230614,172500,21.875,21.88,21.875,21.88,1179,0
BSMU.US,5,20230614,173500,21.875,21.875,21.875,21.875,100,0
BSMU.US,5,20230614,174000,21.875,21.8775,21.875,21.875,300,0
BSMU.US,5,20230614,174500,21.8775,21.8775,21.8775,21.8775,100,0
BSMU.US,5,20230614,175000,21.87,21.87,21.87,21.87,300,0
BSMU.US,5,20230614,180500,21.87,21.87,21.87,21.87,300,0
BSMU.US,5,20230614,181500,21.87,21.87,21.87,21.87,300,0
BSMU.US,5,20230614,182500,21.87,21.875,21.87,21.875,300,0
BSMU.US,5,20230614,183000,21.8775,21.8775,21.8775,21.8775,805,0
BSMU.US,5,20230614,183500,21.8775,21.8775,21.8775,21.8775,100,0
BSMU.US,5,20230614,184000,21.8775,21.8775,21.8775,21.8775,100,0
BSMU.US,5,20230614,184500,21.87,21.875,21.87,21.875,300,0
BSMU.US,5,20230614,185000,21.87,21.89,21.87,21.89,810,0
BSMU.US,5,20230614,190000,21.88,21.88,21.88,21.88,300,0
BSMU.US,5,20230614,190500,21.88,21.88,21.88,21.88,100,0
BSMU.US,5,20230614,191000,21.88,21.88,21.88,21.88,100,0
BSMU.US,5,20230614,191500,21.88,21.88,21.88,21.88,200,0
BSMU.US,5,20230614,192000,21.88,21.88,21.88,21.88,100,0
BSMU.US,5,20230614,192500,21.885,21.94,21.885,21.91,7982,0
BSMU.US,5,20230614,200500,21.8,21.8,21.8,21.8,300,0
BSMU.US,5,20230614,201000,21.82,21.82,21.82,21.82,300,0
BSMU.US,5,20230614,201500,21.82,21.82,21.82,21.82,200,0
BSMU.US,5,20230614,202000,21.825,21.825,21.825,21.825,200,0
BSMU.US,5,20230614,202500,21.8275,21.8275,21.8275,21.8275,200,0
BSMU.US,5,20230614,203000,21.82,21.82,21.82,21.82,200,0
BSMU.US,5,20230614,203500,21.825,21.8275,21.825,21.8275,400,0
BSMU.US,5,20230614,204000,21.825,21.8275,21.825,21.8275,300,0
BSMU.US,5,20230614,204500,21.825,21.825,21.825,21.825,300,0
BSMU.US,5,20230614,205000,21.825,21.825,21.825,21.825,100,0
BSMU.US,5,20230614,205500,21.825,21.825,21.825,21.825,300,0
BSMU.US,5,20230614,210000,21.825,21.825,21.825,21.825,200,0
BSMU.US,5,20230614,210500,21.825,21.825,21.825,21.825,300,0
BSMU.US,5,20230614,211000,21.825,21.825,21.825,21.825,200,0
BSMU.US,5,20230614,211500,21.825,21.825,21.825,21.825,200,0
BSMU.US,5,20230614,212000,21.825,21.825,21.825,21.825,400,0
BSMU.US,5,20230614,212500,21.825,21.825,21.825,21.825,180,0
BSMU.US,5,20230614,213000,21.825,21.825,21.825,21.825,380,0
BSMU.US,5,20230614,213500,21.8275,21.8275,21.8275,21.8275,300,0
BSMU.US,5,20230614,214000,21.82,21.8275,21.82,21.8275,400,0
BSMU.US,5,20230614,214500,21.825,21.825,21.825,21.825,600,0
BSMU.US,5,20230614,215000,21.825,21.825,21.825,21.825,400,0
BSMU.US,5,20230614,215500,21.83,21.83,21.82,21.83,2038,0
BSMU.US,5,20230615,162000,21.9698,21.9698,21.9698,21.9698,1153,0
BSMU.US,5,20230615,192000,21.97,21.97,21.97,21.97,800,0
BSMU.US,5,20230615,194000,21.98,21.98,21.98,21.98,300,0
BSMU.US,5,20230615,210500,21.965,21.965,21.965,21.965,190,0
BSMU.US,5,20230615,214000,21.965,21.965,21.965,21.965,100,0
BSMU.US,5,20230616,153500,21.97,21.97,21.97,21.97,400,0
BSMU.US,5,20230616,154000,21.97,21.98,21.97,21.98,1900,0
BSMU.US,5,20230616,155000,21.97,21.97,21.97,21.97,252,0
BSMU.US,5,20230616,160000,21.96,21.96,21.96,21.96,1100,0
BSMU.US,5,20230616,165500,21.94,21.94,21.94,21.94,285,0
BSMU.US,5,20230616,184500,21.9582,21.9582,21.9582,21.9582,275,0
BSMU.US,5,20230616,191000,21.96,21.96,21.9505,21.9505,800,0
BSMU.US,5,20230616,192000,21.97,21.98,21.97,21.98,800,0
BSMU.US,5,20230616,195500,21.97,21.97,21.97,21.97,583,0
BSMU.US,5,20230616,202000,21.955,21.9689,21.955,21.9689,579,0
BSMU.US,5,20230616,203500,21.97,21.97,21.97,21.97,150,0
BSMU.US,5,20230616,215500,21.98,22.01,21.98,22.01,700,0
BSMU.US,5,20230620,153000,21.98,21.98,21.98,21.98,1000,0
BSMU.US,5,20230620,161500,21.97,21.97,21.9699,21.9699,226,0
BSMU.US,5,20230620,165000,21.9403,21.9403,21.9403,21.9403,145,0
BSMU.US,5,20230620,183500,21.968,21.968,21.968,21.968,167,0
BSMU.US,5,20230620,184000,21.9799,21.98,21.969,21.98,800,0
BSMU.US,5,20230620,210000,21.96,21.99,21.96,21.98,4177,0
BSMU.US,5,20230620,212000,21.95,22.03,21.92,21.97,18128,0
BSMU.US,5,20230620,213500,21.95,21.95,21.95,21.95,100,0
BSMU.US,5,20230620,215500,21.95,21.99,21.95,21.99,2000,0
BSMU.US,5,20230621,153000,21.96,21.96,21.96,21.96,912,0
BSMU.US,5,20230621,171000,21.9103,21.911,21.9102,21.9102,1021,0
BSMU.US,5,20230621,182000,21.93,21.95,21.9157,21.92,2500,0
BSMU.US,5,20230621,183000,21.94,21.94,21.94,21.94,100,0
BSMU.US,5,20230621,191500,21.96,21.96,21.96,21.96,3333,0
BSMU.US,5,20230621,193000,21.96,21.96,21.9599,21.9599,314,0
BSMU.US,5,20230621,194500,21.96,21.96,21.96,21.96,200,0
BSMU.US,5,20230621,201500,21.97,21.97,21.97,21.97,300,0
BSMU.US,5,20230621,211500,21.974,21.98,21.962,21.962,400,0
BSMU.US,5,20230621,212500,21.98,21.98,21.98,21.98,100,0
BSMU.US,5,20230621,215500,21.97,21.97,21.97,21.97,300,0
BSMU.US,5,20230622,162500,21.91,21.91,21.91,21.91,100,0
BSMU.US,5,20230622,173500,21.91,21.91,21.91,21.91,100,0
BSMU.US,5,20230622,183500,21.9,21.9,21.9,21.9,100,0
BSMU.US,5,20230622,195500,21.89,21.89,21.89,21.89,100,0
BSMU.US,5,20230622,205500,21.9,21.9,21.9,21.9,200,0
BSMU.US,5,20230622,213000,21.88,21.8801,21.88,21.8801,642,0
BSMU.US,5,20230623,184000,21.98,21.98,21.9797,21.9797,715,0
BSMU.US,5,20230623,211000,22,22.03,21.9999,21.9999,6402,0
BSMU.US,5,20230626,160000,21.9699,21.97,21.9699,21.97,270,0
BSMU.US,5,20230626,173000,21.979,21.98,21.979,21.98,300,0
BSMU.US,5,20230626,182000,21.98,21.98,21.96,21.9799,1170,0
BSMU.US,5,20230626,203000,21.9896,21.9896,21.9896,21.9896,364,0
BSMU.US,5,20230626,215500,21.98,21.98,21.98,21.98,100,0
BSMU.US,5,20230627,153000,22.04,22.04,22.04,22.04,1063,0
BSMU.US,5,20230627,173500,21.9125,21.9125,21.9125,21.9125,750,0
BSMU.US,5,20230627,182500,21.9296,21.9296,21.9296,21.9296,578,0
BSMU.US,5,20230627,191500,21.92,21.921,21.92,21.921,500,0
BSMU.US,5,20230627,204000,21.9101,21.9167,21.8801,21.9167,4226,0
BSMU.US,5,20230627,211500,21.99,21.99,21.9899,21.9899,2200,0
BSMU.US,5,20230628,175000,21.99,22.0099,21.99,22.0099,750,0
BSMU.US,5,20230628,212500,22.0099,22.01,22.0099,22.0099,600,0
BSMU.US,5,20230628,213500,22.02,22.05,22.0199,22.05,2591,0
BSMU.US,5,20230628,215500,22.02,22.02,22.02,22.02,100,0
BSMU.US,5,20230629,160000,21.91,21.91,21.91,21.91,300,0
BSMU.US,5,20230629,161000,21.9,21.9,21.9,21.9,300,0
BSMU.US,5,20230629,162000,21.9082,21.9082,21.9082,21.9082,4105,0
BSMU.US,5,20230629,165000,21.91,21.91,21.91,21.91,100,0
BSMU.US,5,20230629,173500,21.92,21.92,21.92,21.92,100,0
BSMU.US,5,20230629,185500,21.895,21.895,21.895,21.895,100,0
BSMU.US,5,20230629,194500,21.92,21.92,21.9199,21.9199,800,0
BSMU.US,5,20230629,203500,21.92,21.92,21.92,21.92,200,0
BSMU.US,5,20230629,204500,21.92,21.92,21.92,21.92,200,0
BSMU.US,5,20230629,205000,21.91,21.91,21.91,21.91,200,0
BSMU.US,5,20230629,205500,21.91,21.91,21.91,21.91,100,0
BSMU.US,5,20230629,210000,21.93,21.979,21.93,21.979,4196,0
BSMU.US,5,20230629,210500,21.92,21.92,21.92,21.92,100,0
BSMU.US,5,20230629,212000,21.9032,21.91,21.9032,21.9032,1000,0
BSMU.US,5,20230629,212500,21.93,21.93,21.93,21.93,100,0
BSMU.US,5,20230629,213000,21.92,21.93,21.9187,21.9187,2235,0
BSMU.US,5,20230629,213500,21.92,21.94,21.91,21.91,900,0
BSMU.US,5,20230629,214500,21.91,21.95,21.9099,21.9299,4370,0
BSMU.US,5,20230629,215000,21.92,21.92,21.92,21.92,100,0
BSMU.US,5,20230629,215500,21.93,21.95,21.921,21.93,828,0
BSMU.US,5,20230630,172000,21.95,21.959,21.95,21.959,300,0
BSMU.US,5,20230630,184500,21.95,21.95,21.95,21.95,213,0
BSMU.US,5,20230630,185500,21.95,21.95,21.95,21.95,170,0
BSMU.US,5,20230630,190000,21.95,21.95,21.94,21.94,850,0
BSMU.US,5,20230630,193000,21.96,21.99,21.9599,21.99,2524,0
BSMU.US,5,20230630,194500,21.9598,21.9598,21.9598,21.9598,115,0
BSMU.US,5,20230630,202500,21.96,21.96,21.9499,21.9499,1200,0
BSMU.US,5,20230630,203500,21.97,21.97,21.97,21.97,100,0
BSMU.US,5,20230630,215500,21.97,21.97,21.97,21.97,500,0
BSMU.US,5,20230703,162500,21.975,21.99,21.975,21.9799,900,0
BSMU.US,5,20230703,163000,22,22,22,22,200,0
BSMU.US,5,20230703,184500,21.95,21.9597,21.9497,21.9597,4900,0
BSMU.US,5,20230705,170500,21.9697,21.9697,21.96,21.96,1807,0
BSMU.US,5,20230705,171500,21.97,21.98,21.97,21.98,1600,0
BSMU.US,5,20230705,183500,21.94,21.94,21.93,21.93,15351,0
BSMU.US,5,20230705,193500,21.937,21.94,21.931,21.931,500,0
BSMU.US,5,20230705,194500,21.91,21.91,21.91,21.91,218,0
BSMU.US,5,20230705,202500,21.93,21.93,21.915,21.919,500,0
BSMU.US,5,20230705,205000,21.921,21.93,21.921,21.924,500,0
BSMU.US,5,20230705,205500,21.93,21.95,21.9299,21.95,2004,0
BSMU.US,5,20230705,210000,21.93,21.96,21.9299,21.93,5330,0
BSMU.US,5,20230705,210500,21.93,21.93,21.93,21.93,100,0
BSMU.US,5,20230705,214000,21.93,21.93,21.9257,21.9257,900,0
BSMU.US,5,20230705,215500,21.93,21.97,21.93,21.97,1283,0
BSMU.US,5,20230706,153000,21.86,21.86,21.86,21.86,378,0
BSMU.US,5,20230706,160500,21.87,21.88,21.87,21.88,1400,0
BSMU.US,5,20230706,183500,21.8599,21.8599,21.8599,21.8599,170,0
BSMU.US,5,20230706,184000,21.86,21.89,21.86,21.87,2100,0
BSMU.US,5,20230706,185000,21.86,21.86,21.86,21.86,100,0
BSMU.US,5,20230706,185500,21.851,21.86,21.851,21.856,800,0
BSMU.US,5,20230706,193000,21.86,21.87,21.86,21.87,534,0
BSMU.US,5,20230706,202500,21.87,21.87,21.8699,21.8699,800,0
BSMU.US,5,20230706,203500,21.88,21.88,21.8766,21.8766,1000,0
BSMU.US,5,20230706,205000,21.875,21.875,21.875,21.875,3520,0
BSMU.US,5,20230706,213000,21.88,21.88,21.88,21.88,228,0
BSMU.US,5,20230706,215500,21.87,21.88,21.87,21.88,700,0
BSMU.US,5,20230707,160000,21.87,21.87,21.87,21.87,456,0
BSMU.US,5,20230707,172500,21.904,21.91,21.9,21.91,600,0
BSMU.US,5,20230707,185500,21.9,21.9,21.9,21.9,765,0
BSMU.US,5,20230707,190000,21.895,21.895,21.895,21.895,200,0
BSMU.US,5,20230707,191500,21.895,21.895,21.895,21.895,100,0
BSMU.US,5,20230707,215000,21.87,21.87,21.87,21.87,100,0
