<TICKER>,<PER>,<DATE>,<TIME>,<OPEN>,<HIGH>,<LOW>,<CLOSE>,<VOL>,<OPENINT>
CACG.US,5,20230522,160500,38.77,38.77,38.77,38.77,200,0
CACG.US,5,20230522,161500,38.9099,38.9099,38.9099,38.9099,655,0
CACG.US,5,20230522,172000,38.94,38.94,38.94,38.94,100,0
CACG.US,5,20230522,181000,39.0687,39.0687,39.0687,39.0687,442,0
CACG.US,5,20230522,190000,38.9113,38.9113,38.9113,38.9113,104,0
CACG.US,5,20230522,213500,38.95,38.95,38.95,38.95,595,0
CACG.US,5,20230522,214500,38.86,38.86,38.86,38.86,165,0
CACG.US,5,20230522,215000,38.8752,38.8752,38.8752,38.8752,200,0
CACG.US,5,20230523,153000,38.67,38.67,38.67,38.67,143,0
CACG.US,5,20230523,154500,38.705,38.705,38.705,38.705,400,0
CACG.US,5,20230523,155000,38.67,38.67,38.67,38.67,400,0
CACG.US,5,20230523,170500,38.69,38.69,38.69,38.69,265,0
CACG.US,5,20230523,203500,38.28,38.28,38.28,38.28,100,0
CACG.US,5,20230523,211000,38.28,38.2822,38.2701,38.2701,533,0
CACG.US,5,20230523,214500,38.3694,38.3694,38.3694,38.3694,781,0
CACG.US,5,20230524,153500,38.19,38.19,38.19,38.19,431,0
CACG.US,5,20230524,160500,38.01,38.01,38.01,38.01,100,0
CACG.US,5,20230524,172000,38.11,38.11,38.11,38.11,300,0
CACG.US,5,20230524,184000,38.14,38.14,38.14,38.14,119,0
CACG.US,5,20230524,204000,38.12,38.12,38.12,38.12,100,0
CACG.US,5,20230524,204500,38.14,38.14,38.14,38.14,547,0
CACG.US,5,20230524,205500,38.07,38.07,38.07,38.07,100,0
CACG.US,5,20230524,210500,38.1,38.1,38.1,38.1,459,0
CACG.US,5,20230524,212000,38.23,38.23,38.23,38.23,100,0
CACG.US,5,20230524,212500,38.29,38.29,38.29,38.29,100,0
CACG.US,5,20230524,213500,38.23,38.23,38.23,38.23,100,0
CACG.US,5,20230524,214500,38.24,38.24,38.24,38.24,100,0
CACG.US,5,20230524,215000,38.18,38.18,38.18,38.18,100,0
CACG.US,5,20230524,215500,38.17,38.17,38.17,38.17,100,0
CACG.US,5,20230525,160000,38.59,38.59,38.59,38.59,100,0
CACG.US,5,20230525,162500,38.5,38.5,38.5,38.5,283,0
CACG.US,5,20230525,181000,38.5783,38.5783,38.5783,38.5783,756,0
CACG.US,5,20230525,192500,38.6805,38.6805,38.6805,38.6805,500,0
CACG.US,5,20230525,201000,38.79,38.79,38.79,38.79,628,0
CACG.US,5,20230526,153000,38.78,38.89,38.78,38.89,4392,0
CACG.US,5,20230526,154000,39.001,39.001,39.001,39.001,292,0
CACG.US,5,20230526,160000,39.07,39.07,39.07,39.07,100,0
CACG.US,5,20230526,161500,39.15,39.15,39.15,39.15,202,0
CACG.US,5,20230526,173000,39.34,39.34,39.34,39.34,127,0
CACG.US,5,20230526,185500,39.5509,39.5509,39.5509,39.5509,100,0
CACG.US,5,20230526,214500,39.49,39.49,39.49,39.49,3861,0
CACG.US,5,20230526,215000,39.48,39.48,39.47,39.47,600,0
CACG.US,5,20230526,215500,39.47,39.47,39.47,39.47,3862,0
CACG.US,5,20230530,154000,40.035,40.035,39.99,39.99,567,0
CACG.US,5,20230530,161000,39.81,39.81,39.81,39.81,600,0
CACG.US,5,20230530,164500,39.72,39.72,39.71,39.71,318,0
CACG.US,5,20230530,182500,39.76,39.7799,39.76,39.7799,566,0
CACG.US,5,20230530,184500,39.67,39.67,39.67,39.67,399,0
CACG.US,5,20230530,191500,39.58,39.58,39.58,39.58,391,0
CACG.US,5,20230530,202500,39.67,39.67,39.67,39.67,424,0
CACG.US,5,20230531,153000,39.46,39.46,39.46,39.46,195,0
CACG.US,5,20230531,160500,39.425,39.425,39.425,39.425,507,0
CACG.US,5,20230531,164500,39.24,39.24,39.24,39.24,155,0
CACG.US,5,20230531,182500,39.3,39.3,39.3,39.3,7957,0
CACG.US,5,20230531,183000,39.23,39.23,39.23,39.23,5286,0
CACG.US,5,20230531,184500,39.37,39.37,39.37,39.37,100,0
CACG.US,5,20230531,185000,39.29,39.29,39.29,39.29,100,0
CACG.US,5,20230531,190500,39.37,39.37,39.37,39.37,100,0
CACG.US,5,20230531,192000,39.42,39.42,39.42,39.42,100,0
CACG.US,5,20230531,193000,39.51,39.51,39.51,39.51,100,0
CACG.US,5,20230531,194000,39.58,39.58,39.58,39.58,100,0
CACG.US,5,20230531,195000,39.54,39.54,39.54,39.54,100,0
CACG.US,5,20230531,200000,39.54,39.54,39.54,39.54,100,0
CACG.US,5,20230531,201000,39.59,39.59,39.59,39.59,100,0
CACG.US,5,20230531,201500,39.4601,39.4601,39.4601,39.4601,289,0
CACG.US,5,20230531,202000,39.516,39.6,39.516,39.6,400,0
CACG.US,5,20230531,202500,39.53,39.53,39.53,39.53,1149,0
CACG.US,5,20230531,203000,39.6,39.6,39.53,39.53,200,0
CACG.US,5,20230531,203500,39.46,39.46,39.46,39.46,675,0
CACG.US,5,20230531,205000,39.46,39.46,39.4025,39.4025,578,0
CACG.US,5,20230531,211000,39.5,39.5,39.5,39.5,100,0
CACG.US,5,20230531,211500,39.43,39.43,39.43,39.43,200,0
CACG.US,5,20230531,212500,39.49,39.49,39.49,39.49,253,0
CACG.US,5,20230531,213500,39.5,39.5,39.5,39.5,100,0
CACG.US,5,20230531,214000,39.5,39.5,39.5,39.5,200,0
CACG.US,5,20230531,214500,39.61,39.61,39.555,39.555,435,0
CACG.US,5,20230531,215000,39.27,39.61,39.27,39.45,900,0
CACG.US,5,20230601,153000,39.37,39.37,39.37,39.37,500,0
CACG.US,5,20230601,154000,39.34,39.34,39.34,39.34,146,0
CACG.US,5,20230601,155500,39.42,39.42,39.42,39.42,400,0
CACG.US,5,20230601,162500,39.45,39.45,39.45,39.45,355,0
CACG.US,5,20230601,170500,39.67,39.7199,39.67,39.67,1369,0
CACG.US,5,20230601,191500,39.96,39.96,39.96,39.96,371,0
CACG.US,5,20230601,205000,39.99,40,39.99,40,827,0
CACG.US,5,20230601,215500,39.9631,39.9631,39.9631,39.9631,229,0
CACG.US,5,20230602,153000,40.41,40.41,40.391,40.41,500,0
CACG.US,5,20230602,161000,40.23,40.23,40.23,40.23,105,0
CACG.US,5,20230602,162500,40.33,40.34,40.33,40.34,900,0
CACG.US,5,20230602,165000,40.3314,40.3314,40.3314,40.3314,500,0
CACG.US,5,20230602,175500,40.39,40.39,40.39,40.39,400,0
CACG.US,5,20230602,181500,40.4,40.4,40.4,40.4,300,0
CACG.US,5,20230602,182000,40.355,40.355,40.355,40.355,100,0
CACG.US,5,20230602,212000,40.43,40.43,40.4201,40.43,425,0
CACG.US,5,20230605,204000,40.45,40.47,40.45,40.47,5733,0
CACG.US,5,20230605,205000,40.34,40.34,40.34,40.34,300,0
CACG.US,5,20230605,215500,40.475,40.475,40.475,40.475,200,0
CACG.US,5,20230606,153000,40.52,40.52,40.52,40.52,1001,0
CACG.US,5,20230606,153500,40.43,40.43,40.43,40.43,110,0
CACG.US,5,20230606,160000,40.39,40.39,40.39,40.39,100,0
CACG.US,5,20230606,161000,40.43,40.43,40.43,40.43,100,0
CACG.US,5,20230606,162000,40.55,40.55,40.55,40.55,100,0
CACG.US,5,20230606,163000,40.475,40.475,40.475,40.475,385,0
CACG.US,5,20230606,172000,40.5899,40.5899,40.5899,40.5899,581,0
CACG.US,5,20230606,173000,40.53,40.53,40.53,40.53,494,0
CACG.US,5,20230606,174000,40.53,40.53,40.53,40.53,100,0
CACG.US,5,20230606,182000,40.41,40.41,40.41,40.41,197,0
CACG.US,5,20230606,205000,40.437,40.47,40.3925,40.47,5602,0
CACG.US,5,20230606,205500,40.36,40.47,40.36,40.47,3010,0
CACG.US,5,20230606,211000,40.5,40.5,40.5,40.5,200,0
CACG.US,5,20230606,212000,40.49,40.49,40.49,40.49,1039,0
CACG.US,5,20230607,181000,40.1884,40.1884,40.1884,40.1884,800,0
CACG.US,5,20230607,182000,40.001,40.001,40.001,40.001,250,0
CACG.US,5,20230607,182500,39.91,39.91,39.91,39.91,200,0
CACG.US,5,20230607,205000,39.8901,39.8901,39.8901,39.8901,728,0
CACG.US,5,20230607,210500,39.9108,39.9108,39.9108,39.9108,500,0
CACG.US,5,20230607,212500,39.8729,39.8729,39.8729,39.8729,449,0
CACG.US,5,20230608,181000,40.27,40.27,40.27,40.27,117,0
CACG.US,5,20230608,192000,40.325,40.325,40.325,40.325,157,0
CACG.US,5,20230608,202500,40.1501,40.1501,40.1501,40.1501,2000,0
CACG.US,5,20230608,203000,40.2,40.2,40.2,40.2,2400,0
CACG.US,5,20230608,203500,40.2,40.2,40.2,40.2,595,0
CACG.US,5,20230608,214500,40.25,40.25,40.25,40.25,700,0
CACG.US,5,20230609,161500,40.7,40.7,40.7,40.7,100,0
CACG.US,5,20230609,165000,40,40,40,40,100,0
CACG.US,5,20230609,165500,40.26,40.26,40,40,698,0
CACG.US,5,20230609,195500,40.23,40.23,40.23,40.23,200,0
CACG.US,5,20230609,205500,40.23,40.23,40.23,40.23,300,0
CACG.US,5,20230609,212000,40.24,40.24,39.9645,39.9645,200,0
CACG.US,5,20230609,212500,40.02,40.23,40.02,40.2006,300,0
CACG.US,5,20230609,213000,40.23,40.23,39.97,39.97,600,0
CACG.US,5,20230609,214000,40.3,40.3,39.11,39.11,700,0
CACG.US,5,20230609,215000,40.21,40.21,40.21,40.21,200,0
CACG.US,5,20230612,153000,40.63,40.64,40.49,40.49,796,0
CACG.US,5,20230612,153500,40.62,40.62,40.62,40.62,320,0
CACG.US,5,20230612,154000,40.52,40.66,40.52,40.54,650,0
CACG.US,5,20230612,155000,40.605,40.605,40.56,40.56,770,0
CACG.US,5,20230612,155500,40.66,40.66,40.66,40.66,240,0
CACG.US,5,20230612,160000,40.55,40.55,40.55,40.55,320,0
CACG.US,5,20230612,161000,40.63,40.63,40.63,40.63,320,0
CACG.US,5,20230612,161500,40.55,40.64,40.55,40.64,464,0
CACG.US,5,20230612,162000,40.56,40.56,40.56,40.56,160,0
CACG.US,5,20230612,163500,40.6,40.6,40.6,40.6,138,0
CACG.US,5,20230612,164500,40.71,40.71,40.71,40.71,100,0
CACG.US,5,20230612,165000,40.63,40.63,40.63,40.63,160,0
CACG.US,5,20230612,170000,40.73,40.73,40.62,40.62,680,0
CACG.US,5,20230612,171000,40.7,40.7,40.59,40.7,644,0
CACG.US,5,20230612,171500,40.7,40.7,40.61,40.61,304,0
CACG.US,5,20230612,172000,40.73,40.73,40.61,40.61,336,0
CACG.US,5,20230612,172500,40.73,40.73,40.63,40.63,592,0
CACG.US,5,20230612,173000,40.74,40.75,40.64,40.64,480,0
CACG.US,5,20230612,173500,40.7874,40.7874,40.7874,40.7874,245,0
CACG.US,5,20230612,174000,40.71,40.82,40.71,40.82,544,0
CACG.US,5,20230612,174500,40.72,40.72,40.72,40.72,256,0
CACG.US,5,20230612,175500,40.83,40.83,40.83,40.83,360,0
CACG.US,5,20230612,180000,40.73,40.73,40.73,40.73,288,0
CACG.US,5,20230612,182500,40.81,40.81,40.81,40.81,320,0
CACG.US,5,20230612,184000,40.74,40.74,40.74,40.74,320,0
CACG.US,5,20230612,184500,40.85,40.85,40.74,40.74,400,0
CACG.US,5,20230612,201500,40.88,40.88,40.88,40.88,100,0
CACG.US,5,20230612,211000,40.93,40.93,40.93,40.93,160,0
CACG.US,5,20230612,211500,40.9201,40.9201,40.9201,40.9201,176,0
CACG.US,5,20230612,215000,41.1,41.1,41.1,41.1,242,0
CACG.US,5,20230613,153000,41.21,41.38,41.21,41.22,890,0
CACG.US,5,20230613,153500,41.42,41.42,41.38,41.38,500,0
CACG.US,5,20230613,154000,41.23,41.38,41.23,41.28,1250,0
CACG.US,5,20230613,154500,41.23,41.23,41.23,41.23,380,0
CACG.US,5,20230613,155000,41.12,41.23,41.12,41.17,950,0
CACG.US,5,20230613,155500,41.18,41.18,41.18,41.18,400,0
CACG.US,5,20230613,160000,41.24,41.24,41.15,41.15,710,0
CACG.US,5,20230613,160500,41.28,41.28,41.16,41.16,520,0
CACG.US,5,20230613,161000,41.19,41.2,41.11,41.13,1250,0
CACG.US,5,20230613,161500,41.01,41.13,41.01,41.13,820,0
CACG.US,5,20230613,162000,41.07,41.07,41.07,41.07,400,0
CACG.US,5,20230613,162500,41.21,41.21,41.07,41.07,650,0
CACG.US,5,20230613,163000,41.17,41.17,41.17,41.17,400,0
CACG.US,5,20230613,163500,41.13,41.26,41.13,41.26,800,0
CACG.US,5,20230613,164000,41.15,41.15,41.15,41.15,200,0
CACG.US,5,20230613,164500,41.28,41.29,41.16,41.29,1310,0
CACG.US,5,20230613,165000,41.19,41.32,41.19,41.32,600,0
CACG.US,5,20230613,175000,41.21,41.21,41.21,41.21,926,0
CACG.US,5,20230613,180000,41.27,41.27,41.27,41.27,175,0
CACG.US,5,20230613,183500,41.25,41.25,41.25,41.25,155,0
CACG.US,5,20230613,203500,41.15,41.15,41.11,41.11,850,0
CACG.US,5,20230614,164000,41.5167,41.5167,41.5167,41.5167,240,0
CACG.US,5,20230614,170000,41.4872,41.4872,41.4872,41.4872,150,0
CACG.US,5,20230614,172500,41.61,41.61,41.61,41.61,100,0
CACG.US,5,20230614,191500,41.48,41.48,41.48,41.48,600,0
CACG.US,5,20230614,192500,41.37,41.371,41.37,41.37,700,0
CACG.US,5,20230614,193000,41.32,41.49,41.32,41.49,1058,0
CACG.US,5,20230614,195000,41.35,41.35,41.35,41.35,483,0
CACG.US,5,20230614,200000,40.99,40.99,40.99,40.99,100,0
CACG.US,5,20230614,210500,41.54,41.54,41.54,41.54,100,0
CACG.US,5,20230614,212000,41.4599,41.4599,41.4599,41.4599,121,0
CACG.US,5,20230614,214500,41.34,41.36,41.34,41.36,3400,0
CACG.US,5,20230615,155500,41.625,41.625,41.625,41.625,100,0
CACG.US,5,20230615,164000,41.66,41.7165,41.66,41.7165,500,0
CACG.US,5,20230615,170000,41.665,41.665,41.665,41.665,100,0
CACG.US,5,20230615,172000,41.845,41.845,41.845,41.845,151,0
CACG.US,5,20230615,184500,41.88,41.8927,41.88,41.8927,500,0
CACG.US,5,20230615,203000,42.1,42.1,42.1,42.1,104,0
CACG.US,5,20230616,154500,42.14,42.14,42.14,42.14,100,0
CACG.US,5,20230616,203500,41.9017,41.9017,41.9017,41.9017,792,0
CACG.US,5,20230620,153000,41.56,41.56,41.56,41.56,266,0
CACG.US,5,20230620,155000,41.7515,41.7515,41.7515,41.7515,300,0
CACG.US,5,20230620,160000,41.69,41.69,41.69,41.69,100,0
CACG.US,5,20230620,161000,41.6001,41.6001,41.6001,41.6001,125,0
CACG.US,5,20230620,162500,41.4016,41.4016,41.4016,41.4016,459,0
CACG.US,5,20230620,170000,41.45,41.45,41.45,41.45,131,0
CACG.US,5,20230620,170500,41.5225,41.5225,41.5225,41.5225,195,0
CACG.US,5,20230620,173000,41.64,41.64,41.5001,41.5001,318,0
CACG.US,5,20230620,173500,41.51,41.51,41.51,41.51,100,0
CACG.US,5,20230620,174000,41.5,41.5,41.5,41.5,400,0
CACG.US,5,20230620,181000,41.5552,41.5552,41.5552,41.5552,121,0
CACG.US,5,20230620,183500,41.65,41.65,41.65,41.65,125,0
CACG.US,5,20230620,194000,41.74,41.74,41.74,41.74,995,0
CACG.US,5,20230621,163000,41.52,41.52,41.52,41.52,600,0
CACG.US,5,20230621,201000,41.4101,41.4101,41.4101,41.4101,120,0
CACG.US,5,20230621,205000,41.46,41.46,41.46,41.46,100,0
CACG.US,5,20230621,205500,41.5,41.5,41.5,41.5,100,0
CACG.US,5,20230621,210500,41.43,41.43,41.43,41.43,100,0
CACG.US,5,20230621,211000,41.47,41.47,41.47,41.47,100,0
CACG.US,5,20230621,211500,41.49,41.49,41.49,41.49,100,0
CACG.US,5,20230621,212000,41.46,41.46,41.46,41.46,100,0
CACG.US,5,20230621,212500,41.44,41.44,41.44,41.44,100,0
CACG.US,5,20230621,213000,41.38,41.38,41.38,41.38,100,0
CACG.US,5,20230621,213500,41.33,41.33,41.33,41.33,100,0
CACG.US,5,20230621,214000,41.34,41.36,41.34,41.36,200,0
CACG.US,5,20230621,214500,41.39,41.39,41.39,41.39,100,0
CACG.US,5,20230621,215000,41.41,41.41,41.39,41.39,200,0
CACG.US,5,20230621,215500,41.34,41.34,41.34,41.34,300,0
CACG.US,5,20230622,154000,41.35,41.35,41.35,41.35,100,0
CACG.US,5,20230622,160500,41.49,41.49,41.48,41.48,312,0
CACG.US,5,20230622,161500,41.51,41.51,41.51,41.51,1000,0
CACG.US,5,20230622,162000,41.5661,41.5661,41.5661,41.5661,373,0
CACG.US,5,20230622,163500,41.48,41.48,41.48,41.48,160,0
CACG.US,5,20230622,164500,41.49,41.49,41.49,41.49,114,0
CACG.US,5,20230622,170000,41.56,41.57,41.56,41.57,473,0
CACG.US,5,20230622,171500,41.545,41.545,41.545,41.545,250,0
CACG.US,5,20230622,172000,41.53,41.53,41.47,41.47,569,0
CACG.US,5,20230622,181000,41.5575,41.5575,41.5575,41.5575,120,0
CACG.US,5,20230622,192000,41.44,41.44,41.44,41.44,100,0
CACG.US,5,20230622,193500,41.5899,41.5899,41.5899,41.5899,100,0
CACG.US,5,20230622,204000,41.6275,41.6275,41.6275,41.6275,100,0
CACG.US,5,20230622,215000,41.6,41.6,41.6,41.6,122,0
CACG.US,5,20230623,153000,41.2,41.2,41.2,41.2,433,0
CACG.US,5,20230623,162500,41.24,41.24,41.24,41.24,121,0
CACG.US,5,20230623,163000,41.2528,41.2528,41.2528,41.2528,108,0
CACG.US,5,20230623,171000,41.27,41.27,41.27,41.27,782,0
CACG.US,5,20230623,173000,41.3299,41.3299,41.3299,41.3299,250,0
CACG.US,5,20230623,181500,41.35,41.35,41.35,41.35,324,0
CACG.US,5,20230623,191500,41.46,41.4745,41.46,41.46,1760,0
CACG.US,5,20230623,204500,41.4268,41.4268,41.4268,41.4268,250,0
CACG.US,5,20230623,210000,41.28,41.28,41.28,41.28,100,0
CACG.US,5,20230626,190000,41.12,41.12,41.12,41.12,556,0
CACG.US,5,20230626,190500,41.08,41.08,41.08,41.08,198,0
CACG.US,5,20230626,200500,41.1551,41.1551,41.1551,41.1551,240,0
CACG.US,5,20230627,162500,41.17,41.17,41.17,41.17,180,0
CACG.US,5,20230627,163500,41.18,41.19,41.18,41.19,632,0
CACG.US,5,20230627,164000,41.2899,41.2899,41.2899,41.2899,755,0
CACG.US,5,20230627,173500,41.3612,41.3612,41.3612,41.3612,220,0
CACG.US,5,20230627,175500,41.47,41.47,41.47,41.47,430,0
CACG.US,5,20230627,183500,41.4662,41.53,41.4662,41.53,218,0
CACG.US,5,20230628,170500,41.8191,41.8191,41.8191,41.8191,2200,0
CACG.US,5,20230628,175500,41.88,41.88,41.88,41.88,234,0
CACG.US,5,20230628,181000,41.954,41.954,41.954,41.954,769,0
CACG.US,5,20230628,193000,41.73,41.73,41.64,41.695,1374,0
CACG.US,5,20230628,194500,41.687,41.687,41.687,41.687,341,0
CACG.US,5,20230628,200000,41.64,41.64,41.64,41.64,112,0
CACG.US,5,20230628,205000,41.749,41.749,41.749,41.749,239,0
CACG.US,5,20230628,210000,41.63,41.63,41.63,41.63,219,0
CACG.US,5,20230628,211500,41.74,41.74,41.74,41.74,1211,0
CACG.US,5,20230629,173000,41.91,41.91,41.91,41.91,186,0
CACG.US,5,20230629,182500,41.87,41.87,41.87,41.87,597,0
CACG.US,5,20230630,153000,42,42,42,42,325,0
CACG.US,5,20230630,162500,42.354,42.354,42.354,42.354,231,0
CACG.US,5,20230630,165500,42.2765,42.28,42.21,42.28,1113,0
CACG.US,5,20230630,172500,42.3386,42.3386,42.3386,42.3386,165,0
CACG.US,5,20230630,174000,42.11,42.15,42.11,42.15,1135,0
CACG.US,5,20230630,175000,42.1325,42.14,42.1325,42.14,746,0
CACG.US,5,20230630,181000,42.14,42.14,42.14,42.14,237,0
CACG.US,5,20230703,155000,42.22,42.23,42.22,42.23,710,0
CACG.US,5,20230703,161500,42.09,42.09,42.08,42.08,578,0
CACG.US,5,20230703,164000,42.085,42.085,42.085,42.085,172,0
CACG.US,5,20230703,173500,42.03,42.03,42.03,42.03,464,0
CACG.US,5,20230703,174000,42.03,42.03,42.03,42.03,200,0
CACG.US,5,20230705,153000,41.94,41.97,41.94,41.95,428,0
CACG.US,5,20230705,154000,42.04,42.1425,42.04,42.1425,1265,0
CACG.US,5,20230705,161000,42.07,42.07,42.07,42.07,100,0
CACG.US,5,20230705,164500,42.132,42.132,42.132,42.132,119,0
CACG.US,5,20230705,175500,42.09,42.09,42.09,42.09,2215,0
CACG.US,5,20230705,181000,42.049,42.049,42.049,42.049,2510,0
CACG.US,5,20230705,182000,42.06,42.06,42.06,42.06,300,0
CACG.US,5,20230705,184000,42.02,42.0535,42.02,42.0535,1000,0
CACG.US,5,20230705,185000,42.07,42.07,42.07,42.07,700,0
CACG.US,5,20230705,191500,42.1126,42.1126,42.1126,42.1126,1000,0
CACG.US,5,20230705,192000,42.06,42.125,42.06,42.125,1020,0
CACG.US,5,20230705,193000,42.06,42.0935,42.06,42.0935,1100,0
CACG.US,5,20230705,193500,42.1674,42.1674,42.1674,42.1674,118,0
CACG.US,5,20230705,203500,42.165,42.165,42.165,42.165,267,0
CACG.US,5,20230705,210000,42.15,42.15,42.15,42.15,200,0
CACG.US,5,20230705,212500,42.24,42.24,42.24,42.24,100,0
CACG.US,5,20230706,160500,41.54,41.54,41.54,41.54,100,0
CACG.US,5,20230706,161000,41.4663,41.4663,41.4663,41.4663,120,0
CACG.US,5,20230706,165000,41.64,41.64,41.64,41.64,1086,0
CACG.US,5,20230706,174000,41.51,41.51,41.51,41.51,142,0
CACG.US,5,20230706,182000,41.71,41.71,41.71,41.71,259,0
CACG.US,5,20230706,192500,41.69,41.69,41.69,41.69,162,0
CACG.US,5,20230706,194000,41.77,41.77,41.71,41.71,810,0
CACG.US,5,20230707,174500,41.85,41.85,41.85,41.85,100,0
CACG.US,5,20230707,181000,41.96,41.96,41.96,41.96,430,0
CACG.US,5,20230707,210500,41.87,41.87,41.87,41.87,805,0
CACG.US,5,20230707,211500,41.98,41.98,41.98,41.98,286,0
