<TICKER>,<PER>,<DATE>,<TIME>,<OPEN>,<HIGH>,<LOW>,<CLOSE>,<VOL>,<OPENINT>
CDL.US,5,20230522,153000,55.51,55.51,55.51,55.51,254,0
CDL.US,5,20230522,153500,55.6918,55.7101,55.6918,55.7101,358,0
CDL.US,5,20230522,154000,55.71,55.71,55.71,55.71,100,0
CDL.US,5,20230522,160500,55.355,55.355,55.355,55.355,515,0
CDL.US,5,20230522,161000,55.29,55.29,55.29,55.29,100,0
CDL.US,5,20230522,164000,55.41,55.41,55.41,55.41,100,0
CDL.US,5,20230522,165500,55.2998,55.33,55.2998,55.32,969,0
CDL.US,5,20230522,170000,55.34,55.34,55.34,55.34,100,0
CDL.US,5,20230522,171500,55.4832,55.4832,55.4832,55.4832,231,0
CDL.US,5,20230522,175000,55.535,55.535,55.535,55.535,111,0
CDL.US,5,20230522,180000,55.6189,55.6189,55.6189,55.6189,135,0
CDL.US,5,20230522,180500,55.616,55.616,55.616,55.616,697,0
CDL.US,5,20230522,181000,55.5846,55.5846,55.5751,55.5751,656,0
CDL.US,5,20230522,181500,55.5801,55.5801,55.5801,55.5801,452,0
CDL.US,5,20230522,191000,55.6028,55.6028,55.5,55.5,1600,0
CDL.US,5,20230522,192500,55.55,55.55,55.55,55.55,675,0
CDL.US,5,20230522,193500,55.57,55.5873,55.57,55.5873,425,0
CDL.US,5,20230522,194000,55.5773,55.5773,55.5773,55.5773,370,0
CDL.US,5,20230522,195000,55.56,55.56,55.56,55.56,100,0
CDL.US,5,20230522,195500,55.59,55.59,55.59,55.59,121,0
CDL.US,5,20230522,200500,55.5944,55.5944,55.5944,55.5944,334,0
CDL.US,5,20230522,203000,55.641,55.641,55.641,55.641,210,0
CDL.US,5,20230522,204000,55.66,55.66,55.66,55.66,346,0
CDL.US,5,20230522,204500,55.68,55.685,55.67,55.6702,10427,0
CDL.US,5,20230522,205000,55.7225,55.7225,55.7225,55.7225,300,0
CDL.US,5,20230522,205500,55.6612,55.69,55.6612,55.69,542,0
CDL.US,5,20230522,211000,55.65,55.65,55.65,55.65,200,0
CDL.US,5,20230522,211500,55.62,55.62,55.62,55.62,100,0
CDL.US,5,20230522,214500,55.585,55.585,55.5699,55.5699,497,0
CDL.US,5,20230522,215000,55.57,55.57,55.55,55.5663,525,0
CDL.US,5,20230523,153000,55.6,55.6,55.6,55.6,532,0
CDL.US,5,20230523,153500,55.55,55.55,55.54,55.54,200,0
CDL.US,5,20230523,165500,55.795,55.795,55.795,55.795,100,0
CDL.US,5,20230523,172000,55.8798,55.8798,55.8798,55.8798,228,0
CDL.US,5,20230523,172500,55.8966,55.8966,55.8966,55.8966,226,0
CDL.US,5,20230523,175500,55.96,55.96,55.96,55.96,100,0
CDL.US,5,20230523,182000,55.9043,55.9043,55.9043,55.9043,908,0
CDL.US,5,20230523,182500,55.93,55.93,55.93,55.93,651,0
CDL.US,5,20230523,185000,55.81,55.81,55.81,55.81,340,0
CDL.US,5,20230523,192500,55.89,55.89,55.89,55.89,197,0
CDL.US,5,20230523,193000,55.682,55.69,55.682,55.69,280,0
CDL.US,5,20230523,194500,55.79,55.79,55.79,55.79,100,0
CDL.US,5,20230523,195500,55.755,55.755,55.755,55.755,200,0
CDL.US,5,20230523,200000,55.75,55.7552,55.75,55.75,7400,0
CDL.US,5,20230523,201000,55.7401,55.7401,55.7401,55.7401,307,0
CDL.US,5,20230523,202000,55.62,55.6405,55.53,55.53,1824,0
CDL.US,5,20230523,204000,55.535,55.535,55.535,55.535,804,0
CDL.US,5,20230523,205000,55.5496,55.5653,55.5496,55.5653,519,0
CDL.US,5,20230523,205500,55.5753,55.61,55.5753,55.5848,863,0
CDL.US,5,20230523,210000,55.52,55.52,55.52,55.52,100,0
CDL.US,5,20230523,211000,55.5787,55.5863,55.5623,55.5863,1507,0
CDL.US,5,20230523,211500,55.54,55.54,55.54,55.54,100,0
CDL.US,5,20230523,212000,55.57,55.5752,55.57,55.5752,360,0
CDL.US,5,20230523,213000,55.5769,55.5769,55.5769,55.5769,103,0
CDL.US,5,20230523,214000,55.5826,55.5826,55.5826,55.5826,240,0
CDL.US,5,20230523,215000,55.53,55.53,55.4473,55.4473,1288,0
CDL.US,5,20230523,215500,55.4723,55.4723,55.4,55.4,1355,0
CDL.US,5,20230524,153000,55.3,55.3,55.3,55.3,157,0
CDL.US,5,20230524,160000,55,55,55,55,100,0
CDL.US,5,20230524,161000,55.0236,55.025,55.0236,55.025,281,0
CDL.US,5,20230524,163000,55.145,55.145,55.11,55.11,1582,0
CDL.US,5,20230524,163500,55.14,55.15,55.14,55.15,200,0
CDL.US,5,20230524,164000,55.14,55.14,55.125,55.125,3271,0
CDL.US,5,20230524,165000,55.09,55.109,55.072,55.072,1426,0
CDL.US,5,20230524,170000,55.105,55.105,55.09,55.09,282,0
CDL.US,5,20230524,171500,54.99,54.99,54.99,54.99,100,0
CDL.US,5,20230524,173000,55.0699,55.0699,55.0699,55.0699,260,0
CDL.US,5,20230524,175000,54.95,54.95,54.95,54.95,100,0
CDL.US,5,20230524,180500,54.93,54.93,54.91,54.91,214,0
CDL.US,5,20230524,190500,54.9267,54.9267,54.9267,54.9267,153,0
CDL.US,5,20230524,191000,54.9265,54.9265,54.9265,54.9265,449,0
CDL.US,5,20230524,191500,54.9,54.9,54.9,54.9,100,0
CDL.US,5,20230524,192000,54.95,54.995,54.95,54.995,1360,0
CDL.US,5,20230524,193500,54.94,54.94,54.94,54.94,102,0
CDL.US,5,20230524,194000,55.04,55.04,55.002,55.002,959,0
CDL.US,5,20230524,194500,55.01,55.01,54.9601,54.965,1164,0
CDL.US,5,20230524,200500,54.96,54.96,54.96,54.96,100,0
CDL.US,5,20230524,202500,54.8684,54.8684,54.8684,54.8684,182,0
CDL.US,5,20230524,204000,54.99,55.01,54.955,54.955,825,0
CDL.US,5,20230524,205000,54.96,54.99,54.96,54.99,400,0
CDL.US,5,20230524,212000,55.06,55.06,55.06,55.06,200,0
CDL.US,5,20230524,213500,55.0699,55.0699,55.06,55.06,374,0
CDL.US,5,20230524,214500,54.99,54.99,54.99,54.99,377,0
CDL.US,5,20230524,215500,54.9126,54.94,54.9126,54.94,364,0
CDL.US,5,20230525,153000,54.7,54.7,54.7,54.7,850,0
CDL.US,5,20230525,154500,54.64,54.64,54.5,54.5,400,0
CDL.US,5,20230525,160500,54.48,54.48,54.48,54.48,100,0
CDL.US,5,20230525,161000,54.4763,54.4763,54.4743,54.4743,3454,0
CDL.US,5,20230525,162000,54.5154,54.524,54.5154,54.524,712,0
CDL.US,5,20230525,163500,54.5049,54.5049,54.5049,54.5049,311,0
CDL.US,5,20230525,164500,54.51,54.51,54.51,54.51,200,0
CDL.US,5,20230525,165000,54.5015,54.5015,54.5015,54.5015,211,0
CDL.US,5,20230525,170500,54.48,54.48,54.48,54.48,100,0
CDL.US,5,20230525,171500,54.29,54.29,54.2745,54.2745,340,0
CDL.US,5,20230525,172000,54.27,54.27,54.27,54.27,40912,0
CDL.US,5,20230525,172500,54.26,54.26,54.26,54.26,100,0
CDL.US,5,20230525,180000,54.2228,54.2228,54.2228,54.2228,317,0
CDL.US,5,20230525,183000,54.26,54.26,54.25,54.25,600,0
CDL.US,5,20230525,184000,54.3311,54.3311,54.321,54.321,799,0
CDL.US,5,20230525,185000,54.3046,54.3046,54.3046,54.3046,865,0
CDL.US,5,20230525,191000,54.3299,54.3299,54.3299,54.3299,123,0
CDL.US,5,20230525,192500,54.49,54.49,54.49,54.49,400,0
CDL.US,5,20230525,195500,54.4815,54.4815,54.4815,54.4815,166,0
CDL.US,5,20230525,200500,54.5313,54.5313,54.5313,54.5313,197,0
CDL.US,5,20230525,201000,54.511,54.511,54.511,54.511,175,0
CDL.US,5,20230525,202500,54.58,54.58,54.58,54.58,331,0
CDL.US,5,20230525,203500,54.4454,54.4454,54.4454,54.4454,238,0
CDL.US,5,20230525,204000,54.4003,54.4003,54.4003,54.4003,125,0
CDL.US,5,20230525,212000,54.525,54.525,54.525,54.525,100,0
CDL.US,5,20230525,215000,54.5089,54.5089,54.5089,54.5089,108,0
CDL.US,5,20230525,215500,54.49,54.49,54.481,54.481,401,0
CDL.US,5,20230526,153000,54.64,54.64,54.64,54.64,345,0
CDL.US,5,20230526,154000,54.62,54.62,54.62,54.62,100,0
CDL.US,5,20230526,160000,54.47,54.47,54.47,54.47,396,0
CDL.US,5,20230526,161000,54.5411,54.5411,54.5411,54.5411,100,0
CDL.US,5,20230526,171000,54.5193,54.5193,54.5193,54.5193,147,0
CDL.US,5,20230526,172000,54.4759,54.4759,54.4759,54.4759,372,0
CDL.US,5,20230526,172500,54.3816,54.3816,54.3816,54.3816,313,0
CDL.US,5,20230526,174500,54.39,54.39,54.39,54.39,528,0
CDL.US,5,20230526,180000,54.42,54.42,54.42,54.42,100,0
CDL.US,5,20230526,180500,54.47,54.47,54.47,54.47,100,0
CDL.US,5,20230526,182000,54.48,54.48,54.48,54.48,100,0
CDL.US,5,20230526,182500,54.61,54.61,54.61,54.61,100,0
CDL.US,5,20230526,184500,54.5362,54.5362,54.5362,54.5362,389,0
CDL.US,5,20230526,185000,54.5471,54.5471,54.5471,54.5471,102,0
CDL.US,5,20230526,185500,54.49,54.49,54.49,54.49,100,0
CDL.US,5,20230526,190000,54.53,54.53,54.53,54.53,200,0
CDL.US,5,20230526,192000,54.4701,54.475,54.4701,54.475,204,0
CDL.US,5,20230526,192500,54.48,54.48,54.48,54.48,200,0
CDL.US,5,20230526,195000,54.5,54.5,54.47,54.47,600,0
CDL.US,5,20230526,195500,54.4871,54.4871,54.4871,54.4871,125,0
CDL.US,5,20230526,200000,54.51,54.51,54.51,54.51,100,0
CDL.US,5,20230526,201500,54.49,54.49,54.49,54.49,200,0
CDL.US,5,20230526,202500,54.5101,54.5101,54.5101,54.5101,500,0
CDL.US,5,20230526,204500,54.62,54.62,54.62,54.62,100,0
CDL.US,5,20230526,205500,54.62,54.62,54.62,54.62,100,0
CDL.US,5,20230526,210000,54.65,54.65,54.65,54.65,200,0
CDL.US,5,20230526,211500,54.6574,54.6574,54.6574,54.6574,107,0
CDL.US,5,20230526,212000,54.6325,54.6325,54.631,54.631,806,0
CDL.US,5,20230526,212500,54.62,54.64,54.62,54.64,300,0
CDL.US,5,20230526,213000,54.6318,54.6318,54.6318,54.6318,249,0
CDL.US,5,20230526,213500,54.65,54.65,54.65,54.65,353,0
CDL.US,5,20230526,214000,54.64,54.64,54.64,54.64,200,0
CDL.US,5,20230526,215000,54.58,54.62,54.58,54.62,600,0
CDL.US,5,20230526,215500,54.591,54.591,54.59,54.59,2964,0
CDL.US,5,20230530,153000,54.53,54.53,54.53,54.53,3255,0
CDL.US,5,20230530,154000,54.31,54.31,54.302,54.31,840,0
CDL.US,5,20230530,155500,54.4806,54.4806,54.4806,54.4806,116,0
CDL.US,5,20230530,160000,54.5165,54.5165,54.4233,54.4233,900,0
CDL.US,5,20230530,160500,54.4186,54.48,54.41,54.48,1196,0
CDL.US,5,20230530,161000,54.48,54.48,54.48,54.48,100,0
CDL.US,5,20230530,162500,54.4588,54.4588,54.3859,54.3859,500,0
CDL.US,5,20230530,163000,54.4865,54.4865,54.4865,54.4865,100,0
CDL.US,5,20230530,163500,54.3934,54.43,54.3827,54.43,343,0
CDL.US,5,20230530,164000,54.43,54.48,54.43,54.48,875,0
CDL.US,5,20230530,164500,54.4163,54.4163,54.4163,54.4163,260,0
CDL.US,5,20230530,165000,54.38,54.38,54.38,54.38,100,0
CDL.US,5,20230530,170000,54.37,54.395,54.37,54.395,700,0
CDL.US,5,20230530,171500,54.3287,54.3287,54.3287,54.3287,350,0
CDL.US,5,20230530,172000,54.24,54.259,54.24,54.24,800,0
CDL.US,5,20230530,172500,54.2939,54.2939,54.2939,54.2939,200,0
CDL.US,5,20230530,175000,54.3297,54.3554,54.3297,54.3554,790,0
CDL.US,5,20230530,175500,54.3601,54.3601,54.3601,54.3601,215,0
CDL.US,5,20230530,180500,54.4161,54.4161,54.4161,54.4161,2771,0
CDL.US,5,20230530,183000,54.4211,54.4211,54.4211,54.4211,503,0
CDL.US,5,20230530,183500,54.44,54.44,54.44,54.44,100,0
CDL.US,5,20230530,184000,54.4058,54.4058,54.4058,54.4058,702,0
CDL.US,5,20230530,193500,54.3818,54.3818,54.3818,54.3818,351,0
CDL.US,5,20230530,194000,54.3871,54.3871,54.3871,54.3871,169,0
CDL.US,5,20230530,200000,54.3763,54.3763,54.3763,54.3763,250,0
CDL.US,5,20230530,202000,54.4004,54.4004,54.4004,54.4004,127,0
CDL.US,5,20230530,203000,54.492,54.492,54.492,54.492,520,0
CDL.US,5,20230530,204500,54.4727,54.4727,54.4727,54.4727,105,0
CDL.US,5,20230530,211500,54.4191,54.4191,54.4191,54.4191,165,0
CDL.US,5,20230530,213000,54.48,54.48,54.48,54.48,1443,0
CDL.US,5,20230530,214500,54.51,54.5199,54.51,54.51,1627,0
CDL.US,5,20230531,153000,54.17,54.17,54.17,54.17,322,0
CDL.US,5,20230531,154500,54.14,54.14,54.14,54.14,100,0
CDL.US,5,20230531,171500,53.92,53.92,53.92,53.92,100,0
CDL.US,5,20230531,172500,53.9831,53.9831,53.9831,53.9831,147,0
CDL.US,5,20230531,173000,53.96,53.96,53.96,53.96,166,0
CDL.US,5,20230531,175000,53.94,53.94,53.94,53.94,124,0
CDL.US,5,20230531,180500,53.962,53.962,53.962,53.962,638,0
CDL.US,5,20230531,181000,53.97,53.97,53.97,53.97,100,0
CDL.US,5,20230531,183000,54.06,54.06,54.06,54.06,100,0
CDL.US,5,20230531,184000,54.024,54.024,54.024,54.024,225,0
CDL.US,5,20230531,185000,54.0342,54.0342,54.0262,54.0262,555,0
CDL.US,5,20230531,185500,54.03,54.03,54.03,54.03,269,0
CDL.US,5,20230531,190500,54.08,54.0886,54.08,54.0886,350,0
CDL.US,5,20230531,191000,54.1,54.1,54.1,54.1,100,0
CDL.US,5,20230531,192500,54.07,54.07,54.07,54.07,400,0
CDL.US,5,20230531,195000,54.1401,54.1401,54.1401,54.1401,407,0
CDL.US,5,20230531,200500,54.17,54.17,54.17,54.17,100,0
CDL.US,5,20230531,202000,54.2198,54.22,54.2,54.2,752,0
CDL.US,5,20230531,203500,54.2,54.2,54.2,54.2,100,0
CDL.US,5,20230531,204000,54.2305,54.2305,54.2305,54.2305,222,0
CDL.US,5,20230531,205000,54.1499,54.1499,54.1499,54.1499,119,0
CDL.US,5,20230531,205500,54.161,54.161,54.161,54.161,211,0
CDL.US,5,20230531,210500,54.18,54.18,54.18,54.18,100,0
CDL.US,5,20230531,211000,54.1759,54.1759,54.1759,54.1759,1700,0
CDL.US,5,20230531,212000,54.14,54.15,54.14,54.15,200,0
CDL.US,5,20230531,212500,54.16,54.16,54.16,54.16,100,0
CDL.US,5,20230531,214500,54.1824,54.1824,54.1618,54.1618,712,0
CDL.US,5,20230531,215500,54.08,54.09,54.05,54.05,1731,0
CDL.US,5,20230601,153000,54.29,54.29,54.0001,54.0001,804,0
CDL.US,5,20230601,153500,54.1301,54.1301,54.1301,54.1301,927,0
CDL.US,5,20230601,154000,53.874,53.93,53.874,53.93,200,0
CDL.US,5,20230601,164000,54.0589,54.0589,54.0589,54.0589,190,0
CDL.US,5,20230601,165500,54.2416,54.2416,54.2416,54.2416,350,0
CDL.US,5,20230601,171500,54.1601,54.1601,54.1601,54.1601,100,0
CDL.US,5,20230601,173000,54.2768,54.2768,54.2768,54.2768,259,0
CDL.US,5,20230601,181500,54.3297,54.3297,54.3297,54.3297,2380,0
CDL.US,5,20230601,184000,54.267,54.267,54.267,54.267,575,0
CDL.US,5,20230601,185500,54.2575,54.2575,54.2575,54.2575,145,0
CDL.US,5,20230601,191000,54.2,54.2,54.2,54.2,100,0
CDL.US,5,20230601,191500,54.235,54.235,54.2,54.2,3380,0
CDL.US,5,20230601,192000,54.24,54.24,54.23,54.235,900,0
CDL.US,5,20230601,195500,54.2659,54.2659,54.2659,54.2659,113,0
CDL.US,5,20230601,200000,54.2715,54.2715,54.2715,54.2715,855,0
CDL.US,5,20230601,201500,54.3,54.3,54.2535,54.2535,348,0
CDL.US,5,20230601,203000,54.2201,54.2354,54.2,54.22,6106,0
CDL.US,5,20230601,204000,54.1978,54.1978,54.1978,54.1978,147,0
CDL.US,5,20230601,211000,54.33,54.33,54.33,54.33,100,0
CDL.US,5,20230601,211500,54.38,54.38,54.3598,54.3598,400,0
CDL.US,5,20230601,214000,54.2027,54.2027,54.2027,54.2027,180,0
CDL.US,5,20230601,214500,54.23,54.23,54.23,54.23,100,0
CDL.US,5,20230601,215500,54.23,54.23,54.2289,54.2289,797,0
CDL.US,5,20230602,153000,54.48,54.5738,54.44,54.5738,1756,0
CDL.US,5,20230602,155500,54.7901,54.7901,54.7901,54.7901,100,0
CDL.US,5,20230602,173500,55.37,55.37,55.37,55.37,384,0
CDL.US,5,20230602,174000,55.25,55.25,55.25,55.25,368,0
CDL.US,5,20230602,181500,55.35,55.35,55.35,55.35,100,0
CDL.US,5,20230602,191000,55.3801,55.3801,55.3801,55.3801,400,0
CDL.US,5,20230602,193500,55.465,55.465,55.465,55.465,184,0
CDL.US,5,20230602,194000,55.4443,55.4443,55.4443,55.4443,198,0
CDL.US,5,20230602,200000,55.48,55.48,55.473,55.473,200,0
CDL.US,5,20230602,202500,55.4201,55.4201,55.4201,55.4201,115,0
CDL.US,5,20230602,204500,55.4822,55.4822,55.4822,55.4822,365,0
CDL.US,5,20230602,210500,55.511,55.511,55.511,55.511,149,0
CDL.US,5,20230602,214500,55.4632,55.4632,55.44,55.44,2088,0
CDL.US,5,20230605,153000,55.63,55.63,55.63,55.63,250,0
CDL.US,5,20230605,153500,55.6109,55.6109,55.6109,55.6109,5391,0
CDL.US,5,20230605,154000,55.5937,55.5938,55.5937,55.5938,2877,0
CDL.US,5,20230605,155500,55.53,55.53,55.53,55.53,100,0
CDL.US,5,20230605,160000,55.59,55.59,55.59,55.59,600,0
CDL.US,5,20230605,160500,55.5,55.5,55.5,55.5,100,0
CDL.US,5,20230605,180500,55.39,55.39,55.39,55.39,357,0
CDL.US,5,20230605,183500,55.45,55.45,55.45,55.45,100,0
CDL.US,5,20230605,185500,55.4645,55.4645,55.4645,55.4645,130,0
CDL.US,5,20230605,195000,55.38,55.38,55.38,55.38,285,0
CDL.US,5,20230605,200000,55.3976,55.3976,55.3976,55.3976,181,0
CDL.US,5,20230605,204000,55.245,55.245,55.245,55.245,200,0
CDL.US,5,20230605,210500,55.243,55.243,55.243,55.243,200,0
CDL.US,5,20230605,212000,55.27,55.27,55.27,55.27,200,0
CDL.US,5,20230605,214000,55.306,55.306,55.306,55.306,551,0
CDL.US,5,20230605,214500,55.305,55.32,55.305,55.32,1115,0
CDL.US,5,20230605,215500,55.2743,55.2743,55.2743,55.2743,310,0
CDL.US,5,20230606,153000,55.22,55.22,55.22,55.22,1169,0
CDL.US,5,20230606,153500,55.29,55.29,55.29,55.29,552,0
CDL.US,5,20230606,154000,55.28,55.28,55.28,55.28,100,0
CDL.US,5,20230606,155000,55.3679,55.3679,55.3679,55.3679,128,0
CDL.US,5,20230606,164500,55.5778,55.5778,55.561,55.561,1268,0
CDL.US,5,20230606,170000,55.61,55.61,55.61,55.61,323,0
CDL.US,5,20230606,173500,55.625,55.6724,55.625,55.6724,548,0
CDL.US,5,20230606,180000,55.62,55.62,55.62,55.62,164,0
CDL.US,5,20230606,190500,55.55,55.55,55.55,55.55,100,0
CDL.US,5,20230606,191500,55.6,55.6,55.6,55.6,300,0
CDL.US,5,20230606,192000,55.5355,55.5355,55.4993,55.4993,652,0
CDL.US,5,20230606,192500,55.48,55.48,55.48,55.48,1100,0
CDL.US,5,20230606,194500,55.4664,55.4664,55.4664,55.4664,573,0
CDL.US,5,20230606,195000,55.44,55.44,55.44,55.44,100,0
CDL.US,5,20230606,195500,55.44,55.44,55.4,55.41,1700,0
CDL.US,5,20230606,200500,55.4515,55.4515,55.4515,55.4515,135,0
CDL.US,5,20230606,202000,55.4968,55.4968,55.4968,55.4968,956,0
CDL.US,5,20230606,202500,55.5199,55.5199,55.5199,55.5199,120,0
CDL.US,5,20230606,204500,55.5355,55.5412,55.5355,55.5412,679,0
CDL.US,5,20230606,205000,55.5599,55.5599,55.5599,55.5599,347,0
CDL.US,5,20230606,205500,55.55,55.55,55.55,55.55,4100,0
CDL.US,5,20230606,210500,55.55,55.57,55.5,55.57,700,0
CDL.US,5,20230606,211000,55.56,55.5652,55.54,55.54,1502,0
CDL.US,5,20230606,212000,55.65,55.65,55.65,55.65,100,0
CDL.US,5,20230606,213000,55.6786,55.6786,55.6786,55.6786,383,0
CDL.US,5,20230606,213500,55.65,55.65,55.65,55.65,100,0
CDL.US,5,20230606,214000,55.63,55.63,55.63,55.63,646,0
CDL.US,5,20230606,215000,55.665,55.665,55.6502,55.6503,435,0
CDL.US,5,20230606,215500,55.64,55.64,55.64,55.64,100,0
CDL.US,5,20230607,153000,55.69,55.69,55.69,55.69,984,0
CDL.US,5,20230607,153500,55.56,55.56,55.5409,55.5409,650,0
CDL.US,5,20230607,161000,55.8999,55.8999,55.8999,55.8999,330,0
CDL.US,5,20230607,164500,56.055,56.055,56.055,56.055,100,0
CDL.US,5,20230607,165500,56.17,56.17,56.17,56.17,100,0
CDL.US,5,20230607,174500,56.1239,56.13,56.12,56.12,1316,0
CDL.US,5,20230607,175500,56.1089,56.1089,56.1089,56.1089,273,0
CDL.US,5,20230607,181000,56.137,56.137,56.137,56.137,280,0
CDL.US,5,20230607,185000,56.23,56.24,56.23,56.24,252,0
CDL.US,5,20230607,185500,56.22,56.22,56.22,56.22,323,0
CDL.US,5,20230607,191000,56.2,56.2,56.2,56.2,100,0
CDL.US,5,20230607,192000,56.194,56.194,56.194,56.194,152,0
CDL.US,5,20230607,192500,56.2477,56.2477,56.2477,56.2477,553,0
CDL.US,5,20230607,193000,56.23,56.23,56.2064,56.2064,225,0
CDL.US,5,20230607,193500,56.16,56.16,56.16,56.16,469,0
CDL.US,5,20230607,194500,56.2,56.2,56.2,56.2,100,0
CDL.US,5,20230607,201000,56.2573,56.2573,56.2573,56.2573,471,0
CDL.US,5,20230607,201500,56.2733,56.2733,56.2733,56.2733,173,0
CDL.US,5,20230607,202000,56.265,56.27,56.265,56.27,200,0
CDL.US,5,20230607,202500,56.29,56.29,56.29,56.29,100,0
CDL.US,5,20230607,203500,56.308,56.308,56.308,56.308,265,0
CDL.US,5,20230607,205000,56.3167,56.3167,56.3167,56.3167,500,0
CDL.US,5,20230607,211000,56.35,56.35,56.35,56.35,100,0
CDL.US,5,20230607,211500,56.3814,56.3814,56.3814,56.3814,125,0
CDL.US,5,20230607,212000,56.39,56.4,56.39,56.4,300,0
CDL.US,5,20230607,213000,56.41,56.43,56.41,56.43,200,0
CDL.US,5,20230608,153000,56.44,56.44,56.44,56.44,821,0
CDL.US,5,20230608,154000,56.115,56.115,56.115,56.115,200,0
CDL.US,5,20230608,154500,56.11,56.11,56.11,56.11,100,0
CDL.US,5,20230608,160000,56.095,56.095,56.095,56.095,110,0
CDL.US,5,20230608,162500,56.15,56.16,56.15,56.1599,300,0
CDL.US,5,20230608,170000,56.12,56.12,56.12,56.12,100,0
CDL.US,5,20230608,180000,56.02,56.02,56.02,56.02,600,0
CDL.US,5,20230608,180500,56.0747,56.0747,56.0747,56.0747,167,0
CDL.US,5,20230608,181500,56.09,56.09,56.09,56.09,200,0
CDL.US,5,20230608,184000,56.23,56.23,56.23,56.23,300,0
CDL.US,5,20230608,184500,56.29,56.29,56.24,56.24,300,0
CDL.US,5,20230608,185000,56.24,56.25,56.24,56.25,500,0
CDL.US,5,20230608,185500,56.28,56.3,56.28,56.3,724,0
CDL.US,5,20230608,190500,56.28,56.28,56.28,56.28,300,0
CDL.US,5,20230608,191500,56.26,56.28,56.26,56.28,700,0
CDL.US,5,20230608,192000,56.31,56.3355,56.31,56.3355,564,0
CDL.US,5,20230608,192500,56.32,56.34,56.32,56.34,800,0
CDL.US,5,20230608,193000,56.35,56.35,56.35,56.35,700,0
CDL.US,5,20230608,201500,56.3173,56.32,56.3173,56.32,262,0
CDL.US,5,20230608,210500,56.375,56.375,56.375,56.375,340,0
CDL.US,5,20230608,211000,56.38,56.38,56.38,56.38,100,0
CDL.US,5,20230608,211500,56.31,56.31,56.31,56.31,100,0
CDL.US,5,20230608,212500,56.36,56.3837,56.36,56.36,300,0
CDL.US,5,20230608,214000,56.43,56.43,56.43,56.43,300,0
CDL.US,5,20230608,214500,56.47,56.47,56.47,56.47,152,0
CDL.US,5,20230608,215000,56.445,56.445,56.445,56.445,1770,0
CDL.US,5,20230608,215500,56.4465,56.4465,56.4465,56.4465,276,0
CDL.US,5,20230609,153000,56.3,56.3,56.23,56.23,2331,0
CDL.US,5,20230609,154500,56.09,56.09,56.09,56.09,100,0
CDL.US,5,20230609,160000,56.0787,56.0787,56.0787,56.0787,416,0
CDL.US,5,20230609,160500,56.11,56.11,56.11,56.11,300,0
CDL.US,5,20230609,161000,56.13,56.14,56.13,56.1313,1628,0
CDL.US,5,20230609,173000,55.93,55.93,55.93,55.93,100,0
CDL.US,5,20230609,180000,55.9579,55.9579,55.9579,55.9579,139,0
CDL.US,5,20230609,181500,56,56,56,56,100,0
CDL.US,5,20230609,190000,56.015,56.015,56.015,56.015,170,0
CDL.US,5,20230609,191000,56.015,56.015,56.015,56.015,160,0
CDL.US,5,20230609,191500,55.9781,55.985,55.9781,55.985,218,0
CDL.US,5,20230609,203000,55.98,55.98,55.98,55.98,200,0
CDL.US,5,20230609,204000,55.97,55.97,55.97,55.97,179,0
CDL.US,5,20230609,210000,56.0098,56.0098,56.0076,56.0076,809,0
CDL.US,5,20230609,211000,55.97,55.97,55.93,55.93,298,0
CDL.US,5,20230609,211500,55.93,55.98,55.93,55.98,2600,0
CDL.US,5,20230609,212000,55.98,55.9967,55.98,55.99,4964,0
CDL.US,5,20230609,212500,55.9601,55.97,55.96,55.97,2758,0
CDL.US,5,20230609,213000,55.95,55.98,55.94,55.98,4100,0
CDL.US,5,20230609,213500,55.97,55.97,55.96,55.96,5573,0
CDL.US,5,20230609,214000,55.95,55.96,55.94,55.96,5500,0
CDL.US,5,20230609,214500,55.96,55.96,55.955,55.96,9700,0
CDL.US,5,20230609,215000,55.98,55.98,55.94,55.95,5300,0
CDL.US,5,20230609,215500,55.96,55.975,55.94,55.96,8050,0
CDL.US,5,20230612,153000,56.06,56.06,56.0199,56.0199,2185,0
CDL.US,5,20230612,154000,55.95,55.95,55.95,55.95,100,0
CDL.US,5,20230612,160500,56.05,56.05,56.05,56.05,613,0
CDL.US,5,20230612,162500,55.8971,55.8971,55.8829,55.8829,1064,0
CDL.US,5,20230612,163000,55.89,55.89,55.89,55.89,200,0
CDL.US,5,20230612,163500,55.8444,55.8444,55.8444,55.8444,116,0
CDL.US,5,20230612,164000,55.835,55.8422,55.835,55.8422,686,0
CDL.US,5,20230612,165500,55.8836,55.8836,55.8836,55.8836,225,0
CDL.US,5,20230612,171000,55.9201,55.9201,55.9201,55.9201,844,0
CDL.US,5,20230612,172000,55.83,55.83,55.83,55.83,100,0
CDL.US,5,20230612,173000,55.82,55.82,55.82,55.82,100,0
CDL.US,5,20230612,173500,55.78,55.8003,55.78,55.8003,277,0
CDL.US,5,20230612,182000,55.83,55.8301,55.83,55.8301,2826,0
CDL.US,5,20230612,183000,55.8237,55.8237,55.8237,55.8237,560,0
CDL.US,5,20230612,190000,55.8468,55.8468,55.8468,55.8468,101,0
CDL.US,5,20230612,190500,55.7978,55.7978,55.7978,55.7978,319,0
CDL.US,5,20230612,191500,55.77,55.77,55.77,55.77,185,0
CDL.US,5,20230612,194000,55.7433,55.7433,55.72,55.72,260,0
CDL.US,5,20230612,194500,55.7576,55.7576,55.7576,55.7576,120,0
CDL.US,5,20230612,195000,55.7487,55.7487,55.7487,55.7487,360,0
CDL.US,5,20230612,195500,55.7594,55.7594,55.7594,55.7594,133,0
CDL.US,5,20230612,201000,55.7675,55.7675,55.7634,55.7634,299,0
CDL.US,5,20230612,210500,55.83,55.83,55.83,55.83,100,0
CDL.US,5,20230612,213000,55.92,55.92,55.91,55.91,200,0
CDL.US,5,20230612,213500,55.9,55.9,55.9,55.9,100,0
CDL.US,5,20230612,214000,55.98,55.98,55.95,55.95,3207,0
CDL.US,5,20230612,214500,55.94,55.94,55.94,55.94,100,0
CDL.US,5,20230612,215000,55.945,55.945,55.945,55.945,900,0
CDL.US,5,20230613,153000,56.07,56.07,55.8404,55.8404,1164,0
CDL.US,5,20230613,154000,56.225,56.225,56.225,56.225,105,0
CDL.US,5,20230613,154500,56.31,56.31,56.31,56.31,172,0
CDL.US,5,20230613,160500,56.36,56.36,56.36,56.36,561,0
CDL.US,5,20230613,161000,56.4,56.4,56.4,56.4,1491,0
CDL.US,5,20230613,161500,56.3481,56.3481,56.3481,56.3481,250,0
CDL.US,5,20230613,162500,56.3936,56.4452,56.3936,56.4452,1557,0
CDL.US,5,20230613,163500,56.44,56.44,56.41,56.41,1772,0
CDL.US,5,20230613,170500,56.3203,56.3203,56.28,56.28,2121,0
CDL.US,5,20230613,172500,56.4034,56.4034,56.4034,56.4034,257,0
CDL.US,5,20230613,173000,56.39,56.39,56.39,56.39,300,0
CDL.US,5,20230613,175000,56.3774,56.3774,56.3774,56.3774,130,0
CDL.US,5,20230613,183500,56.4099,56.4099,56.4099,56.4099,470,0
CDL.US,5,20230613,184000,56.3965,56.4108,56.3965,56.4108,1596,0
CDL.US,5,20230613,193000,56.435,56.435,56.435,56.435,100,0
CDL.US,5,20230613,193500,56.4,56.4014,56.4,56.4014,403,0
CDL.US,5,20230613,200000,56.4315,56.4315,56.4315,56.4315,113,0
CDL.US,5,20230613,203500,56.2755,56.2755,56.2755,56.2755,100,0
CDL.US,5,20230613,211500,56.36,56.37,56.3427,56.3427,6731,0
CDL.US,5,20230613,215500,56.37,56.37,56.37,56.37,109,0
CDL.US,5,20230614,153000,56.59,56.63,56.59,56.6052,2456,0
CDL.US,5,20230614,160000,56.6967,56.6967,56.6967,56.6967,563,0
CDL.US,5,20230614,160500,56.74,56.75,56.74,56.74,1200,0
CDL.US,5,20230614,161500,56.7248,56.7248,56.7248,56.7248,274,0
CDL.US,5,20230614,162000,56.62,56.62,56.62,56.62,191,0
CDL.US,5,20230614,165000,56.65,56.65,56.65,56.65,200,0
CDL.US,5,20230614,170000,56.77,56.77,56.77,56.77,300,0
CDL.US,5,20230614,171000,56.6874,56.7154,56.6874,56.7154,1360,0
CDL.US,5,20230614,181000,56.665,56.665,56.6505,56.6505,496,0
CDL.US,5,20230614,183000,56.64,56.64,56.64,56.64,250,0
CDL.US,5,20230614,184500,56.58,56.5927,56.58,56.59,741,0
CDL.US,5,20230614,190500,56.57,56.57,56.57,56.57,100,0
CDL.US,5,20230614,192500,56.4991,56.4991,56.4991,56.4991,200,0
CDL.US,5,20230614,193500,56.457,56.457,56.45,56.45,439,0
CDL.US,5,20230614,194000,56.49,56.49,56.49,56.49,100,0
CDL.US,5,20230614,194500,56.5,56.5,56.5,56.5,406,0
CDL.US,5,20230614,195000,56.4822,56.4822,56.4822,56.4822,119,0
CDL.US,5,20230614,195500,56.49,56.49,56.49,56.49,100,0
CDL.US,5,20230614,200000,56.3139,56.39,56.26,56.26,867,0
CDL.US,5,20230614,203500,56.21,56.21,56.21,56.21,207,0
CDL.US,5,20230614,204500,56.2392,56.277,56.2392,56.277,655,0
CDL.US,5,20230614,205000,56.24,56.24,56.24,56.24,200,0
CDL.US,5,20230614,210500,56.4622,56.4622,56.4622,56.4622,267,0
CDL.US,5,20230614,211000,56.397,56.397,56.397,56.397,270,0
CDL.US,5,20230614,213500,56.33,56.34,56.33,56.34,400,0
CDL.US,5,20230614,214000,56.28,56.2801,56.27,56.27,2100,0
CDL.US,5,20230614,214500,56.181,56.181,56.18,56.18,300,0
CDL.US,5,20230614,215000,56.13,56.16,56.12,56.1201,1610,0
CDL.US,5,20230614,215500,56.18,56.18,56.18,56.18,195,0
CDL.US,5,20230615,153000,56.31,56.31,56.31,56.31,1225,0
CDL.US,5,20230615,153500,56.37,56.37,56.37,56.37,100,0
CDL.US,5,20230615,154000,56.37,56.37,56.37,56.37,200,0
CDL.US,5,20230615,155500,56.5632,56.5632,56.5632,56.5632,400,0
CDL.US,5,20230615,161500,56.59,56.59,56.59,56.59,772,0
CDL.US,5,20230615,173500,56.685,56.685,56.685,56.685,328,0
CDL.US,5,20230615,174000,56.6938,56.6938,56.6938,56.6938,164,0
CDL.US,5,20230615,180500,56.658,56.658,56.658,56.658,200,0
CDL.US,5,20230615,181000,56.65,56.65,56.64,56.648,2127,0
CDL.US,5,20230615,181500,56.63,56.6571,56.62,56.6571,11476,0
CDL.US,5,20230615,182000,56.6571,56.6571,56.6571,56.6571,124,0
CDL.US,5,20230615,182500,56.685,56.69,56.685,56.69,500,0
CDL.US,5,20230615,183500,56.69,56.69,56.69,56.69,200,0
CDL.US,5,20230615,185000,56.6755,56.6755,56.6755,56.6755,955,0
CDL.US,5,20230615,191000,56.6227,56.6227,56.6227,56.6227,181,0
CDL.US,5,20230615,193500,56.6505,56.6505,56.6505,56.6505,127,0
CDL.US,5,20230615,194500,56.72,56.72,56.72,56.72,100,0
CDL.US,5,20230615,195000,56.7101,56.7101,56.7101,56.7101,115,0
CDL.US,5,20230615,200000,56.735,56.735,56.735,56.735,200,0
CDL.US,5,20230615,202000,56.7727,56.7727,56.7727,56.7727,603,0
CDL.US,5,20230615,204000,56.81,56.83,56.81,56.83,200,0
CDL.US,5,20230615,205000,56.86,56.915,56.86,56.915,300,0
CDL.US,5,20230615,205500,56.9567,56.9567,56.9567,56.9567,110,0
CDL.US,5,20230615,210000,56.9687,56.9687,56.9687,56.9687,110,0
CDL.US,5,20230615,212000,56.9479,56.9479,56.9479,56.9479,176,0
CDL.US,5,20230615,212500,56.91,56.91,56.91,56.91,100,0
CDL.US,5,20230615,214500,56.94,56.94,56.94,56.94,149,0
CDL.US,5,20230616,153000,57.08,57.08,57.08,57.08,929,0
CDL.US,5,20230616,154000,57.2478,57.2478,57.2478,57.2478,526,0
CDL.US,5,20230616,154500,56.91,56.91,56.91,56.91,100,0
CDL.US,5,20230616,155000,57.075,57.075,57.075,57.075,1000,0
CDL.US,5,20230616,155500,57.1091,57.1091,57.1091,57.1091,490,0
CDL.US,5,20230616,162500,57.1,57.1,57.1,57.1,100,0
CDL.US,5,20230616,163500,57.05,57.05,57.05,57.05,500,0
CDL.US,5,20230616,175500,57.0325,57.0325,57.0325,57.0325,100,0
CDL.US,5,20230616,180500,57.0458,57.0458,57.0458,57.0458,435,0
CDL.US,5,20230616,183500,57.1364,57.1364,57.1364,57.1364,178,0
CDL.US,5,20230616,191500,57.14,57.14,57.14,57.14,100,0
CDL.US,5,20230616,193500,57.04,57.04,57.04,57.04,100,0
CDL.US,5,20230616,194500,57.07,57.07,57.03,57.03,250,0
CDL.US,5,20230616,200500,57.0205,57.0205,57.0205,57.0205,190,0
CDL.US,5,20230616,201000,57.04,57.04,57.04,57.04,212,0
CDL.US,5,20230616,203500,57.07,57.07,57.07,57.07,100,0
CDL.US,5,20230616,212500,56.9846,56.9846,56.97,56.9846,1400,0
CDL.US,5,20230616,213000,56.97,56.9823,56.97,56.9823,560,0
CDL.US,5,20230616,214000,57.01,57.01,57.01,57.01,100,0
CDL.US,5,20230616,215000,57.0263,57.0263,57.0165,57.0165,388,0
CDL.US,5,20230616,215500,56.9723,56.9723,56.94,56.94,1386,0
CDL.US,5,20230620,153000,56.6739,56.6739,56.6739,56.6739,216,0
CDL.US,5,20230620,153500,56.61,56.61,56.61,56.61,480,0
CDL.US,5,20230620,154000,56.39,56.39,56.39,56.39,100,0
CDL.US,5,20230620,162000,56.3891,56.3891,56.3601,56.3601,642,0
CDL.US,5,20230620,162500,56.36,56.36,56.36,56.36,100,0
CDL.US,5,20230620,165500,56.4599,56.4599,56.4599,56.4599,1451,0
CDL.US,5,20230620,170000,56.48,56.48,56.48,56.48,100,0
CDL.US,5,20230620,171500,56.395,56.395,56.395,56.395,134,0
CDL.US,5,20230620,180000,56.475,56.485,56.461,56.461,900,0
CDL.US,5,20230620,181500,56.4,56.4,56.39,56.4,733,0
CDL.US,5,20230620,182000,56.39,56.3988,56.39,56.3988,900,0
CDL.US,5,20230620,184500,56.4701,56.4701,56.4701,56.4701,362,0
CDL.US,5,20230620,190000,56.51,56.51,56.51,56.51,500,0
CDL.US,5,20230620,190500,56.4514,56.4514,56.4514,56.4514,334,0
CDL.US,5,20230620,192500,56.49,56.5,56.49,56.5,1000,0
CDL.US,5,20230620,194000,56.49,56.49,56.49,56.49,102,0
CDL.US,5,20230620,195500,56.461,56.4817,56.461,56.4817,1297,0
CDL.US,5,20230620,201500,56.4301,56.4301,56.43,56.43,485,0
CDL.US,5,20230620,202000,56.4311,56.452,56.4311,56.452,835,0
CDL.US,5,20230620,202500,56.465,56.465,56.465,56.465,186,0
CDL.US,5,20230620,203500,56.461,56.461,56.461,56.461,115,0
CDL.US,5,20230620,204000,56.4189,56.4189,56.4189,56.4189,171,0
CDL.US,5,20230620,204500,56.38,56.4444,56.37,56.4444,2560,0
CDL.US,5,20230620,210000,56.49,56.49,56.49,56.49,490,0
CDL.US,5,20230620,212000,56.3809,56.3902,56.3809,56.3902,1842,0
CDL.US,5,20230620,212500,56.4,56.4,56.4,56.4,100,0
CDL.US,5,20230620,214500,56.3706,56.3706,56.3354,56.3354,1433,0
CDL.US,5,20230620,215000,56.35,56.35,56.35,56.35,100,0
CDL.US,5,20230620,215500,56.28,56.28,56.28,56.28,499,0
CDL.US,5,20230621,153000,56.12,56.12,56.12,56.12,1413,0
CDL.US,5,20230621,154000,55.8,55.83,55.8,55.83,200,0
CDL.US,5,20230621,154500,56.05,56.0682,56.05,56.0682,1429,0
CDL.US,5,20230621,161500,56.2566,56.2566,56.2539,56.2539,513,0
CDL.US,5,20230621,163500,56.3053,56.3053,56.3053,56.3053,126,0
CDL.US,5,20230621,165000,56.2684,56.2684,56.2684,56.2684,667,0
CDL.US,5,20230621,180000,56.4501,56.4501,56.4501,56.4501,600,0
CDL.US,5,20230621,181000,56.475,56.475,56.475,56.475,810,0
CDL.US,5,20230621,182000,56.46,56.4656,56.46,56.4656,780,0
CDL.US,5,20230621,183500,56.4452,56.4452,56.4452,56.4452,450,0
CDL.US,5,20230621,184000,56.44,56.44,56.44,56.44,181,0
CDL.US,5,20230621,190000,56.3263,56.3263,56.32,56.32,400,0
CDL.US,5,20230621,190500,56.3403,56.3403,56.3403,56.3403,118,0
CDL.US,5,20230621,192500,56.34,56.34,56.3288,56.3288,531,0
CDL.US,5,20230621,193000,56.3346,56.3346,56.3346,56.3346,585,0
CDL.US,5,20230621,194000,56.359,56.359,56.359,56.359,409,0
CDL.US,5,20230621,202000,56.4096,56.4096,56.4096,56.4096,120,0
CDL.US,5,20230621,203500,56.4276,56.4276,56.4276,56.4276,140,0
CDL.US,5,20230621,210500,56.3799,56.3799,56.3799,56.3799,509,0
CDL.US,5,20230621,211500,56.36,56.36,56.36,56.36,144,0
CDL.US,5,20230621,214000,56.24,56.24,56.24,56.24,300,0
CDL.US,5,20230621,215000,56.35,56.35,56.35,56.35,160,0
CDL.US,5,20230621,215500,56.251,56.251,56.251,56.251,196,0
CDL.US,5,20230622,153000,56.23,56.23,56.23,56.23,1212,0
CDL.US,5,20230622,153500,56.04,56.04,56.04,56.04,400,0
CDL.US,5,20230622,154000,55.92,55.92,55.92,55.92,100,0
CDL.US,5,20230622,161000,55.9999,55.9999,55.9999,55.9999,100,0
CDL.US,5,20230622,161500,55.9848,55.9848,55.9848,55.9848,715,0
CDL.US,5,20230622,164000,55.81,55.81,55.81,55.81,2000,0
CDL.US,5,20230622,164500,55.8472,55.8608,55.8472,55.8608,1639,0
CDL.US,5,20230622,165000,55.8395,55.8395,55.8395,55.8395,600,0
CDL.US,5,20230622,173500,55.8001,55.8001,55.8,55.8,300,0
CDL.US,5,20230622,180500,55.81,55.81,55.81,55.81,100,0
CDL.US,5,20230622,183500,55.8406,55.855,55.8406,55.855,488,0
CDL.US,5,20230622,184500,55.8201,55.825,55.8201,55.825,1017,0
CDL.US,5,20230622,185500,55.8358,55.8358,55.8358,55.8358,174,0
CDL.US,5,20230622,190000,55.7801,55.7801,55.7801,55.7801,896,0
CDL.US,5,20230622,190500,55.77,55.8077,55.77,55.8077,307,0
CDL.US,5,20230622,192000,55.83,55.83,55.7856,55.7856,1524,0
CDL.US,5,20230622,193000,55.8345,55.8345,55.8345,55.8345,483,0
CDL.US,5,20230622,203000,55.905,55.905,55.905,55.905,103,0
CDL.US,5,20230622,210000,55.9155,55.93,55.9155,55.93,298,0
CDL.US,5,20230622,212000,55.89,55.89,55.89,55.89,100,0
CDL.US,5,20230622,214000,55.835,55.835,55.835,55.835,141,0
CDL.US,5,20230622,215000,55.829,55.829,55.829,55.829,179,0
CDL.US,5,20230623,153000,55.64,55.64,55.64,55.64,948,0
CDL.US,5,20230623,154500,55.7223,55.7223,55.7223,55.7223,310,0
CDL.US,5,20230623,170500,55.63,55.63,55.63,55.63,100,0
CDL.US,5,20230623,171000,55.5601,55.5601,55.5601,55.5601,164,0
CDL.US,5,20230623,171500,55.61,55.61,55.61,55.61,528,0
CDL.US,5,20230623,182500,55.5301,55.5301,55.5301,55.5301,281,0
CDL.US,5,20230623,183000,55.55,55.55,55.55,55.55,100,0
CDL.US,5,20230623,190500,55.4185,55.4185,55.4185,55.4185,162,0
CDL.US,5,20230623,204500,55.2409,55.2409,55.2409,55.2409,167,0
CDL.US,5,20230623,205000,55.22,55.22,55.22,55.22,300,0
CDL.US,5,20230623,210000,55.195,55.195,55.195,55.195,100,0
CDL.US,5,20230623,210500,55.22,55.22,55.22,55.22,100,0
CDL.US,5,20230623,212500,55.2434,55.2434,55.23,55.23,417,0
CDL.US,5,20230623,214500,55.2995,55.32,55.25,55.3,7414,0
CDL.US,5,20230623,215000,55.24,55.28,55.24,55.28,300,0
CDL.US,5,20230626,154500,55.47,55.47,55.47,55.47,100,0
CDL.US,5,20230626,155000,55.44,55.44,55.44,55.44,3626,0
CDL.US,5,20230626,162000,55.38,55.395,55.37,55.395,2336,0
CDL.US,5,20230626,162500,55.4,55.41,55.3784,55.3784,1845,0
CDL.US,5,20230626,165500,55.3128,55.3128,55.3128,55.3128,194,0
CDL.US,5,20230626,171500,55.4643,55.4643,55.4643,55.4643,202,0
CDL.US,5,20230626,172500,55.4837,55.4837,55.4837,55.4837,137,0
CDL.US,5,20230626,173000,55.4816,55.4816,55.4816,55.4816,176,0
CDL.US,5,20230626,175000,55.6199,55.6199,55.6199,55.6199,100,0
CDL.US,5,20230626,180500,55.6424,55.6947,55.6424,55.6696,1802,0
CDL.US,5,20230626,183500,55.73,55.73,55.73,55.73,200,0
CDL.US,5,20230626,184500,55.7702,55.7702,55.7702,55.7702,709,0
CDL.US,5,20230626,190500,55.7501,55.7501,55.7501,55.7501,429,0
CDL.US,5,20230626,191500,55.82,55.82,55.8015,55.8015,725,0
CDL.US,5,20230626,192000,55.8189,55.8189,55.8189,55.8189,289,0
CDL.US,5,20230626,194000,55.7978,55.7978,55.7978,55.7978,216,0
CDL.US,5,20230626,213000,55.7829,55.7829,55.7829,55.7829,159,0
CDL.US,5,20230627,153000,55.86,55.86,55.86,55.86,1206,0
CDL.US,5,20230627,154500,55.74,55.74,55.74,55.74,100,0
CDL.US,5,20230627,160500,55.732,55.7769,55.732,55.7769,1013,0
CDL.US,5,20230627,163000,55.8684,55.8684,55.8684,55.8684,129,0
CDL.US,5,20230627,170000,56.065,56.065,56.065,56.065,1067,0
CDL.US,5,20230627,171000,56.0403,56.0403,56.01,56.01,1545,0
CDL.US,5,20230627,171500,56.04,56.04,56.04,56.04,110,0
CDL.US,5,20230627,172000,56.0441,56.0441,56.0441,56.0441,113,0
CDL.US,5,20230627,172500,56.01,56.01,56.005,56.005,500,0
CDL.US,5,20230627,174000,55.9861,55.9861,55.9861,55.9861,155,0
CDL.US,5,20230627,183000,56.0409,56.0409,56.0409,56.0409,174,0
CDL.US,5,20230627,183500,56.1022,56.1022,56.1022,56.1022,898,0
CDL.US,5,20230627,190500,56.1171,56.1171,56.1171,56.1171,200,0
CDL.US,5,20230627,194000,56.14,56.14,56.14,56.14,104,0
CDL.US,5,20230627,200000,56.145,56.145,56.145,56.145,137,0
CDL.US,5,20230627,200500,56.1472,56.1472,56.1472,56.1472,602,0
CDL.US,5,20230627,202500,56.1775,56.1775,56.1775,56.1775,704,0
CDL.US,5,20230627,204000,56.14,56.14,56.14,56.14,108,0
CDL.US,5,20230627,205000,56.1428,56.1428,56.1428,56.1428,192,0
CDL.US,5,20230627,211000,56.149,56.16,56.1486,56.1486,1150,0
CDL.US,5,20230627,213500,56.18,56.19,56.14,56.1401,29845,0
CDL.US,5,20230627,214000,56.17,56.17,56.17,56.17,100,0
CDL.US,5,20230627,215500,56.11,56.11,56.11,56.11,100,0
CDL.US,5,20230628,153000,55.96,55.96,55.96,55.96,418,0
CDL.US,5,20230628,162500,55.62,55.62,55.62,55.62,105,0
CDL.US,5,20230628,163500,55.622,55.622,55.622,55.622,397,0
CDL.US,5,20230628,164500,55.55,55.5725,55.5402,55.5402,5273,0
CDL.US,5,20230628,165500,55.5689,55.5689,55.5689,55.5689,1172,0
CDL.US,5,20230628,170500,55.5735,55.5735,55.5735,55.5735,192,0
CDL.US,5,20230628,173500,55.7351,55.7351,55.7351,55.7351,320,0
CDL.US,5,20230628,174500,55.7186,55.76,55.7186,55.76,750,0
CDL.US,5,20230628,175000,55.7224,55.7224,55.7224,55.7224,175,0
CDL.US,5,20230628,181000,55.7201,55.7201,55.7201,55.7201,514,0
CDL.US,5,20230628,183000,55.812,55.812,55.812,55.812,125,0
CDL.US,5,20230628,184500,55.73,55.73,55.72,55.72,12382,0
CDL.US,5,20230628,185000,55.6723,55.6723,55.6723,55.6723,168,0
CDL.US,5,20230628,185500,55.6138,55.6138,55.6138,55.6138,1786,0
CDL.US,5,20230628,190000,55.66,55.6819,55.66,55.6819,339,0
CDL.US,5,20230628,191500,55.6582,55.6582,55.6582,55.6582,202,0
CDL.US,5,20230628,192000,55.6902,55.6902,55.6902,55.6902,177,0
CDL.US,5,20230628,192500,55.72,55.72,55.72,55.72,182,0
CDL.US,5,20230628,200500,55.6726,55.6726,55.6726,55.6726,251,0
CDL.US,5,20230628,201000,55.6799,55.6799,55.6799,55.6799,1000,0
CDL.US,5,20230628,203000,55.6702,55.6702,55.6702,55.6702,1368,0
CDL.US,5,20230628,205500,55.67,55.67,55.65,55.65,6788,0
CDL.US,5,20230628,211500,55.7166,55.7166,55.7166,55.7166,150,0
CDL.US,5,20230628,213000,55.7225,55.7225,55.71,55.71,425,0
CDL.US,5,20230628,214000,55.7095,55.7095,55.7095,55.7095,271,0
CDL.US,5,20230628,215000,55.775,55.775,55.72,55.72,2007,0
CDL.US,5,20230628,215500,55.751,55.751,55.751,55.751,137,0
CDL.US,5,20230629,153000,55.79,55.79,55.79,55.79,2398,0
CDL.US,5,20230629,164000,55.9948,55.9948,55.9775,55.9775,225,0
CDL.US,5,20230629,170000,55.9807,55.9807,55.9807,55.9807,107,0
CDL.US,5,20230629,170500,56.02,56.02,56.02,56.02,1300,0
CDL.US,5,20230629,171500,55.9991,55.9991,55.9991,55.9991,371,0
CDL.US,5,20230629,172000,55.97,55.97,55.97,55.97,100,0
CDL.US,5,20230629,172500,55.98,55.98,55.98,55.98,100,0
CDL.US,5,20230629,175000,56.0441,56.0441,56.0441,56.0441,397,0
CDL.US,5,20230629,175500,56.0426,56.0426,56.0426,56.0426,115,0
CDL.US,5,20230629,180000,56.059,56.06,56.059,56.06,400,0
CDL.US,5,20230629,181500,56.0928,56.1096,56.0928,56.1096,392,0
CDL.US,5,20230629,182500,56.18,56.18,56.18,56.18,372,0
CDL.US,5,20230629,183000,56.19,56.19,56.19,56.19,100,0
CDL.US,5,20230629,184000,56.2,56.2,56.2,56.2,100,0
CDL.US,5,20230629,185500,56.18,56.18,56.18,56.18,100,0
CDL.US,5,20230629,193500,56.115,56.1252,56.115,56.1252,1934,0
CDL.US,5,20230629,194000,56.1565,56.1565,56.1565,56.1565,1215,0
CDL.US,5,20230629,194500,56.12,56.16,56.12,56.16,216,0
CDL.US,5,20230629,200500,56.01,56.01,56.01,56.01,100,0
CDL.US,5,20230629,203000,56.06,56.06,56.06,56.06,100,0
CDL.US,5,20230629,203500,56.0927,56.0927,56.0634,56.0634,575,0
CDL.US,5,20230629,205000,56.0501,56.0501,56.0501,56.0501,670,0
CDL.US,5,20230629,211000,56.1139,56.1139,56.1139,56.1139,236,0
CDL.US,5,20230629,211500,56.1262,56.1262,56.1185,56.1199,4860,0
CDL.US,5,20230629,212000,56.12,56.12,56.12,56.12,504,0
CDL.US,5,20230629,213500,56.11,56.11,56.11,56.11,1019,0
CDL.US,5,20230629,214000,56.0931,56.0931,56.0931,56.0931,505,0
CDL.US,5,20230629,215500,56.1421,56.18,56.1421,56.18,550,0
CDL.US,5,20230630,153000,56.35,56.35,56.35,56.35,595,0
CDL.US,5,20230630,154000,56.445,56.445,56.445,56.445,159,0
CDL.US,5,20230630,155000,56.44,56.44,56.44,56.44,125,0
CDL.US,5,20230630,160000,56.445,56.445,56.445,56.445,103,0
CDL.US,5,20230630,161500,56.4279,56.4279,56.4279,56.4279,137,0
CDL.US,5,20230630,162500,56.42,56.43,56.395,56.4183,7800,0
CDL.US,5,20230630,163000,56.4388,56.4388,56.4388,56.4388,445,0
CDL.US,5,20230630,163500,56.4,56.4,56.4,56.4,100,0
CDL.US,5,20230630,170000,56.355,56.355,56.3216,56.3216,891,0
CDL.US,5,20230630,174000,56.335,56.335,56.335,56.335,600,0
CDL.US,5,20230630,180000,56.3536,56.3536,56.3536,56.3536,123,0
CDL.US,5,20230630,182000,56.3772,56.3772,56.3772,56.3772,178,0
CDL.US,5,20230630,182500,56.411,56.411,56.411,56.411,100,0
CDL.US,5,20230630,183500,56.42,56.47,56.42,56.46,64974,0
CDL.US,5,20230630,184000,56.4564,56.4564,56.4564,56.4564,1228,0
CDL.US,5,20230630,184500,56.4567,56.4567,56.455,56.455,1206,0
CDL.US,5,20230630,190000,56.47,56.47,56.47,56.47,300,0
CDL.US,5,20230630,190500,56.4601,56.4601,56.4601,56.4601,553,0
CDL.US,5,20230630,191000,56.48,56.48,56.48,56.48,100,0
CDL.US,5,20230630,192000,56.5218,56.5218,56.5218,56.5218,100,0
CDL.US,5,20230630,193000,56.56,56.56,56.56,56.56,100,0
CDL.US,5,20230630,195000,56.5842,56.5842,56.5842,56.5842,200,0
CDL.US,5,20230630,200000,56.53,56.53,56.53,56.53,174,0
CDL.US,5,20230630,205500,56.64,56.6589,56.64,56.6589,515,0
CDL.US,5,20230630,211500,56.6166,56.65,56.6166,56.65,600,0
CDL.US,5,20230630,212000,56.63,56.63,56.61,56.61,400,0
CDL.US,5,20230630,213000,56.6541,56.6541,56.6541,56.6541,300,0
CDL.US,5,20230630,214500,56.59,56.59,56.59,56.59,128,0
CDL.US,5,20230630,215000,56.62,56.6208,56.62,56.6208,721,0
CDL.US,5,20230630,215500,56.565,56.565,56.565,56.565,100,0
CDL.US,5,20230703,153000,56.54,56.54,56.54,56.54,159,0
CDL.US,5,20230703,154000,56.623,56.623,56.623,56.623,353,0
CDL.US,5,20230703,155000,56.62,56.62,56.62,56.62,400,0
CDL.US,5,20230703,160500,56.775,56.78,56.775,56.78,355,0
CDL.US,5,20230703,164500,56.9377,56.9377,56.9377,56.9377,195,0
CDL.US,5,20230703,170500,56.9392,56.9392,56.9392,56.9392,1319,0
CDL.US,5,20230703,171500,56.92,56.92,56.91,56.92,300,0
CDL.US,5,20230703,172000,56.8746,56.8746,56.8746,56.8746,320,0
CDL.US,5,20230703,172500,56.8801,56.8801,56.8801,56.8801,1104,0
CDL.US,5,20230703,173000,56.9577,56.96,56.9577,56.96,360,0
CDL.US,5,20230703,173500,56.98,56.98,56.9715,56.9715,1138,0
CDL.US,5,20230703,175500,56.9397,56.9397,56.9397,56.9397,178,0
CDL.US,5,20230703,180000,56.95,56.95,56.95,56.95,100,0
CDL.US,5,20230703,180500,56.9581,57.0099,56.9581,57.0099,572,0
CDL.US,5,20230703,182000,56.9632,56.9632,56.9632,56.9632,175,0
CDL.US,5,20230703,183500,56.93,56.93,56.93,56.93,700,0
CDL.US,5,20230705,153000,56.67,56.67,56.6347,56.6347,819,0
CDL.US,5,20230705,154000,56.47,56.47,56.47,56.47,100,0
CDL.US,5,20230705,161000,56.6565,56.6565,56.6565,56.6565,200,0
CDL.US,5,20230705,162000,56.5901,56.5901,56.5901,56.5901,915,0
CDL.US,5,20230705,164500,56.6714,56.6714,56.6714,56.6714,176,0
CDL.US,5,20230705,165500,56.7801,56.7801,56.7801,56.7801,818,0
CDL.US,5,20230705,170000,56.8199,56.8199,56.8199,56.8199,400,0
CDL.US,5,20230705,170500,56.8054,56.8054,56.8054,56.8054,110,0
CDL.US,5,20230705,171500,56.84,56.84,56.84,56.84,200,0
CDL.US,5,20230705,174000,57.0027,57.0027,57.0027,57.0027,465,0
CDL.US,5,20230705,175500,56.9528,56.9528,56.9528,56.9528,100,0
CDL.US,5,20230705,181500,56.8985,56.8985,56.8985,56.8985,242,0
CDL.US,5,20230705,182000,56.9214,56.9214,56.9214,56.9214,126,0
CDL.US,5,20230705,183000,56.9,56.9,56.9,56.9,439,0
CDL.US,5,20230705,191000,56.8757,56.8757,56.8757,56.8757,3576,0
CDL.US,5,20230705,195000,56.8908,56.8908,56.8908,56.8908,218,0
CDL.US,5,20230705,205000,56.8639,56.8639,56.8639,56.8639,235,0
CDL.US,5,20230705,205500,56.8791,56.8791,56.8791,56.8791,116,0
CDL.US,5,20230705,210500,56.94,56.94,56.94,56.94,2633,0
CDL.US,5,20230705,211500,56.95,56.95,56.95,56.95,4654,0
CDL.US,5,20230705,213000,56.8745,56.8745,56.8745,56.8745,648,0
CDL.US,5,20230706,153000,56.49,56.49,56.49,56.49,1915,0
CDL.US,5,20230706,164000,55.915,55.915,55.915,55.915,131,0
CDL.US,5,20230706,172000,56.04,56.04,56.04,56.04,100,0
CDL.US,5,20230706,175000,56.1396,56.1396,56.1396,56.1396,207,0
CDL.US,5,20230706,180500,56.125,56.125,56.125,56.125,112,0
CDL.US,5,20230706,182000,56.16,56.16,56.16,56.16,397,0
CDL.US,5,20230706,192000,56.2166,56.2166,56.2166,56.2166,307,0
CDL.US,5,20230706,193000,56.2436,56.2436,56.2436,56.2436,134,0
CDL.US,5,20230706,195500,56.295,56.295,56.295,56.295,100,0
CDL.US,5,20230706,203000,56.3,56.3,56.3,56.3,100,0
CDL.US,5,20230706,204000,56.32,56.325,56.32,56.325,5463,0
CDL.US,5,20230706,205500,56.3387,56.3387,56.3387,56.3387,252,0
CDL.US,5,20230706,211000,56.3529,56.3529,56.3529,56.3529,261,0
CDL.US,5,20230706,213500,56.3699,56.3699,56.3699,56.3699,276,0
CDL.US,5,20230707,153000,56.16,56.16,56.16,56.16,551,0
CDL.US,5,20230707,155500,56.3881,56.3881,56.3881,56.3881,192,0
CDL.US,5,20230707,160500,56.35,56.35,56.35,56.35,121,0
CDL.US,5,20230707,165500,56.53,56.53,56.53,56.53,432,0
CDL.US,5,20230707,170000,56.4935,56.4935,56.4935,56.4935,130,0
CDL.US,5,20230707,171500,56.451,56.451,56.451,56.451,137,0
CDL.US,5,20230707,172000,56.53,56.53,56.53,56.53,100,0
CDL.US,5,20230707,172500,56.531,56.531,56.531,56.531,575,0
CDL.US,5,20230707,173000,56.65,56.65,56.65,56.65,140,0
CDL.US,5,20230707,180500,56.5699,56.5699,56.5699,56.5699,585,0
CDL.US,5,20230707,184000,56.6832,56.7163,56.6832,56.7163,3313,0
CDL.US,5,20230707,195500,56.669,56.669,56.669,56.669,2500,0
CDL.US,5,20230707,205000,56.68,56.68,56.6705,56.6705,4600,0
CDL.US,5,20230707,211500,56.6031,56.6031,56.6031,56.6031,800,0
CDL.US,5,20230707,212500,56.5968,56.5968,56.5968,56.5968,250,0
CDL.US,5,20230707,213000,56.58,56.58,56.58,56.58,1183,0
CDL.US,5,20230707,215500,56.31,56.32,56.31,56.32,647,0
