<TICKER>,<PER>,<DATE>,<TIME>,<OPEN>,<HIGH>,<LOW>,<CLOSE>,<VOL>,<OPENINT>
CFA.US,5,20230522,154000,68.45,68.45,68.45,68.45,100,0
CFA.US,5,20230522,155000,68.23,68.23,68.23,68.23,5000,0
CFA.US,5,20230522,165000,67.951,67.951,67.951,67.951,113,0
CFA.US,5,20230522,165500,68.01,68.01,68.01,68.01,200,0
CFA.US,5,20230522,174500,68.121,68.121,68.121,68.121,324,0
CFA.US,5,20230522,175000,68.13,68.14,68.13,68.14,1401,0
CFA.US,5,20230522,180500,68.22,68.22,68.22,68.22,100,0
CFA.US,5,20230522,181000,68.2482,68.2482,68.2482,68.2482,189,0
CFA.US,5,20230522,182000,68.2,68.2,68.2,68.2,1100,0
CFA.US,5,20230522,183000,68.19,68.19,68.19,68.19,100,0
CFA.US,5,20230522,191000,68.19,68.19,68.15,68.15,1100,0
CFA.US,5,20230522,200000,68.19,68.19,68.19,68.19,100,0
CFA.US,5,20230522,201500,68.23,68.23,68.23,68.23,100,0
CFA.US,5,20230522,203500,68.3,68.3,68.3,68.3,459,0
CFA.US,5,20230522,204000,68.3,68.3,68.3,68.3,151,0
CFA.US,5,20230522,204500,68.3,68.3,68.3,68.3,100,0
CFA.US,5,20230522,205500,68.29,68.29,68.29,68.29,100,0
CFA.US,5,20230522,211500,68.29,68.29,68.29,68.29,100,0
CFA.US,5,20230522,212000,68.25,68.25,68.25,68.25,100,0
CFA.US,5,20230522,212500,68.22,68.22,68.19,68.19,200,0
CFA.US,5,20230522,213000,68.19,68.19,68.17,68.18,700,0
CFA.US,5,20230522,213500,68.18,68.18,68.15,68.17,500,0
CFA.US,5,20230522,214000,68.17,68.18,68.16,68.16,500,0
CFA.US,5,20230522,214500,68.17,68.19,68.14,68.14,820,0
CFA.US,5,20230522,215000,68.11,68.18,68.11,68.1799,1000,0
CFA.US,5,20230522,215500,68.14,68.14,68.12,68.13,2045,0
CFA.US,5,20230523,153000,68.06,68.06,68.06,68.06,301,0
CFA.US,5,20230523,154000,67.85,67.85,67.85,67.85,100,0
CFA.US,5,20230523,161500,67.9003,67.9003,67.9003,67.9003,1151,0
CFA.US,5,20230523,163000,68.025,68.025,68.025,68.025,114,0
CFA.US,5,20230523,165500,67.91,67.9337,67.91,67.9337,274,0
CFA.US,5,20230523,170000,67.985,67.985,67.985,67.985,241,0
CFA.US,5,20230523,171500,67.96,67.96,67.96,67.96,100,0
CFA.US,5,20230523,172000,67.975,68,67.975,68,1700,0
CFA.US,5,20230523,182000,67.8663,67.8663,67.8663,67.8663,758,0
CFA.US,5,20230523,183500,67.84,67.84,67.84,67.84,100,0
CFA.US,5,20230523,185500,67.76,67.76,67.76,67.76,100,0
CFA.US,5,20230523,191000,67.82,67.82,67.82,67.82,116,0
CFA.US,5,20230523,192500,67.67,67.675,67.67,67.675,306,0
CFA.US,5,20230523,193000,67.6,67.6,67.55,67.55,1500,0
CFA.US,5,20230523,193500,67.64,67.64,67.64,67.64,180,0
CFA.US,5,20230523,194000,67.7,67.7,67.6935,67.6935,495,0
CFA.US,5,20230523,200000,67.7113,67.7113,67.7113,67.7113,314,0
CFA.US,5,20230523,210000,67.4916,67.4916,67.4916,67.4916,190,0
CFA.US,5,20230523,212500,67.495,67.495,67.495,67.495,160,0
CFA.US,5,20230523,213500,67.54,67.54,67.54,67.54,100,0
CFA.US,5,20230523,215000,67.48,67.48,67.46,67.46,200,0
CFA.US,5,20230523,215500,67.46,67.46,67.38,67.38,721,0
CFA.US,5,20230524,153000,67.23,67.23,67.23,67.23,383,0
CFA.US,5,20230524,164500,66.93,66.93,66.9,66.9,300,0
CFA.US,5,20230524,171000,66.8,66.8,66.8,66.8,300,0
CFA.US,5,20230524,171500,66.82,66.82,66.82,66.82,107,0
CFA.US,5,20230524,172500,66.92,66.92,66.9,66.9,200,0
CFA.US,5,20230524,173000,66.86,66.885,66.831,66.831,772,0
CFA.US,5,20230524,175000,66.8,66.8,66.8,66.8,2562,0
CFA.US,5,20230524,180000,66.8,66.8,66.8,66.8,101,0
CFA.US,5,20230524,181000,66.7206,66.7799,66.7206,66.7799,2445,0
CFA.US,5,20230524,181500,66.735,66.735,66.735,66.735,243,0
CFA.US,5,20230524,185000,66.8039,66.83,66.8039,66.83,322,0
CFA.US,5,20230524,193500,66.84,66.87,66.8106,66.86,10070,0
CFA.US,5,20230524,194500,66.87,66.87,66.87,66.87,1650,0
CFA.US,5,20230524,200000,66.815,66.831,66.815,66.831,291,0
CFA.US,5,20230524,201500,66.7796,66.7796,66.7624,66.7624,255,0
CFA.US,5,20230524,202000,66.755,66.755,66.755,66.755,253,0
CFA.US,5,20230524,204000,66.81,66.81,66.81,66.81,150,0
CFA.US,5,20230524,205000,66.77,66.77,66.76,66.76,200,0
CFA.US,5,20230524,211500,66.8595,66.8595,66.8595,66.8595,358,0
CFA.US,5,20230524,212500,66.98,66.98,66.98,66.98,100,0
CFA.US,5,20230524,214500,66.86,66.87,66.86,66.86,1000,0
CFA.US,5,20230524,215000,66.75,66.75,66.75,66.75,100,0
CFA.US,5,20230524,215500,66.8,66.8,66.74,66.74,1545,0
CFA.US,5,20230525,153000,66.69,66.69,66.69,66.69,615,0
CFA.US,5,20230525,153500,66.5662,66.59,66.565,66.59,482,0
CFA.US,5,20230525,154000,66.59,66.59,66.59,66.59,100,0
CFA.US,5,20230525,154500,66.7,66.7,66.67,66.67,2900,0
CFA.US,5,20230525,165500,66.55,66.55,66.55,66.55,120,0
CFA.US,5,20230525,171500,66.669,66.6699,66.53,66.53,1790,0
CFA.US,5,20230525,174000,66.324,66.324,66.324,66.324,157,0
CFA.US,5,20230525,174500,66.3352,66.3352,66.3352,66.3352,400,0
CFA.US,5,20230525,175000,66.37,66.37,66.37,66.37,100,0
CFA.US,5,20230525,181500,66.6229,66.6229,66.6229,66.6229,1918,0
CFA.US,5,20230525,182000,66.58,66.58,66.57,66.57,200,0
CFA.US,5,20230525,182500,66.531,66.56,66.531,66.56,522,0
CFA.US,5,20230525,185500,66.51,66.51,66.51,66.51,100,0
CFA.US,5,20230525,190500,66.5207,66.5207,66.5207,66.5207,596,0
CFA.US,5,20230525,192000,66.67,66.67,66.67,66.67,120,0
CFA.US,5,20230525,211000,66.7786,66.7786,66.7786,66.7786,150,0
CFA.US,5,20230525,212000,66.775,66.775,66.775,66.775,105,0
CFA.US,5,20230525,214000,66.88,66.8882,66.88,66.8882,665,0
CFA.US,5,20230525,214500,66.9266,66.9266,66.89,66.89,745,0
CFA.US,5,20230525,215500,66.7378,66.7378,66.7,66.7,510,0
CFA.US,5,20230526,153500,66.88,66.88,66.88,66.88,100,0
CFA.US,5,20230526,154000,67.045,67.045,67.045,67.045,711,0
CFA.US,5,20230526,163500,67.172,67.172,67.172,67.172,145,0
CFA.US,5,20230526,164000,67.24,67.24,67.24,67.24,100,0
CFA.US,5,20230526,165000,67.18,67.18,67.18,67.18,219,0
CFA.US,5,20230526,170000,67.19,67.19,67.15,67.15,440,0
CFA.US,5,20230526,170500,67.1299,67.1299,67.1299,67.1299,650,0
CFA.US,5,20230526,171000,67.0527,67.0527,67.0527,67.0527,100,0
CFA.US,5,20230526,172000,66.97,66.97,66.97,66.97,337,0
CFA.US,5,20230526,174500,67,67.0139,66.97,67.0139,887,0
CFA.US,5,20230526,180000,66.9801,66.9801,66.9801,66.9801,302,0
CFA.US,5,20230526,182000,67.0991,67.0991,67.0991,67.0991,251,0
CFA.US,5,20230526,183000,67.1796,67.1796,67.1796,67.1796,135,0
CFA.US,5,20230526,184500,67.17,67.17,67.1191,67.1191,867,0
CFA.US,5,20230526,191500,67.14,67.14,67.04,67.0495,400,0
CFA.US,5,20230526,195500,67.052,67.052,67.052,67.052,157,0
CFA.US,5,20230526,214000,67.27,67.27,67.26,67.26,400,0
CFA.US,5,20230526,215000,67.2,67.2,67.2,67.2,100,0
CFA.US,5,20230526,215500,67.15,67.15,67.15,67.15,247,0
CFA.US,5,20230530,154000,67.08,67.08,67.08,67.08,100,0
CFA.US,5,20230530,154500,67.11,67.11,67.11,67.11,100,0
CFA.US,5,20230530,162000,67.3,67.3,67.2,67.2,4550,0
CFA.US,5,20230530,165500,67.021,67.045,67.021,67.045,1500,0
CFA.US,5,20230530,170500,67.05,67.05,67.05,67.05,100,0
CFA.US,5,20230530,173000,66.945,66.945,66.945,66.945,400,0
CFA.US,5,20230530,174000,67.0093,67.0093,67.0093,67.0093,200,0
CFA.US,5,20230530,175000,66.9816,66.9816,66.9816,66.9816,268,0
CFA.US,5,20230530,180000,67.04,67.04,67.04,67.04,200,0
CFA.US,5,20230530,182000,67.0359,67.0359,67.0359,67.0359,115,0
CFA.US,5,20230530,183500,67.01,67.01,67.01,67.01,100,0
CFA.US,5,20230530,190000,67.025,67.025,67.025,67.025,135,0
CFA.US,5,20230530,191000,66.957,66.957,66.94,66.94,398,0
CFA.US,5,20230530,201000,66.8702,66.8702,66.8702,66.8702,230,0
CFA.US,5,20230530,203000,67.06,67.06,67.06,67.06,519,0
CFA.US,5,20230530,204500,67.14,67.14,67.14,67.14,100,0
CFA.US,5,20230530,205000,67.06,67.06,67.06,67.06,100,0
CFA.US,5,20230530,205500,67.07,67.07,67.061,67.061,224,0
CFA.US,5,20230530,212500,67.0568,67.0568,67.0568,67.0568,172,0
CFA.US,5,20230530,213000,67.07,67.07,67.07,67.07,100,0
CFA.US,5,20230530,215000,67.03,67.03,67.02,67.02,200,0
CFA.US,5,20230530,215500,67.0853,67.0853,67.03,67.03,342,0
CFA.US,5,20230531,153000,66.86,66.86,66.86,66.86,775,0
CFA.US,5,20230531,153500,66.67,66.67,66.67,66.67,500,0
CFA.US,5,20230531,154500,66.62,66.62,66.54,66.54,200,0
CFA.US,5,20230531,160500,66.42,66.42,66.42,66.42,100,0
CFA.US,5,20230531,161500,66.395,66.395,66.395,66.395,104,0
CFA.US,5,20230531,162500,66.36,66.36,66.36,66.36,1994,0
CFA.US,5,20230531,163000,66.24,66.24,66.231,66.231,1010,0
CFA.US,5,20230531,172500,66.23,66.23,66.23,66.23,100,0
CFA.US,5,20230531,174000,66.2961,66.2961,66.2961,66.2961,118,0
CFA.US,5,20230531,175000,66.2279,66.2279,66.2279,66.2279,163,0
CFA.US,5,20230531,184500,66.43,66.43,66.43,66.43,100,0
CFA.US,5,20230531,185000,66.38,66.38,66.38,66.38,700,0
CFA.US,5,20230531,190500,66.4285,66.4285,66.4285,66.4285,172,0
CFA.US,5,20230531,191500,66.4733,66.4733,66.4733,66.4733,136,0
CFA.US,5,20230531,193000,66.5013,66.5013,66.5013,66.5013,172,0
CFA.US,5,20230531,193500,66.45,66.45,66.45,66.45,100,0
CFA.US,5,20230531,194000,66.5731,66.5731,66.5731,66.5731,169,0
CFA.US,5,20230531,201500,66.59,66.59,66.59,66.59,100,0
CFA.US,5,20230531,204500,66.56,66.56,66.54,66.54,13341,0
CFA.US,5,20230531,205000,66.54,66.54,66.5167,66.5167,250,0
CFA.US,5,20230531,205500,66.52,66.52,66.51,66.515,300,0
CFA.US,5,20230531,210000,66.52,66.52,66.52,66.52,200,0
CFA.US,5,20230531,211500,66.5585,66.5585,66.5585,66.5585,111,0
CFA.US,5,20230531,212000,66.53,66.53,66.53,66.53,100,0
CFA.US,5,20230531,213500,66.57,66.57,66.57,66.57,125,0
CFA.US,5,20230531,214000,66.58,66.58,66.58,66.58,117,0
CFA.US,5,20230531,214500,66.6,66.6,66.6,66.6,300,0
CFA.US,5,20230531,215000,66.51,66.51,66.51,66.51,100,0
CFA.US,5,20230531,215500,66.44,66.44,66.44,66.44,400,0
CFA.US,5,20230601,153000,66.7,66.7,66.7,66.7,316,0
CFA.US,5,20230601,154000,66.46,66.46,66.37,66.37,300,0
CFA.US,5,20230601,161500,66.61,66.61,66.6,66.6,200,0
CFA.US,5,20230601,164000,66.7,66.7,66.7,66.7,100,0
CFA.US,5,20230601,164500,66.69,66.69,66.69,66.69,100,0
CFA.US,5,20230601,170000,66.7787,66.7787,66.72,66.72,331,0
CFA.US,5,20230601,171000,66.72,66.72,66.72,66.72,826,0
CFA.US,5,20230601,172000,66.79,66.79,66.79,66.79,100,0
CFA.US,5,20230601,191500,67,67,67,67,201,0
CFA.US,5,20230601,195500,66.9801,67.01,66.9801,67.01,604,0
CFA.US,5,20230601,214500,66.92,66.92,66.92,66.92,333,0
CFA.US,5,20230601,215500,66.95,66.96,66.95,66.96,567,0
CFA.US,5,20230602,153000,67.62,67.62,67.62,67.62,120,0
CFA.US,5,20230602,154000,67.69,67.69,67.69,67.69,100,0
CFA.US,5,20230602,155500,67.68,67.68,67.6,67.6,200,0
CFA.US,5,20230602,171500,68.199,68.2,68.19,68.2,3967,0
CFA.US,5,20230602,173500,68.16,68.16,68.16,68.16,100,0
CFA.US,5,20230602,180500,68.205,68.205,68.205,68.205,124,0
CFA.US,5,20230602,183000,68.2595,68.269,68.245,68.245,1028,0
CFA.US,5,20230602,184000,68.26,68.26,68.26,68.26,100,0
CFA.US,5,20230602,190000,68.34,68.34,68.34,68.34,100,0
CFA.US,5,20230602,193500,68.3976,68.3976,68.3976,68.3976,121,0
CFA.US,5,20230602,204500,68.419,68.419,68.419,68.419,200,0
CFA.US,5,20230602,210000,68.43,68.43,68.43,68.43,100,0
CFA.US,5,20230602,214500,68.44,68.46,68.44,68.46,200,0
CFA.US,5,20230605,153000,68.33,68.33,68.33,68.33,2222,0
CFA.US,5,20230605,160000,68.38,68.38,68.34,68.34,200,0
CFA.US,5,20230605,163500,68.1158,68.1158,68.1158,68.1158,588,0
CFA.US,5,20230605,164000,68.15,68.15,68.15,68.15,100,0
CFA.US,5,20230605,165000,68.224,68.2486,68.224,68.24,538,0
CFA.US,5,20230605,171000,68.2149,68.2149,68.2149,68.2149,161,0
CFA.US,5,20230605,173000,68.2983,68.2983,68.2983,68.2983,477,0
CFA.US,5,20230605,182500,68.3211,68.3211,68.3211,68.3211,119,0
CFA.US,5,20230605,190000,68.345,68.345,68.345,68.345,117,0
CFA.US,5,20230605,191500,68.26,68.26,68.26,68.26,100,0
CFA.US,5,20230605,203000,68.175,68.175,68.07,68.07,1400,0
CFA.US,5,20230605,203500,68.07,68.07,68.07,68.07,100,0
CFA.US,5,20230605,204000,68.075,68.075,68.075,68.075,100,0
CFA.US,5,20230605,204500,68.06,68.06,68.06,68.06,100,0
CFA.US,5,20230605,210000,68.105,68.105,68.03,68.03,500,0
CFA.US,5,20230605,210500,68.0765,68.0765,68.0765,68.0765,259,0
CFA.US,5,20230605,212500,68.13,68.13,68.13,68.13,100,0
CFA.US,5,20230605,214500,68.205,68.205,68.205,68.205,100,0
CFA.US,5,20230605,215000,68.205,68.205,68.205,68.205,330,0
CFA.US,5,20230605,215500,68.11,68.17,68.11,68.12,1918,0
CFA.US,5,20230606,153000,68.25,68.25,68.25,68.25,1443,0
CFA.US,5,20230606,165500,68.47,68.47,68.47,68.47,200,0
CFA.US,5,20230606,172500,68.4,68.4,68.4,68.4,100,0
CFA.US,5,20230606,192500,68.27,68.27,68.27,68.27,100,0
CFA.US,5,20230606,193000,68.27,68.27,68.26,68.26,200,0
CFA.US,5,20230606,194500,68.275,68.275,68.2384,68.2384,1586,0
CFA.US,5,20230606,202500,68.355,68.355,68.355,68.355,250,0
CFA.US,5,20230606,203000,68.34,68.34,68.34,68.34,100,0
CFA.US,5,20230606,205500,68.3983,68.3983,68.3983,68.3983,300,0
CFA.US,5,20230606,210500,68.44,68.44,68.44,68.44,100,0
CFA.US,5,20230606,213500,68.49,68.49,68.49,68.49,100,0
CFA.US,5,20230606,215000,68.5599,68.5599,68.5119,68.5119,335,0
CFA.US,5,20230606,215500,68.54,68.5799,68.48,68.48,1140,0
CFA.US,5,20230607,154000,68.595,68.595,68.595,68.595,100,0
CFA.US,5,20230607,161500,68.7278,68.7278,68.7278,68.7278,200,0
CFA.US,5,20230607,162000,68.775,68.775,68.775,68.775,117,0
CFA.US,5,20230607,162500,68.72,68.72,68.72,68.72,100,0
CFA.US,5,20230607,170000,68.845,68.845,68.845,68.845,815,0
CFA.US,5,20230607,174000,68.89,68.89,68.89,68.89,400,0
CFA.US,5,20230607,175500,68.7543,68.7543,68.7543,68.7543,246,0
CFA.US,5,20230607,180500,68.81,68.81,68.81,68.81,102,0
CFA.US,5,20230607,181000,68.7817,68.7817,68.7817,68.7817,102,0
CFA.US,5,20230607,182500,68.8097,68.8097,68.8097,68.8097,105,0
CFA.US,5,20230607,184000,68.86,68.86,68.86,68.86,104,0
CFA.US,5,20230607,185500,68.7925,68.81,68.7925,68.81,2932,0
CFA.US,5,20230607,190000,68.8,68.8,68.76,68.76,300,0
CFA.US,5,20230607,190500,68.8088,68.8088,68.77,68.78,590,0
CFA.US,5,20230607,191000,68.8,68.83,68.76,68.76,6263,0
CFA.US,5,20230607,191500,68.8,68.8,68.79,68.79,400,0
CFA.US,5,20230607,192000,68.75,68.75,68.73,68.73,400,0
CFA.US,5,20230607,192500,68.73,68.79,68.73,68.79,600,0
CFA.US,5,20230607,193000,68.75,68.75,68.73,68.74,300,0
CFA.US,5,20230607,193500,68.73,68.73,68.73,68.73,500,0
CFA.US,5,20230607,194000,68.71,68.75,68.71,68.75,500,0
CFA.US,5,20230607,194500,68.76,68.76,68.73,68.75,400,0
CFA.US,5,20230607,195000,68.72,68.76,68.72,68.76,500,0
CFA.US,5,20230607,195500,68.78,68.8,68.78,68.8,500,0
CFA.US,5,20230607,200000,68.815,68.82,68.81,68.82,700,0
CFA.US,5,20230607,200500,68.85,68.85,68.84,68.84,400,0
CFA.US,5,20230607,201000,68.82,68.82,68.81,68.81,400,0
CFA.US,5,20230607,201500,68.82,68.83,68.82,68.83,400,0
CFA.US,5,20230607,202000,68.86,68.86,68.84,68.84,600,0
CFA.US,5,20230607,202500,68.85,68.85,68.83,68.83,400,0
CFA.US,5,20230607,203000,68.85,68.85,68.82,68.82,600,0
CFA.US,5,20230607,203500,68.82,68.85,68.82,68.85,400,0
CFA.US,5,20230607,204000,68.83,68.84,68.83,68.83,8900,0
CFA.US,5,20230607,204500,68.81,68.82,68.81,68.82,600,0
CFA.US,5,20230607,205000,68.82,68.86,68.82,68.86,500,0
CFA.US,5,20230607,205500,68.855,68.86,68.85,68.86,950,0
CFA.US,5,20230607,210000,68.85,68.86,68.85,68.86,400,0
CFA.US,5,20230607,210500,68.87,68.87,68.85,68.85,300,0
CFA.US,5,20230607,211000,68.85,68.86,68.83,68.85,600,0
CFA.US,5,20230607,211500,68.87,68.89,68.87,68.89,500,0
CFA.US,5,20230607,212000,68.91,68.92,68.91,68.92,600,0
CFA.US,5,20230607,212500,68.91,68.91,68.88,68.88,500,0
CFA.US,5,20230607,213000,68.91,68.93,68.91,68.93,1021,0
CFA.US,5,20230607,213500,68.92,68.92,68.9,68.9,400,0
CFA.US,5,20230607,214000,68.88,68.925,68.88,68.925,600,0
CFA.US,5,20230607,214500,68.91,68.92,68.91,68.92,700,0
CFA.US,5,20230607,215000,68.93,68.93,68.82,68.82,700,0
CFA.US,5,20230607,215500,68.81,68.87,68.75,68.87,599,0
CFA.US,5,20230608,153000,68.95,68.95,68.95,68.95,174,0
CFA.US,5,20230608,154000,68.78,68.78,68.78,68.78,200,0
CFA.US,5,20230608,155500,68.6329,68.6329,68.6329,68.6329,775,0
CFA.US,5,20230608,160500,68.72,68.72,68.72,68.72,180,0
CFA.US,5,20230608,164500,68.71,68.735,68.71,68.735,507,0
CFA.US,5,20230608,174500,68.7213,68.7213,68.7213,68.7213,294,0
CFA.US,5,20230608,182500,68.861,68.9,68.861,68.9,400,0
CFA.US,5,20230608,184000,68.85,68.85,68.85,68.85,100,0
CFA.US,5,20230608,185000,68.8899,68.8899,68.8899,68.8899,405,0
CFA.US,5,20230608,191000,68.88,68.88,68.88,68.88,100,0
CFA.US,5,20230608,192000,68.905,68.905,68.905,68.905,230,0
CFA.US,5,20230608,193000,68.87,68.87,68.87,68.87,125,0
CFA.US,5,20230608,211500,68.9307,68.9307,68.9307,68.9307,922,0
CFA.US,5,20230608,215500,68.94,68.94,68.94,68.94,336,0
CFA.US,5,20230609,153000,68.85,68.85,68.85,68.85,104,0
CFA.US,5,20230609,160500,68.93,68.93,68.93,68.93,421,0
CFA.US,5,20230609,163500,68.955,68.9869,68.955,68.9869,315,0
CFA.US,5,20230609,164500,69.045,69.045,69.045,69.045,497,0
CFA.US,5,20230609,165000,68.9799,68.9799,68.9799,68.9799,1000,0
CFA.US,5,20230609,170000,68.965,68.965,68.965,68.965,236,0
CFA.US,5,20230609,171500,68.8556,68.8556,68.8556,68.8556,1056,0
CFA.US,5,20230609,173000,68.625,68.625,68.625,68.625,205,0
CFA.US,5,20230609,175000,68.6987,68.6987,68.6987,68.6987,255,0
CFA.US,5,20230609,195000,68.769,68.769,68.769,68.769,100,0
CFA.US,5,20230609,200000,68.76,68.7707,68.76,68.7707,997,0
CFA.US,5,20230609,200500,68.76,68.78,68.76,68.78,400,0
CFA.US,5,20230609,201000,68.78,68.78,68.78,68.78,300,0
CFA.US,5,20230609,201500,68.78,68.78,68.78,68.78,950,0
CFA.US,5,20230609,202000,68.8,68.8,68.8,68.8,100,0
CFA.US,5,20230609,203000,68.74,68.74,68.74,68.74,1200,0
CFA.US,5,20230609,204500,68.73,68.73,68.73,68.73,1400,0
CFA.US,5,20230609,205500,68.73,68.75,68.73,68.74,2013,0
CFA.US,5,20230609,210500,68.75,68.75,68.74,68.74,1500,0
CFA.US,5,20230609,211000,68.7997,68.7997,68.7997,68.7997,475,0
CFA.US,5,20230609,211500,68.77,68.77,68.76,68.76,1500,0
CFA.US,5,20230609,212500,68.78,68.795,68.78,68.795,2800,0
CFA.US,5,20230609,213500,68.77,68.79,68.745,68.745,1585,0
CFA.US,5,20230609,214500,68.79,68.79,68.77,68.77,1400,0
CFA.US,5,20230609,215000,68.78,68.785,68.76,68.76,1100,0
CFA.US,5,20230609,215500,68.77,68.8,68.77,68.77,1062,0
CFA.US,5,20230612,153000,68.81,68.82,68.81,68.82,703,0
CFA.US,5,20230612,153500,68.71,68.85,68.71,68.85,500,0
CFA.US,5,20230612,154500,68.78,68.7884,68.765,68.765,700,0
CFA.US,5,20230612,162000,68.89,68.89,68.89,68.89,100,0
CFA.US,5,20230612,164000,68.745,68.745,68.745,68.745,410,0
CFA.US,5,20230612,165000,68.8199,68.8199,68.785,68.785,517,0
CFA.US,5,20230612,180000,68.945,68.945,68.945,68.945,337,0
CFA.US,5,20230612,182500,68.9501,68.9501,68.9501,68.9501,102,0
CFA.US,5,20230612,195000,68.92,68.92,68.92,68.92,148,0
CFA.US,5,20230612,205000,69.0381,69.0381,69.0381,69.0381,255,0
CFA.US,5,20230612,214000,69.219,69.219,69.195,69.195,938,0
CFA.US,5,20230612,214500,69.14,69.14,69.14,69.14,300,0
CFA.US,5,20230612,215500,69.16,69.16,69.16,69.16,204,0
CFA.US,5,20230613,153000,69.39,69.39,69.39,69.39,200,0
CFA.US,5,20230613,153500,69.46,69.5628,69.46,69.5628,1695,0
CFA.US,5,20230613,154500,69.69,69.69,69.69,69.69,100,0
CFA.US,5,20230613,155000,69.67,69.67,69.6699,69.67,732,0
CFA.US,5,20230613,160000,69.6393,69.6393,69.5949,69.5949,527,0
CFA.US,5,20230613,160500,69.69,69.69,69.6847,69.6847,672,0
CFA.US,5,20230613,161000,69.6728,69.69,69.6728,69.69,244,0
CFA.US,5,20230613,162500,69.6846,69.72,69.6846,69.72,271,0
CFA.US,5,20230613,163000,69.77,69.77,69.74,69.74,1717,0
CFA.US,5,20230613,165000,69.81,69.81,69.74,69.74,226,0
CFA.US,5,20230613,170500,69.7198,69.7198,69.675,69.675,758,0
CFA.US,5,20230613,185500,69.7766,69.7766,69.7766,69.7766,312,0
CFA.US,5,20230613,191500,69.8,69.8,69.8,69.8,500,0
CFA.US,5,20230613,192500,69.8301,69.8301,69.8301,69.8301,214,0
CFA.US,5,20230613,193500,69.8167,69.8167,69.8167,69.8167,230,0
CFA.US,5,20230613,194000,69.8063,69.8063,69.8063,69.8063,100,0
CFA.US,5,20230613,194500,69.83,69.83,69.83,69.83,685,0
CFA.US,5,20230613,201500,69.74,69.74,69.74,69.74,161,0
CFA.US,5,20230613,211000,69.78,69.78,69.7401,69.75,8813,0
CFA.US,5,20230613,212000,69.7922,69.7922,69.7922,69.7922,505,0
CFA.US,5,20230613,215500,69.77,69.78,69.77,69.78,400,0
CFA.US,5,20230614,153000,70,70,69.94,69.94,618,0
CFA.US,5,20230614,154000,70.05,70.05,70.05,70.05,100,0
CFA.US,5,20230614,155000,70.01,70.01,70.01,70.01,150,0
CFA.US,5,20230614,160000,69.97,69.97,69.95,69.95,200,0
CFA.US,5,20230614,162000,69.93,69.93,69.93,69.93,100,0
CFA.US,5,20230614,162500,69.955,69.99,69.955,69.9899,411,0
CFA.US,5,20230614,165500,69.985,69.985,69.985,69.985,116,0
CFA.US,5,20230614,170000,70.05,70.06,70.05,70.06,290,0
CFA.US,5,20230614,173500,70.1,70.1,70.1,70.1,100,0
CFA.US,5,20230614,184500,70.01,70.01,69.99,69.99,213,0
CFA.US,5,20230614,190000,69.98,69.98,69.98,69.98,100,0
CFA.US,5,20230614,191000,69.93,69.93,69.93,69.93,100,0
CFA.US,5,20230614,200000,69.66,69.66,69.66,69.66,100,0
CFA.US,5,20230614,201000,69.45,69.45,69.45,69.45,100,0
CFA.US,5,20230614,202500,69.365,69.365,69.365,69.365,170,0
CFA.US,5,20230614,203500,69.52,69.52,69.5,69.5,400,0
CFA.US,5,20230614,210000,69.73,69.73,69.73,69.73,100,0
CFA.US,5,20230614,211500,69.59,69.59,69.59,69.59,100,0
CFA.US,5,20230614,212500,69.78,69.78,69.7602,69.7602,411,0
CFA.US,5,20230614,213000,69.67,69.7302,69.67,69.7302,485,0
CFA.US,5,20230614,214500,69.59,69.61,69.59,69.61,382,0
CFA.US,5,20230614,215000,69.53,69.53,69.53,69.53,100,0
CFA.US,5,20230614,215500,69.77,69.77,69.69,69.69,382,0
CFA.US,5,20230615,153000,69.72,69.72,69.71,69.71,528,0
CFA.US,5,20230615,154500,69.77,69.85,69.77,69.85,1760,0
CFA.US,5,20230615,155000,69.9,69.9,69.9,69.9,100,0
CFA.US,5,20230615,163500,69.9097,69.9097,69.819,69.819,494,0
CFA.US,5,20230615,171500,70.0771,70.0771,70.0771,70.0771,1575,0
CFA.US,5,20230615,173000,70.15,70.15,70.1166,70.1166,448,0
CFA.US,5,20230615,173500,70.19,70.19,70.19,70.19,866,0
CFA.US,5,20230615,174000,70.19,70.19,70.19,70.19,1500,0
CFA.US,5,20230615,174500,70.165,70.165,70.165,70.165,141,0
CFA.US,5,20230615,183000,70.195,70.195,70.195,70.195,1575,0
CFA.US,5,20230615,184500,70.231,70.231,70.205,70.205,544,0
CFA.US,5,20230615,194000,70.24,70.2419,70.24,70.2419,242,0
CFA.US,5,20230615,195000,70.33,70.33,70.315,70.315,500,0
CFA.US,5,20230615,200000,70.36,70.36,70.3456,70.3456,208,0
CFA.US,5,20230615,200500,70.33,70.33,70.33,70.33,100,0
CFA.US,5,20230615,201500,70.34,70.34,70.34,70.34,140,0
CFA.US,5,20230615,203000,70.3755,70.3755,70.365,70.3658,957,0
CFA.US,5,20230615,203500,70.42,70.42,70.42,70.42,117,0
CFA.US,5,20230615,204000,70.43,70.4799,70.43,70.4799,383,0
CFA.US,5,20230615,212500,70.555,70.555,70.555,70.555,112,0
CFA.US,5,20230615,215500,70.54,70.54,70.47,70.52,916,0
CFA.US,5,20230616,153000,70.8145,70.8145,70.78,70.78,480,0
CFA.US,5,20230616,153500,70.78,70.78,70.78,70.78,500,0
CFA.US,5,20230616,154000,70.77,70.77,70.77,70.77,930,0
CFA.US,5,20230616,154500,70.67,70.67,70.67,70.67,500,0
CFA.US,5,20230616,155500,70.6451,70.6451,70.6451,70.6451,140,0
CFA.US,5,20230616,160000,70.6999,70.6999,70.6999,70.6999,200,0
CFA.US,5,20230616,162500,70.705,70.705,70.705,70.705,190,0
CFA.US,5,20230616,163500,70.745,70.7496,70.745,70.7496,836,0
CFA.US,5,20230616,165000,70.6122,70.645,70.6122,70.645,438,0
CFA.US,5,20230616,171000,70.606,70.606,70.606,70.606,250,0
CFA.US,5,20230616,172500,70.54,70.54,70.54,70.54,200,0
CFA.US,5,20230616,180000,70.52,70.52,70.52,70.52,600,0
CFA.US,5,20230616,180500,70.5053,70.5053,70.5053,70.5053,126,0
CFA.US,5,20230616,182000,70.5706,70.5706,70.56,70.56,387,0
CFA.US,5,20230616,183500,70.63,70.66,70.63,70.66,1753,0
CFA.US,5,20230616,185000,70.73,70.73,70.73,70.73,100,0
CFA.US,5,20230616,202500,70.55,70.55,70.55,70.55,325,0
CFA.US,5,20230616,213500,70.46,70.46,70.46,70.46,147,0
CFA.US,5,20230616,214500,70.49,70.49,70.49,70.49,100,0
CFA.US,5,20230616,215000,70.42,70.42,70.42,70.42,537,0
CFA.US,5,20230616,215500,70.56,70.59,70.56,70.59,260,0
CFA.US,5,20230620,153000,70.24,70.24,70.16,70.16,648,0
CFA.US,5,20230620,153500,70.04,70.04,70.04,70.04,551,0
CFA.US,5,20230620,154000,69.92,69.92,69.92,69.92,100,0
CFA.US,5,20230620,161500,69.89,69.89,69.89,69.89,200,0
CFA.US,5,20230620,163000,69.7359,69.7359,69.7359,69.7359,236,0
CFA.US,5,20230620,164500,69.795,69.795,69.795,69.795,100,0
CFA.US,5,20230620,171500,69.778,69.778,69.778,69.778,232,0
CFA.US,5,20230620,175000,69.87,69.87,69.87,69.87,150,0
CFA.US,5,20230620,181500,69.849,69.849,69.849,69.849,279,0
CFA.US,5,20230620,182500,69.92,69.92,69.92,69.92,100,0
CFA.US,5,20230620,183500,69.9,69.9,69.9,69.9,100,0
CFA.US,5,20230620,185500,70,70,70,70,100,0
CFA.US,5,20230620,191500,69.98,69.98,69.98,69.98,100,0
CFA.US,5,20230620,192500,70.03,70.03,70.03,70.03,127,0
CFA.US,5,20230620,193000,70.03,70.0399,70.02,70.0399,366,0
CFA.US,5,20230620,195000,70.01,70.01,70.01,70.01,100,0
CFA.US,5,20230620,200000,69.99,69.99,69.99,69.99,100,0
CFA.US,5,20230620,201500,69.97,69.97,69.97,69.97,100,0
CFA.US,5,20230620,203000,70.0049,70.0049,70.0049,70.0049,1537,0
CFA.US,5,20230620,203500,69.99,69.99,69.99,69.99,100,0
CFA.US,5,20230620,204500,69.8801,69.8801,69.8801,69.8801,650,0
CFA.US,5,20230620,205000,69.95,69.95,69.95,69.95,100,0
CFA.US,5,20230620,205500,69.96,69.96,69.96,69.96,100,0
CFA.US,5,20230620,211000,69.9521,69.9521,69.9521,69.9521,300,0
CFA.US,5,20230620,211500,69.95,69.95,69.95,69.95,100,0
CFA.US,5,20230620,212500,69.96,69.96,69.96,69.96,100,0
CFA.US,5,20230620,213000,69.93,69.93,69.93,69.93,200,0
CFA.US,5,20230620,214000,69.91,69.94,69.88,69.9399,1918,0
CFA.US,5,20230620,215500,69.88,69.93,69.88,69.93,334,0
CFA.US,5,20230621,153000,69.65,69.65,69.65,69.65,760,0
CFA.US,5,20230621,153500,69.51,69.51,69.51,69.51,100,0
CFA.US,5,20230621,154000,69.56,69.56,69.56,69.56,100,0
CFA.US,5,20230621,155000,69.73,69.73,69.73,69.73,125,0
CFA.US,5,20230621,161000,69.72,69.72,69.72,69.72,500,0
CFA.US,5,20230621,161500,69.86,69.86,69.8553,69.8553,350,0
CFA.US,5,20230621,164000,69.93,69.93,69.93,69.93,224,0
CFA.US,5,20230621,172500,69.9201,69.9201,69.9201,69.9201,280,0
CFA.US,5,20230621,175000,69.96,69.96,69.96,69.96,100,0
CFA.US,5,20230621,181500,70.0233,70.0325,70.02,70.02,708,0
CFA.US,5,20230621,182500,69.98,69.98,69.98,69.98,100,0
CFA.US,5,20230621,184500,69.8989,69.8989,69.8989,69.8989,150,0
CFA.US,5,20230621,185000,69.92,69.92,69.92,69.92,238,0
CFA.US,5,20230621,185500,69.91,69.91,69.91,69.91,100,0
CFA.US,5,20230621,191000,69.925,69.925,69.925,69.925,100,0
CFA.US,5,20230621,200500,69.975,69.975,69.975,69.975,100,0
CFA.US,5,20230621,205500,70.06,70.06,70.06,70.06,100,0
CFA.US,5,20230621,212000,69.99,69.9998,69.975,69.9998,520,0
CFA.US,5,20230621,213000,69.96,69.96,69.885,69.885,422,0
CFA.US,5,20230621,214500,69.93,69.945,69.93,69.9442,2073,0
CFA.US,5,20230621,215000,69.96,69.96,69.94,69.94,200,0
CFA.US,5,20230621,215500,69.845,69.88,69.845,69.88,226,0
CFA.US,5,20230622,153000,69.73,69.91,69.64,69.64,2110,0
CFA.US,5,20230622,153500,69.54,69.589,69.53,69.57,1600,0
CFA.US,5,20230622,154000,69.51,69.51,69.51,69.51,100,0
CFA.US,5,20230622,161000,69.7,69.74,69.7,69.74,600,0
CFA.US,5,20230622,161500,69.7457,69.7457,69.7457,69.7457,127,0
CFA.US,5,20230622,165000,69.59,69.59,69.59,69.59,202,0
CFA.US,5,20230622,181500,69.602,69.602,69.59,69.59,471,0
CFA.US,5,20230622,184000,69.65,69.65,69.65,69.65,200,0
CFA.US,5,20230622,190000,69.58,69.58,69.5581,69.5581,417,0
CFA.US,5,20230622,200000,69.67,69.67,69.67,69.67,300,0
CFA.US,5,20230622,201500,69.65,69.65,69.65,69.65,224,0
CFA.US,5,20230622,204500,69.75,69.75,69.73,69.7499,3050,0
CFA.US,5,20230622,205500,69.7039,69.7039,69.7039,69.7039,170,0
CFA.US,5,20230622,210000,69.7214,69.7308,69.7214,69.7308,484,0
CFA.US,5,20230622,211500,69.68,69.68,69.68,69.68,100,0
CFA.US,5,20230622,212000,69.6759,69.6759,69.6759,69.6759,194,0
CFA.US,5,20230622,212500,69.64,69.64,69.64,69.64,500,0
CFA.US,5,20230622,215500,69.76,69.76,69.59,69.59,212,0
CFA.US,5,20230623,153000,69.39,69.39,69.13,69.269,1308,0
CFA.US,5,20230623,153500,69.11,69.11,69.11,69.11,200,0
CFA.US,5,20230623,154500,69.32,69.32,69.3101,69.3101,374,0
CFA.US,5,20230623,155000,69.41,69.41,69.41,69.41,200,0
CFA.US,5,20230623,160500,69.46,69.46,69.46,69.46,100,0
CFA.US,5,20230623,171000,69.3337,69.3337,69.3337,69.3337,127,0
CFA.US,5,20230623,180500,69.35,69.35,69.35,69.35,150,0
CFA.US,5,20230623,181000,69.3599,69.3599,69.3415,69.3415,778,0
CFA.US,5,20230623,181500,69.3891,69.3891,69.3891,69.3891,147,0
CFA.US,5,20230623,195000,69.41,69.41,69.41,69.41,100,0
CFA.US,5,20230623,201500,69.2589,69.2589,69.2589,69.2589,265,0
CFA.US,5,20230623,214000,69.2305,69.2305,69.2305,69.2305,107,0
CFA.US,5,20230623,215500,69.2069,69.2069,69.2069,69.2069,108,0
CFA.US,5,20230626,154000,69.41,69.41,69.41,69.41,200,0
CFA.US,5,20230626,154500,69.5,69.5,69.5,69.5,600,0
CFA.US,5,20230626,155000,69.48,69.4891,69.48,69.4891,214,0
CFA.US,5,20230626,162000,69.3792,69.3792,69.3792,69.3792,135,0
CFA.US,5,20230626,173500,69.395,69.395,69.395,69.395,236,0
CFA.US,5,20230626,175000,69.47,69.48,69.46,69.46,666,0
CFA.US,5,20230626,180000,69.52,69.52,69.52,69.52,100,0
CFA.US,5,20230626,180500,69.46,69.46,69.46,69.46,100,0
CFA.US,5,20230626,190500,69.54,69.54,69.54,69.54,8220,0
CFA.US,5,20230626,193500,69.58,69.58,69.58,69.58,1700,0
CFA.US,5,20230626,195000,69.585,69.585,69.585,69.585,146,0
CFA.US,5,20230626,200000,69.53,69.53,69.53,69.53,100,0
CFA.US,5,20230626,203000,69.53,69.53,69.53,69.53,250,0
CFA.US,5,20230626,214500,69.515,69.515,69.515,69.515,100,0
CFA.US,5,20230626,215000,69.4441,69.4441,69.4441,69.4441,1558,0
CFA.US,5,20230626,215500,69.53,69.53,69.53,69.53,100,0
CFA.US,5,20230627,153500,69.64,69.64,69.64,69.64,100,0
CFA.US,5,20230627,160000,69.5469,69.5469,69.5469,69.5469,159,0
CFA.US,5,20230627,164000,69.77,69.77,69.77,69.77,378,0
CFA.US,5,20230627,173500,69.91,69.91,69.91,69.91,100,0
CFA.US,5,20230627,174000,69.92,69.92,69.92,69.92,170,0
CFA.US,5,20230627,180000,69.945,69.945,69.939,69.939,589,0
CFA.US,5,20230627,181500,69.968,69.968,69.968,69.968,2707,0
CFA.US,5,20230627,182500,70.001,70.01,70.001,70.01,535,0
CFA.US,5,20230627,190500,70.05,70.05,70.05,70.05,100,0
CFA.US,5,20230627,191000,70.025,70.025,70.025,70.025,100,0
CFA.US,5,20230627,195000,70.186,70.186,70.186,70.186,144,0
CFA.US,5,20230627,200000,70.18,70.18,70.18,70.18,200,0
CFA.US,5,20230627,202000,70.2,70.2,70.2,70.2,300,0
CFA.US,5,20230627,202500,70.22,70.22,70.22,70.22,333,0
CFA.US,5,20230627,203500,70.22,70.22,70.22,70.22,100,0
CFA.US,5,20230627,205500,70.165,70.165,70.15,70.15,1300,0
CFA.US,5,20230627,210000,70.16,70.1999,70.155,70.17,1711,0
CFA.US,5,20230627,212000,70.1765,70.19,70.1765,70.19,403,0
CFA.US,5,20230627,213500,70.22,70.22,70.22,70.22,104,0
CFA.US,5,20230627,215500,70.17,70.17,70.17,70.17,266,0
CFA.US,5,20230628,154500,69.87,69.87,69.87,69.87,100,0
CFA.US,5,20230628,160500,69.9068,69.94,69.9068,69.94,515,0
CFA.US,5,20230628,163000,69.88,69.88,69.871,69.871,200,0
CFA.US,5,20230628,164000,69.932,69.94,69.932,69.94,259,0
CFA.US,5,20230628,171000,69.875,69.875,69.875,69.875,112,0
CFA.US,5,20230628,173000,69.97,69.9799,69.97,69.9799,200,0
CFA.US,5,20230628,174000,70.0099,70.0099,70.0099,70.0099,150,0
CFA.US,5,20230628,180000,69.96,69.96,69.96,69.96,100,0
CFA.US,5,20230628,184000,69.98,69.98,69.91,69.91,500,0
CFA.US,5,20230628,184500,69.9343,69.9343,69.9343,69.9343,200,0
CFA.US,5,20230628,185000,69.84,69.85,69.84,69.85,200,0
CFA.US,5,20230628,191000,69.82,69.82,69.82,69.82,900,0
CFA.US,5,20230628,192500,69.91,69.91,69.91,69.91,100,0
CFA.US,5,20230628,203000,69.93,69.93,69.93,69.93,139,0
CFA.US,5,20230628,212000,69.91,69.93,69.91,69.9101,1098,0
CFA.US,5,20230628,212500,69.9,69.9,69.9,69.9,100,0
CFA.US,5,20230628,213500,69.87,69.88,69.87,69.88,226,0
CFA.US,5,20230628,214000,69.9142,69.9142,69.9,69.9142,755,0
CFA.US,5,20230628,215500,70.07,70.07,70.07,70.07,708,0
CFA.US,5,20230629,153000,69.94,69.94,69.94,69.94,499,0
CFA.US,5,20230629,153500,70.1,70.1,70.1,70.1,300,0
CFA.US,5,20230629,154500,70.08,70.1,70.08,70.1,1100,0
CFA.US,5,20230629,160500,70.27,70.27,70.26,70.26,200,0
CFA.US,5,20230629,172000,70.3399,70.3399,70.3399,70.3399,100,0
CFA.US,5,20230629,191000,70.42,70.42,70.42,70.42,300,0
CFA.US,5,20230629,193000,70.4437,70.4437,70.4437,70.4437,409,0
CFA.US,5,20230629,193500,70.44,70.44,70.44,70.44,100,0
CFA.US,5,20230629,194500,70.4598,70.4598,70.4598,70.4598,100,0
CFA.US,5,20230629,203000,70.38,70.38,70.361,70.361,400,0
CFA.US,5,20230629,203500,70.3981,70.3981,70.3981,70.3981,583,0
CFA.US,5,20230629,212000,70.45,70.5,70.45,70.474,943,0
CFA.US,5,20230629,212500,70.4897,70.4897,70.4897,70.4897,185,0
CFA.US,5,20230629,213000,70.5,70.5,70.5,70.5,100,0
CFA.US,5,20230629,215500,70.63,70.63,70.63,70.63,372,0
CFA.US,5,20230630,153000,70.86,70.955,70.86,70.955,931,0
CFA.US,5,20230630,153500,70.97,70.97,70.97,70.97,100,0
CFA.US,5,20230630,154000,71,71,71,71,100,0
CFA.US,5,20230630,155000,70.97,70.97,70.97,70.97,200,0
CFA.US,5,20230630,155500,71.0102,71.0102,71.0102,71.0102,265,0
CFA.US,5,20230630,161500,71.0666,71.0666,71.0666,71.0666,422,0
CFA.US,5,20230630,162500,71,71,71,71,125,0
CFA.US,5,20230630,163500,70.98,70.98,70.96,70.96,900,0
CFA.US,5,20230630,164000,70.93,70.93,70.93,70.93,200,0
CFA.US,5,20230630,164500,70.9,70.9,70.9,70.9,100,0
CFA.US,5,20230630,171000,71.0659,71.0659,71.0659,71.0659,1878,0
CFA.US,5,20230630,181000,71.0548,71.0548,71.0548,71.0548,1075,0
CFA.US,5,20230630,192000,71.2188,71.2188,71.2188,71.2188,181,0
CFA.US,5,20230630,201500,71.3,71.3,71.3,71.3,100,0
CFA.US,5,20230630,211500,71.3756,71.3756,71.3756,71.3756,1497,0
CFA.US,5,20230630,213500,71.33,71.33,71.33,71.33,100,0
CFA.US,5,20230630,215500,71.38,71.38,71.12,71.12,700,0
CFA.US,5,20230703,153000,70.88,70.88,70.88,70.88,11040,0
CFA.US,5,20230703,153500,71.04,71.04,71.04,71.04,100,0
CFA.US,5,20230703,154000,70.99,70.99,70.99,70.99,300,0
CFA.US,5,20230703,163500,71.2023,71.21,71.191,71.191,464,0
CFA.US,5,20230703,164000,71.23,71.23,71.215,71.215,370,0
CFA.US,5,20230703,165000,71.19,71.19,71.18,71.18,200,0
CFA.US,5,20230703,165500,71.2266,71.2266,71.2266,71.2266,200,0
CFA.US,5,20230703,170500,71.26,71.279,71.26,71.2618,797,0
CFA.US,5,20230703,171500,71.2463,71.2463,71.21,71.21,755,0
CFA.US,5,20230703,172500,71.2487,71.2487,71.2487,71.2487,948,0
CFA.US,5,20230703,173500,71.28,71.28,71.28,71.28,100,0
CFA.US,5,20230703,180500,71.26,71.26,71.26,71.26,100,0
CFA.US,5,20230703,181000,71.27,71.27,71.27,71.27,100,0
CFA.US,5,20230703,183000,71.27,71.27,71.27,71.27,100,0
CFA.US,5,20230703,184500,71.29,71.29,71.29,71.29,100,0
CFA.US,5,20230703,185500,71.24,71.44,71.24,71.24,472,0
CFA.US,5,20230705,153000,70.88,70.88,70.88,70.88,103,0
CFA.US,5,20230705,153500,70.85,70.85,70.85,70.85,100,0
CFA.US,5,20230705,170000,70.9699,70.9699,70.9699,70.9699,119,0
CFA.US,5,20230705,172500,71.0381,71.0381,71.0381,71.0381,162,0
CFA.US,5,20230705,173000,71.06,71.06,71.06,71.06,100,0
CFA.US,5,20230705,174500,71.0999,71.0999,71.0997,71.0997,600,0
CFA.US,5,20230705,180000,71.0339,71.0339,71.0339,71.0339,136,0
CFA.US,5,20230705,180500,71.06,71.06,71.06,71.06,211,0
CFA.US,5,20230705,183000,70.9899,70.9899,70.9899,70.9899,352,0
CFA.US,5,20230705,193000,70.9358,70.9358,70.9358,70.9358,314,0
CFA.US,5,20230705,202000,70.83,70.83,70.83,70.83,100,0
CFA.US,5,20230705,211500,71.05,71.065,71.05,71.065,822,0
CFA.US,5,20230705,213000,71.04,71.04,71.04,71.04,100,0
CFA.US,5,20230705,214500,70.96,70.98,70.96,70.96,2000,0
CFA.US,5,20230705,215500,70.94,70.94,70.93,70.93,300,0
CFA.US,5,20230706,153000,70.33,70.33,70.22,70.22,946,0
CFA.US,5,20230706,153500,70.46,70.46,70.375,70.375,712,0
CFA.US,5,20230706,161000,70.15,70.15,70.15,70.15,300,0
CFA.US,5,20230706,161500,70.1397,70.1397,70.12,70.12,240,0
CFA.US,5,20230706,185000,70.245,70.245,70.245,70.245,300,0
CFA.US,5,20230706,202500,70.2997,70.2997,70.2997,70.2997,350,0
CFA.US,5,20230706,204000,70.352,70.352,70.352,70.352,135,0
CFA.US,5,20230706,210000,70.41,70.41,70.41,70.41,7575,0
CFA.US,5,20230706,215500,70.36,70.36,70.36,70.36,300,0
CFA.US,5,20230707,153000,70.24,70.24,70.24,70.24,659,0
CFA.US,5,20230707,153500,70.5,70.5,70.5,70.5,200,0
CFA.US,5,20230707,162000,70.5599,70.5599,70.5599,70.5599,215,0
CFA.US,5,20230707,162500,70.5548,70.5548,70.5548,70.5548,300,0
CFA.US,5,20230707,163000,70.5646,70.5646,70.5646,70.5646,370,0
CFA.US,5,20230707,165500,70.62,70.62,70.6,70.6,386,0
CFA.US,5,20230707,174500,70.6598,70.6598,70.6598,70.6598,351,0
CFA.US,5,20230707,181000,70.7,70.7,70.7,70.7,100,0
CFA.US,5,20230707,183500,70.905,70.905,70.905,70.905,100,0
CFA.US,5,20230707,201000,70.8859,70.8859,70.8859,70.8859,131,0
CFA.US,5,20230707,204500,70.8499,70.8499,70.8499,70.8499,705,0
CFA.US,5,20230707,214500,70.54,70.54,70.5,70.5,4000,0
CFA.US,5,20230707,215000,70.495,70.495,70.495,70.495,500,0
CFA.US,5,20230707,215500,70.41,70.41,70.41,70.41,100,0
