<TICKER>,<PER>,<DATE>,<TIME>,<OPEN>,<HIGH>,<LOW>,<CLOSE>,<VOL>,<OPENINT>
CFO.US,5,20230522,153000,61.74,61.74,61.74,61.74,605,0
CFO.US,5,20230522,161000,61.55,61.55,61.55,61.55,100,0
CFO.US,5,20230522,163000,61.73,61.73,61.72,61.72,854,0
CFO.US,5,20230522,164000,61.6827,61.6827,61.6827,61.6827,400,0
CFO.US,5,20230522,164500,61.58,61.6097,61.58,61.6097,10400,0
CFO.US,5,20230522,165000,61.6,61.6,61.56,61.5709,462,0
CFO.US,5,20230522,165500,61.6,61.61,61.6,61.61,300,0
CFO.US,5,20230522,170000,61.6817,61.6817,61.6817,61.6817,122,0
CFO.US,5,20230522,173500,61.77,61.77,61.77,61.77,106,0
CFO.US,5,20230522,181500,61.8139,61.8139,61.8139,61.8139,131,0
CFO.US,5,20230522,190000,61.8,61.8,61.8,61.8,1118,0
CFO.US,5,20230522,191000,61.78,61.78,61.78,61.78,100,0
CFO.US,5,20230522,192000,61.78,61.78,61.78,61.78,979,0
CFO.US,5,20230522,193000,61.785,61.785,61.7615,61.7615,742,0
CFO.US,5,20230522,194000,61.813,61.813,61.813,61.813,420,0
CFO.US,5,20230522,194500,61.8169,61.8169,61.8169,61.8169,123,0
CFO.US,5,20230522,200500,61.7959,61.7959,61.7959,61.7959,142,0
CFO.US,5,20230522,201000,61.82,61.82,61.82,61.82,262,0
CFO.US,5,20230522,203500,61.8841,61.8841,61.8841,61.8841,211,0
CFO.US,5,20230522,204500,61.89,61.9,61.88,61.88,1275,0
CFO.US,5,20230522,205000,61.93,61.9501,61.93,61.9501,304,0
CFO.US,5,20230522,212000,61.825,61.825,61.825,61.825,106,0
CFO.US,5,20230522,212500,61.7921,61.7921,61.7921,61.7921,111,0
CFO.US,5,20230522,213500,61.77,61.77,61.77,61.77,312,0
CFO.US,5,20230522,214000,61.76,61.76,61.76,61.76,400,0
CFO.US,5,20230522,214500,61.7815,61.7815,61.74,61.74,1462,0
CFO.US,5,20230522,215000,61.6673,61.6673,61.6673,61.6673,128,0
CFO.US,5,20230522,215500,61.72,61.73,61.72,61.73,640,0
CFO.US,5,20230523,153500,61.43,61.43,61.43,61.43,247,0
CFO.US,5,20230523,154500,61.45,61.47,61.45,61.47,200,0
CFO.US,5,20230523,161000,61.5852,61.5852,61.54,61.54,1931,0
CFO.US,5,20230523,162000,61.51,61.51,61.51,61.51,105,0
CFO.US,5,20230523,170500,61.5562,61.5562,61.5562,61.5562,813,0
CFO.US,5,20230523,172000,61.54,61.54,61.54,61.54,200,0
CFO.US,5,20230523,173000,61.6239,61.6239,61.6239,61.6239,162,0
CFO.US,5,20230523,174000,61.6,61.6,61.6,61.6,447,0
CFO.US,5,20230523,182000,61.49,61.49,61.49,61.49,100,0
CFO.US,5,20230523,184000,61.37,61.37,61.37,61.37,109,0
CFO.US,5,20230523,192000,61.4419,61.4419,61.4391,61.4391,1140,0
CFO.US,5,20230523,192500,61.38,61.38,61.37,61.37,800,0
CFO.US,5,20230523,193000,61.25,61.25,61.25,61.25,600,0
CFO.US,5,20230523,194500,61.3119,61.3119,61.3119,61.3119,153,0
CFO.US,5,20230523,200000,61.29,61.3,61.29,61.3,1416,0
CFO.US,5,20230523,202000,61.195,61.195,61.13,61.13,1001,0
CFO.US,5,20230523,202500,61.0552,61.08,61.0552,61.08,2337,0
CFO.US,5,20230523,203000,61.1452,61.1452,61.14,61.1401,2366,0
CFO.US,5,20230523,203500,61.101,61.1052,61.06,61.06,1338,0
CFO.US,5,20230523,205000,61.1467,61.1467,61.1467,61.1467,397,0
CFO.US,5,20230523,205500,61.145,61.145,61.145,61.145,125,0
CFO.US,5,20230523,210500,61.12,61.12,61.11,61.115,2485,0
CFO.US,5,20230523,211000,61.145,61.16,61.145,61.16,285,0
CFO.US,5,20230523,212000,61.14,61.16,61.14,61.16,500,0
CFO.US,5,20230523,212500,61.1537,61.1537,61.1537,61.1537,2456,0
CFO.US,5,20230523,213000,61.2,61.2,61.2,61.2,400,0
CFO.US,5,20230523,213500,61.173,61.2,61.173,61.2,238,0
CFO.US,5,20230523,214500,61.19,61.19,61.17,61.19,822,0
CFO.US,5,20230523,215000,61.15,61.15,61.1,61.1,400,0
CFO.US,5,20230523,215500,61.09,61.2,61.04,61.05,806,0
CFO.US,5,20230524,153000,60.79,60.79,60.79,60.79,2243,0
CFO.US,5,20230524,154500,60.6299,60.6299,60.6299,60.6299,423,0
CFO.US,5,20230524,155000,60.59,60.59,60.59,60.59,500,0
CFO.US,5,20230524,155500,60.54,60.54,60.53,60.53,291,0
CFO.US,5,20230524,160000,60.4805,60.4805,60.4805,60.4805,140,0
CFO.US,5,20230524,161000,60.5,60.5,60.5,60.5,600,0
CFO.US,5,20230524,162500,60.45,60.51,60.45,60.51,2200,0
CFO.US,5,20230524,163000,60.5781,60.5781,60.5781,60.5781,3138,0
CFO.US,5,20230524,164500,60.64,60.64,60.62,60.62,900,0
CFO.US,5,20230524,165000,60.56,60.56,60.56,60.56,100,0
CFO.US,5,20230524,170000,60.54,60.54,60.54,60.54,200,0
CFO.US,5,20230524,171000,60.52,60.52,60.52,60.52,100,0
CFO.US,5,20230524,171500,60.48,60.4815,60.48,60.4815,939,0
CFO.US,5,20230524,172500,60.68,60.7,60.58,60.58,1650,0
CFO.US,5,20230524,174000,60.55,60.55,60.47,60.475,702,0
CFO.US,5,20230524,174500,60.48,60.48,60.48,60.48,100,0
CFO.US,5,20230524,175500,60.46,60.46,60.46,60.46,100,0
CFO.US,5,20230524,180000,60.51,60.51,60.505,60.505,250,0
CFO.US,5,20230524,180500,60.5149,60.5149,60.5149,60.5149,227,0
CFO.US,5,20230524,181000,60.45,60.45,60.45,60.45,725,0
CFO.US,5,20230524,181500,60.45,60.45,60.45,60.45,100,0
CFO.US,5,20230524,182000,60.43,60.43,60.43,60.43,994,0
CFO.US,5,20230524,182500,60.42,60.44,60.42,60.44,2143,0
CFO.US,5,20230524,184000,60.51,60.51,60.51,60.51,1475,0
CFO.US,5,20230524,184500,60.5037,60.5037,60.5037,60.5037,102,0
CFO.US,5,20230524,185500,60.49,60.49,60.49,60.49,100,0
CFO.US,5,20230524,190000,60.48,60.48,60.48,60.48,1015,0
CFO.US,5,20230524,191000,60.44,60.44,60.44,60.44,500,0
CFO.US,5,20230524,191500,60.42,60.42,60.42,60.42,200,0
CFO.US,5,20230524,192000,60.48,60.48,60.48,60.48,100,0
CFO.US,5,20230524,193000,60.46,60.46,60.46,60.46,140,0
CFO.US,5,20230524,194000,60.56,60.56,60.56,60.56,100,0
CFO.US,5,20230524,194500,60.59,60.59,60.51,60.51,995,0
CFO.US,5,20230524,195000,60.5395,60.5395,60.5395,60.5395,311,0
CFO.US,5,20230524,195500,60.54,60.54,60.54,60.54,100,0
CFO.US,5,20230524,201500,60.49,60.49,60.465,60.465,666,0
CFO.US,5,20230524,202000,60.46,60.46,60.46,60.46,100,0
CFO.US,5,20230524,202500,60.45,60.45,60.44,60.44,700,0
CFO.US,5,20230524,204000,60.5128,60.5195,60.49,60.49,1017,0
CFO.US,5,20230524,205500,60.45,60.45,60.44,60.44,400,0
CFO.US,5,20230524,211500,60.59,60.63,60.59,60.63,4000,0
CFO.US,5,20230524,212000,60.64,60.69,60.64,60.69,400,0
CFO.US,5,20230524,212500,60.66,60.66,60.66,60.66,374,0
CFO.US,5,20230524,213000,60.69,60.74,60.69,60.69,1577,0
CFO.US,5,20230524,213500,60.65,60.65,60.61,60.62,2750,0
CFO.US,5,20230524,214000,60.62,60.62,60.62,60.62,1152,0
CFO.US,5,20230524,214500,60.57,60.58,60.57,60.57,2200,0
CFO.US,5,20230524,215000,60.52,60.52,60.46,60.48,1500,0
CFO.US,5,20230524,215500,60.485,60.53,60.46,60.53,2201,0
CFO.US,5,20230525,153000,60.48,60.48,60.48,60.48,390,0
CFO.US,5,20230525,154000,60.3,60.3,60.3,60.3,600,0
CFO.US,5,20230525,154500,60.35,60.41,60.35,60.4,722,0
CFO.US,5,20230525,155000,60.405,60.405,60.405,60.405,325,0
CFO.US,5,20230525,155500,60.3501,60.41,60.3501,60.41,288,0
CFO.US,5,20230525,162000,60.25,60.25,60.25,60.25,100,0
CFO.US,5,20230525,162500,60.3256,60.3256,60.3256,60.3256,205,0
CFO.US,5,20230525,163000,60.28,60.28,60.28,60.28,200,0
CFO.US,5,20230525,165000,60.315,60.315,60.315,60.315,910,0
CFO.US,5,20230525,165500,60.2775,60.285,60.27,60.285,482,0
CFO.US,5,20230525,171500,60.3928,60.4,60.28,60.28,870,0
CFO.US,5,20230525,174500,60.108,60.108,60.0909,60.0909,280,0
CFO.US,5,20230525,175000,60.18,60.18,60.1,60.1,300,0
CFO.US,5,20230525,180000,60.23,60.23,60.23,60.23,100,0
CFO.US,5,20230525,180500,60.2499,60.2499,60.2499,60.2499,165,0
CFO.US,5,20230525,181000,60.25,60.25,60.25,60.25,809,0
CFO.US,5,20230525,182000,60.32,60.32,60.32,60.32,100,0
CFO.US,5,20230525,183000,60.27,60.27,60.2162,60.2162,597,0
CFO.US,5,20230525,183500,60.27,60.27,60.27,60.27,17511,0
CFO.US,5,20230525,184000,60.27,60.27,60.27,60.27,100,0
CFO.US,5,20230525,184500,60.29,60.29,60.29,60.29,200,0
CFO.US,5,20230525,185500,60.28,60.28,60.25,60.25,300,0
CFO.US,5,20230525,190000,60.23,60.23,60.23,60.23,100,0
CFO.US,5,20230525,190500,60.26,60.26,60.26,60.26,100,0
CFO.US,5,20230525,191500,60.37,60.37,60.34,60.34,989,0
CFO.US,5,20230525,192500,60.42,60.4358,60.42,60.4358,496,0
CFO.US,5,20230525,193000,60.45,60.45,60.44,60.44,980,0
CFO.US,5,20230525,193500,60.43,60.43,60.43,60.43,100,0
CFO.US,5,20230525,195500,60.45,60.45,60.45,60.45,210,0
CFO.US,5,20230525,200000,60.53,60.58,60.53,60.54,400,0
CFO.US,5,20230525,200500,60.46,60.46,60.46,60.46,700,0
CFO.US,5,20230525,202500,60.545,60.545,60.545,60.545,181,0
CFO.US,5,20230525,203500,60.381,60.381,60.381,60.381,170,0
CFO.US,5,20230525,204500,60.36,60.36,60.36,60.36,1407,0
CFO.US,5,20230525,210000,60.43,60.43,60.43,60.43,218,0
CFO.US,5,20230525,212000,60.4501,60.4501,60.4501,60.4501,295,0
CFO.US,5,20230525,213500,60.53,60.53,60.53,60.53,640,0
CFO.US,5,20230525,214000,60.59,60.59,60.59,60.59,717,0
CFO.US,5,20230525,214500,60.605,60.605,60.55,60.55,2105,0
CFO.US,5,20230525,215000,60.525,60.525,60.51,60.51,2063,0
CFO.US,5,20230525,215500,60.4723,60.4723,60.43,60.43,1839,0
CFO.US,5,20230526,153000,60.504,60.555,60.504,60.555,880,0
CFO.US,5,20230526,154000,60.65,60.74,60.65,60.73,300,0
CFO.US,5,20230526,155500,60.6318,60.6318,60.6318,60.6318,384,0
CFO.US,5,20230526,160500,60.6019,60.6019,60.6019,60.6019,100,0
CFO.US,5,20230526,163500,60.86,60.86,60.86,60.86,700,0
CFO.US,5,20230526,164000,60.89,60.95,60.89,60.93,856,0
CFO.US,5,20230526,170000,60.82,60.82,60.82,60.82,100,0
CFO.US,5,20230526,170500,60.8,60.8072,60.8,60.8072,508,0
CFO.US,5,20230526,172000,60.71,60.71,60.7,60.7,400,0
CFO.US,5,20230526,173000,60.63,60.63,60.63,60.63,135,0
CFO.US,5,20230526,175500,60.6835,60.6835,60.6514,60.6514,794,0
CFO.US,5,20230526,184000,60.86,60.86,60.86,60.86,665,0
CFO.US,5,20230526,184500,60.8599,60.8599,60.8599,60.8599,275,0
CFO.US,5,20230526,185000,60.82,60.82,60.82,60.82,100,0
CFO.US,5,20230526,191500,60.82,60.82,60.82,60.82,560,0
CFO.US,5,20230526,193000,60.815,60.815,60.815,60.815,125,0
CFO.US,5,20230526,200500,60.725,60.725,60.725,60.725,575,0
CFO.US,5,20230526,201500,60.7301,60.7301,60.7301,60.7301,229,0
CFO.US,5,20230526,203000,60.82,60.82,60.82,60.82,181,0
CFO.US,5,20230526,204000,60.9096,60.9096,60.9096,60.9096,271,0
CFO.US,5,20230526,205500,60.895,60.895,60.895,60.895,342,0
CFO.US,5,20230526,210000,60.875,60.875,60.875,60.875,265,0
CFO.US,5,20230526,213000,60.88,60.8802,60.88,60.8802,280,0
CFO.US,5,20230526,213500,60.8646,60.8646,60.8646,60.8646,735,0
CFO.US,5,20230526,214000,60.9,60.9,60.9,60.9,2000,0
CFO.US,5,20230526,215000,60.85,60.85,60.85,60.85,101,0
CFO.US,5,20230526,215500,60.91,60.91,60.85,60.85,1500,0
CFO.US,5,20230530,153000,60.97,60.97,60.97,60.97,203,0
CFO.US,5,20230530,154000,60.78,60.82,60.78,60.81,500,0
CFO.US,5,20230530,154500,60.77,60.77,60.77,60.77,200,0
CFO.US,5,20230530,155500,60.9231,60.9231,60.9231,60.9231,427,0
CFO.US,5,20230530,160500,60.7938,60.7938,60.7938,60.7938,787,0
CFO.US,5,20230530,161500,60.85,60.85,60.85,60.85,100,0
CFO.US,5,20230530,162500,60.8176,60.8176,60.8176,60.8176,100,0
CFO.US,5,20230530,163000,60.75,60.75,60.75,60.75,200,0
CFO.US,5,20230530,163500,60.6919,60.6919,60.6919,60.6919,1580,0
CFO.US,5,20230530,164000,60.76,60.76,60.76,60.76,100,0
CFO.US,5,20230530,164500,60.76,60.76,60.7003,60.7003,531,0
CFO.US,5,20230530,165500,60.69,60.69,60.69,60.69,235,0
CFO.US,5,20230530,170000,60.74,60.74,60.74,60.74,109,0
CFO.US,5,20230530,171500,60.5933,60.5933,60.5933,60.5933,200,0
CFO.US,5,20230530,172000,60.62,60.62,60.6,60.6,1277,0
CFO.US,5,20230530,175500,60.7036,60.7036,60.7036,60.7036,140,0
CFO.US,5,20230530,180500,60.6772,60.6772,60.6772,60.6772,346,0
CFO.US,5,20230530,182000,60.73,60.73,60.73,60.73,235,0
CFO.US,5,20230530,182500,60.7599,60.7599,60.7599,60.7599,370,0
CFO.US,5,20230530,190500,60.67,60.67,60.67,60.67,100,0
CFO.US,5,20230530,200500,60.5964,60.5964,60.5964,60.5964,1485,0
CFO.US,5,20230530,201000,60.6,60.6,60.58,60.59,2057,0
CFO.US,5,20230530,201500,60.6195,60.6195,60.6195,60.6195,470,0
CFO.US,5,20230530,203000,60.7787,60.7787,60.7787,60.7787,280,0
CFO.US,5,20230530,203500,60.7569,60.7569,60.7569,60.7569,227,0
CFO.US,5,20230530,204500,60.7394,60.7394,60.7394,60.7394,100,0
CFO.US,5,20230530,212500,60.74,60.77,60.74,60.76,2274,0
CFO.US,5,20230530,213500,60.74,60.74,60.74,60.74,675,0
CFO.US,5,20230530,214500,60.75,60.76,60.75,60.76,1900,0
CFO.US,5,20230530,215000,60.76,60.76,60.76,60.76,111,0
CFO.US,5,20230530,215500,60.72,60.73,60.72,60.73,1673,0
CFO.US,5,20230531,154000,60.4,60.4,60.4,60.4,100,0
CFO.US,5,20230531,154500,60.27,60.28,60.27,60.28,200,0
CFO.US,5,20230531,160000,60.19,60.2,60.19,60.2,3399,0
CFO.US,5,20230531,162000,60.14,60.14,60.14,60.14,450,0
CFO.US,5,20230531,162500,60.09,60.09,60.08,60.08,400,0
CFO.US,5,20230531,163500,60.015,60.015,60,60,266,0
CFO.US,5,20230531,164000,60.01,60.0286,60.01,60.0286,297,0
CFO.US,5,20230531,164500,60.0143,60.0143,60.0143,60.0143,200,0
CFO.US,5,20230531,170500,59.98,59.98,59.98,59.98,100,0
CFO.US,5,20230531,172500,60.02,60.02,60.02,60.02,625,0
CFO.US,5,20230531,173000,59.98,59.98,59.95,59.98,1162,0
CFO.US,5,20230531,174500,60.0274,60.0274,60.0274,60.0274,252,0
CFO.US,5,20230531,175000,59.99,60.03,59.99,60.03,300,0
CFO.US,5,20230531,180500,60.07,60.07,60.07,60.07,100,0
CFO.US,5,20230531,182500,60.1101,60.13,60.1101,60.13,504,0
CFO.US,5,20230531,183500,60.1201,60.1201,60.1201,60.1201,330,0
CFO.US,5,20230531,184000,60.155,60.17,60.155,60.17,1065,0
CFO.US,5,20230531,185000,60.18,60.18,60.13,60.13,500,0
CFO.US,5,20230531,190000,60.1799,60.1799,60.1799,60.1799,109,0
CFO.US,5,20230531,190500,60.16,60.1776,60.16,60.1776,2558,0
CFO.US,5,20230531,191000,60.1951,60.1951,60.1951,60.1951,424,0
CFO.US,5,20230531,191500,60.1867,60.19,60.1867,60.19,684,0
CFO.US,5,20230531,193000,60.2312,60.2312,60.2312,60.2312,100,0
CFO.US,5,20230531,193500,60.24,60.24,60.24,60.24,200,0
CFO.US,5,20230531,194000,60.2831,60.2831,60.2831,60.2831,281,0
CFO.US,5,20230531,194500,60.23,60.27,60.23,60.27,200,0
CFO.US,5,20230531,195000,60.25,60.25,60.25,60.25,100,0
CFO.US,5,20230531,200000,60.32,60.32,60.32,60.32,100,0
CFO.US,5,20230531,200500,60.3241,60.3241,60.3241,60.3241,381,0
CFO.US,5,20230531,201000,60.35,60.35,60.35,60.35,100,0
CFO.US,5,20230531,201500,60.34,60.34,60.311,60.311,350,0
CFO.US,5,20230531,202000,60.3387,60.3387,60.3213,60.3213,8712,0
CFO.US,5,20230531,202500,60.323,60.3702,60.3,60.349,21496,0
CFO.US,5,20230531,203000,60.34,60.341,60.34,60.34,400,0
CFO.US,5,20230531,203500,60.34,60.34,60.34,60.34,400,0
CFO.US,5,20230531,204000,60.37,60.37,60.36,60.37,300,0
CFO.US,5,20230531,204500,60.37,60.37,60.3275,60.33,1384,0
CFO.US,5,20230531,205000,60.31,60.31,60.25,60.25,1400,0
CFO.US,5,20230531,210000,60.32,60.32,60.28,60.295,22175,0
CFO.US,5,20230531,210500,60.28,60.28,60.28,60.28,200,0
CFO.US,5,20230531,211000,60.28,60.31,60.28,60.31,400,0
CFO.US,5,20230531,212000,60.29,60.305,60.29,60.3,4000,0
CFO.US,5,20230531,212500,60.2773,60.29,60.2773,60.29,1274,0
CFO.US,5,20230531,213000,60.28,60.3299,60.28,60.3299,1317,0
CFO.US,5,20230531,214500,60.325,60.325,60.31,60.32,4200,0
CFO.US,5,20230531,215000,60.31,60.31,60.27,60.27,200,0
CFO.US,5,20230531,215500,60.27,60.34,60.25,60.25,1027,0
CFO.US,5,20230601,153000,60.34,60.34,60.34,60.34,904,0
CFO.US,5,20230601,153500,60.24,60.29,60.24,60.29,500,0
CFO.US,5,20230601,154000,60.2,60.2,60.196,60.196,792,0
CFO.US,5,20230601,155000,60.0688,60.0688,60.0688,60.0688,465,0
CFO.US,5,20230601,155500,60.1,60.1,60.1,60.1,143,0
CFO.US,5,20230601,161500,60.34,60.35,60.34,60.35,1600,0
CFO.US,5,20230601,163000,60.3122,60.3122,60.29,60.29,435,0
CFO.US,5,20230601,164500,60.4263,60.4263,60.4263,60.4263,161,0
CFO.US,5,20230601,165500,60.48,60.4884,60.441,60.46,12368,0
CFO.US,5,20230601,170000,60.47,60.47,60.45,60.45,700,0
CFO.US,5,20230601,170500,60.46,60.46,60.44,60.44,2000,0
CFO.US,5,20230601,172500,60.52,60.52,60.5,60.5091,1534,0
CFO.US,5,20230601,173000,60.55,60.55,60.5404,60.5404,225,0
CFO.US,5,20230601,173500,60.575,60.575,60.5727,60.5727,1505,0
CFO.US,5,20230601,175500,60.61,60.61,60.61,60.61,100,0
CFO.US,5,20230601,180000,60.65,60.65,60.6314,60.6314,4691,0
CFO.US,5,20230601,180500,60.63,60.63,60.621,60.621,2498,0
CFO.US,5,20230601,181000,60.6305,60.64,60.6109,60.6109,3280,0
CFO.US,5,20230601,181500,60.63,60.66,60.62,60.66,4450,0
CFO.US,5,20230601,182000,60.65,60.7,60.65,60.6765,1955,0
CFO.US,5,20230601,182500,60.67,60.68,60.67,60.6703,2750,0
CFO.US,5,20230601,183000,60.71,60.71,60.7,60.7,4776,0
CFO.US,5,20230601,183500,60.7,60.7,60.67,60.67,2625,0
CFO.US,5,20230601,184000,60.67,60.67,60.63,60.63,5372,0
CFO.US,5,20230601,185000,60.66,60.67,60.6508,60.6508,7696,0
CFO.US,5,20230601,185500,60.66,60.66,60.66,60.66,241,0
CFO.US,5,20230601,190000,60.66,60.66,60.65,60.65,2400,0
CFO.US,5,20230601,190500,60.65,60.65,60.63,60.63,5700,0
CFO.US,5,20230601,191000,60.63,60.64,60.63,60.64,1073,0
CFO.US,5,20230601,192000,60.67,60.69,60.67,60.67,300,0
CFO.US,5,20230601,192500,60.65,60.65,60.65,60.65,750,0
CFO.US,5,20230601,194500,60.69,60.69,60.69,60.69,105,0
CFO.US,5,20230601,195500,60.69,60.7,60.69,60.7,500,0
CFO.US,5,20230601,200000,60.69,60.705,60.69,60.705,1200,0
CFO.US,5,20230601,200500,60.72,60.72,60.72,60.72,1500,0
CFO.US,5,20230601,201000,60.72,60.73,60.72,60.73,1200,0
CFO.US,5,20230601,201500,60.73,60.73,60.7,60.7,1935,0
CFO.US,5,20230601,202000,60.69,60.69,60.69,60.69,1600,0
CFO.US,5,20230601,202500,60.69,60.69,60.69,60.69,1600,0
CFO.US,5,20230601,203000,60.68,60.705,60.68,60.68,3200,0
CFO.US,5,20230601,203500,60.67,60.69,60.67,60.69,7748,0
CFO.US,5,20230601,204000,60.65,60.66,60.65,60.65,2800,0
CFO.US,5,20230601,204500,60.66,60.68,60.66,60.67,5023,0
CFO.US,5,20230601,205000,60.7199,60.7199,60.7199,60.7199,247,0
CFO.US,5,20230601,205500,60.7435,60.7435,60.7435,60.7435,1960,0
CFO.US,5,20230601,210500,60.82,60.82,60.77,60.77,350,0
CFO.US,5,20230601,211000,60.781,60.8199,60.781,60.8199,2855,0
CFO.US,5,20230601,213000,60.672,60.672,60.6557,60.6557,511,0
CFO.US,5,20230601,213500,60.6,60.601,60.6,60.601,1316,0
CFO.US,5,20230601,214000,60.58,60.64,60.58,60.6014,1962,0
CFO.US,5,20230601,214500,60.66,60.66,60.66,60.66,1800,0
CFO.US,5,20230601,215000,60.62,60.62,60.62,60.62,302,0
CFO.US,5,20230601,215500,60.7,60.73,60.61,60.61,818,0
CFO.US,5,20230602,153000,60.75,60.8,60.67,60.77,3885,0
CFO.US,5,20230602,153500,60.79,60.83,60.7612,60.81,2679,0
CFO.US,5,20230602,154000,60.84,60.87,60.8101,60.87,1785,0
CFO.US,5,20230602,154500,60.84,60.87,60.8366,60.8366,850,0
CFO.US,5,20230602,155000,60.84,60.845,60.84,60.845,511,0
CFO.US,5,20230602,160000,60.84,60.84,60.84,60.84,150,0
CFO.US,5,20230602,161000,60.85,60.86,60.85,60.85,1750,0
CFO.US,5,20230602,161500,60.83,60.83,60.8205,60.8205,1103,0
CFO.US,5,20230602,162000,60.8415,60.8415,60.8415,60.8415,114,0
CFO.US,5,20230602,162500,60.84,60.85,60.84,60.85,2341,0
CFO.US,5,20230602,163000,60.86,60.86,60.86,60.86,1160,0
CFO.US,5,20230602,164000,60.89,60.89,60.89,60.89,2000,0
CFO.US,5,20230602,165000,60.9299,60.9299,60.9299,60.9299,100,0
CFO.US,5,20230602,170000,60.95,60.95,60.92,60.92,300,0
CFO.US,5,20230602,172000,60.955,60.955,60.95,60.95,865,0
CFO.US,5,20230602,172500,60.955,60.955,60.955,60.955,185,0
CFO.US,5,20230602,174500,60.95,60.95,60.95,60.95,379,0
CFO.US,5,20230602,175000,60.93,60.93,60.93,60.93,300,0
CFO.US,5,20230602,175500,60.94,60.94,60.94,60.94,111,0
CFO.US,5,20230602,180000,60.94,60.95,60.94,60.945,4550,0
CFO.US,5,20230602,180500,60.95,60.9661,60.93,60.96,26966,0
CFO.US,5,20230602,181000,60.96,60.96,60.96,60.96,100,0
CFO.US,5,20230602,181500,60.945,60.96,60.91,60.945,17285,0
CFO.US,5,20230602,182000,60.94,60.96,60.94,60.96,700,0
CFO.US,5,20230602,182500,60.945,60.97,60.945,60.97,571,0
CFO.US,5,20230602,183000,60.97,60.97,60.97,60.97,245,0
CFO.US,5,20230602,184000,60.97,60.97,60.94,60.94,25067,0
CFO.US,5,20230602,184500,60.97,60.97,60.95,60.95,16516,0
CFO.US,5,20230602,185000,60.93,60.93,60.93,60.93,200,0
CFO.US,5,20230602,185500,60.98,60.98,60.955,60.955,350,0
CFO.US,5,20230602,190000,60.98,60.98,60.98,60.98,100,0
CFO.US,5,20230602,190500,60.9385,60.9385,60.9385,60.9385,282,0
CFO.US,5,20230602,191500,60.98,60.98,60.98,60.98,100,0
CFO.US,5,20230602,192500,60.95,60.95,60.95,60.95,170,0
CFO.US,5,20230602,193000,60.99,60.99,60.99,60.99,300,0
CFO.US,5,20230602,193500,60.99,60.99,60.975,60.98,4400,0
CFO.US,5,20230602,194500,60.9759,60.9759,60.9759,60.9759,1519,0
CFO.US,5,20230602,195000,60.99,60.99,60.97,60.99,923,0
CFO.US,5,20230602,195500,60.97,61,60.97,61,3709,0
CFO.US,5,20230602,200000,60.975,60.975,60.975,60.975,400,0
CFO.US,5,20230602,201000,60.99,60.99,60.97,60.97,921,0
CFO.US,5,20230602,201500,60.97,60.99,60.97,60.99,1099,0
CFO.US,5,20230602,202000,60.99,60.99,60.9505,60.98,1674,0
CFO.US,5,20230602,203000,60.9557,60.98,60.9557,60.98,302,0
CFO.US,5,20230602,204500,60.9491,60.9491,60.9491,60.9491,625,0
CFO.US,5,20230602,205500,60.98,60.98,60.975,60.975,300,0
CFO.US,5,20230602,210000,61,61,61,61,100,0
CFO.US,5,20230602,210500,61.02,61.02,61.02,61.02,200,0
CFO.US,5,20230602,211500,61.01,61.01,61.01,61.01,468,0
CFO.US,5,20230602,212500,60.985,60.985,60.985,60.985,303,0
CFO.US,5,20230602,213500,61.0099,61.0099,61.0099,61.0099,181,0
CFO.US,5,20230602,214000,61,61,61,61,800,0
CFO.US,5,20230602,214500,61,61,61,61,100,0
CFO.US,5,20230602,215500,60.99,61.08,60.9,61.07,2136,0
CFO.US,5,20230605,153000,60.96,60.96,60.96,60.96,231,0
CFO.US,5,20230605,154000,60.98,60.98,60.98,60.98,100,0
CFO.US,5,20230605,154500,60.98,60.98,60.98,60.98,100,0
CFO.US,5,20230605,155000,60.97,60.97,60.97,60.97,100,0
CFO.US,5,20230605,155500,60.9735,60.9735,60.92,60.9587,2546,0
CFO.US,5,20230605,160500,60.952,60.952,60.9,60.9,10885,0
CFO.US,5,20230605,162000,60.9063,60.9063,60.9063,60.9063,300,0
CFO.US,5,20230605,163500,60.92,60.92,60.92,60.92,113,0
CFO.US,5,20230605,164500,60.93,60.93,60.93,60.93,100,0
CFO.US,5,20230605,165000,60.9699,60.9699,60.94,60.94,2900,0
CFO.US,5,20230605,170500,60.9363,60.9363,60.9363,60.9363,423,0
CFO.US,5,20230605,173000,60.97,60.97,60.9595,60.9597,506,0
CFO.US,5,20230605,173500,60.9562,60.9562,60.9562,60.9562,116,0
CFO.US,5,20230605,174500,60.9799,60.9799,60.9663,60.9663,581,0
CFO.US,5,20230605,175500,60.9563,60.9563,60.9563,60.9563,103,0
CFO.US,5,20230605,181000,60.96,60.96,60.96,60.96,202,0
CFO.US,5,20230605,181500,60.97,60.97,60.97,60.97,150,0
CFO.US,5,20230605,184000,60.9501,60.9501,60.9501,60.9501,290,0
CFO.US,5,20230605,184500,60.9636,60.9636,60.9636,60.9636,130,0
CFO.US,5,20230605,191000,60.95,60.9799,60.94,60.94,10392,0
CFO.US,5,20230605,191500,60.9619,60.9619,60.94,60.94,237,0
CFO.US,5,20230605,192000,60.9511,60.9511,60.94,60.94,419,0
CFO.US,5,20230605,193000,60.9289,60.9289,60.9289,60.9289,1681,0
CFO.US,5,20230605,194500,60.927,60.927,60.927,60.927,240,0
CFO.US,5,20230605,202500,60.92,60.92,60.91,60.91,208,0
CFO.US,5,20230605,203000,60.9,60.9,60.9,60.9,400,0
CFO.US,5,20230605,203500,60.9103,60.9103,60.88,60.88,4100,0
CFO.US,5,20230605,211000,60.91,60.91,60.91,60.91,149,0
CFO.US,5,20230605,212000,60.9399,60.9399,60.9399,60.9399,200,0
CFO.US,5,20230605,212500,60.928,60.9299,60.91,60.91,3994,0
CFO.US,5,20230605,213000,60.925,60.9399,60.925,60.9399,453,0
CFO.US,5,20230605,214000,60.94,60.94,60.94,60.94,477,0
CFO.US,5,20230605,214500,60.92,60.92,60.92,60.92,659,0
CFO.US,5,20230605,215500,60.9446,60.99,60.91,60.96,1273,0
CFO.US,5,20230606,153500,60.9175,60.9175,60.91,60.91,300,0
CFO.US,5,20230606,154000,60.9246,60.9246,60.9246,60.9246,221,0
CFO.US,5,20230606,155500,60.9205,60.9475,60.9205,60.9475,830,0
CFO.US,5,20230606,160000,60.98,60.98,60.98,60.98,103,0
CFO.US,5,20230606,160500,60.975,60.975,60.975,60.975,1332,0
CFO.US,5,20230606,161000,60.995,60.995,60.995,60.995,100,0
CFO.US,5,20230606,162500,60.975,60.975,60.975,60.975,392,0
CFO.US,5,20230606,163000,60.98,60.98,60.98,60.98,471,0
CFO.US,5,20230606,163500,60.975,60.975,60.975,60.975,100,0
CFO.US,5,20230606,164500,60.9575,61.02,60.9575,61.015,4149,0
CFO.US,5,20230606,165500,61,61.0037,60.9801,60.9858,800,0
CFO.US,5,20230606,170000,61.02,61.02,61.02,61.02,160,0
CFO.US,5,20230606,171000,61.03,61.03,61.03,61.03,100,0
CFO.US,5,20230606,171500,60.9801,60.9801,60.9801,60.9801,148,0
CFO.US,5,20230606,172000,61.0299,61.0299,61.0299,61.0299,193,0
CFO.US,5,20230606,173000,61.0299,61.0299,60.98,60.98,635,0
CFO.US,5,20230606,174000,61.005,61.0217,61.005,61.0217,799,0
CFO.US,5,20230606,175500,61.018,61.018,61.018,61.018,725,0
CFO.US,5,20230606,180000,61.005,61.005,61.005,61.005,350,0
CFO.US,5,20230606,180500,61,61,61,61,100,0
CFO.US,5,20230606,181500,61.0075,61.0075,61.0075,61.0075,100,0
CFO.US,5,20230606,182000,61.0035,61.0035,61.0035,61.0035,165,0
CFO.US,5,20230606,183000,60.971,60.99,60.971,60.99,2807,0
CFO.US,5,20230606,184500,60.975,60.975,60.975,60.975,250,0
CFO.US,5,20230606,185500,60.97,60.97,60.97,60.97,100,0
CFO.US,5,20230606,192500,60.95,60.95,60.95,60.95,100,0
CFO.US,5,20230606,194500,60.925,60.925,60.925,60.925,1985,0
CFO.US,5,20230606,195000,60.9266,60.9266,60.9266,60.9266,571,0
CFO.US,5,20230606,195500,60.9599,60.9599,60.9284,60.9284,2152,0
CFO.US,5,20230606,202000,60.97,60.97,60.97,60.97,13000,0
CFO.US,5,20230606,203500,60.965,60.965,60.965,60.965,624,0
CFO.US,5,20230606,204000,60.98,60.98,60.965,60.98,29571,0
CFO.US,5,20230606,204500,60.99,60.99,60.98,60.98,300,0
CFO.US,5,20230606,210000,60.99,60.99,60.99,60.99,200,0
CFO.US,5,20230606,210500,61,61.01,61,61.01,640,0
CFO.US,5,20230606,211000,60.9601,60.9601,60.9601,60.9601,116,0
CFO.US,5,20230606,211500,61,61,61,61,400,0
CFO.US,5,20230606,214000,61,61,61,61,400,0
CFO.US,5,20230606,214500,61.01,61.01,61.01,61.01,503,0
CFO.US,5,20230606,215500,61.03,61.03,61,61,219,0
CFO.US,5,20230607,153000,61.0332,61.0332,61.0332,61.0332,302,0
CFO.US,5,20230607,154000,61.06,61.06,61.03,61.04,1330,0
CFO.US,5,20230607,154500,61.04,61.05,61.03,61.05,9445,0
CFO.US,5,20230607,155000,61.06,61.06,61.05,61.06,6937,0
CFO.US,5,20230607,155500,61.07,61.07,61.07,61.07,705,0
CFO.US,5,20230607,160000,61.05,61.05,61.05,61.05,100,0
CFO.US,5,20230607,161000,61.07,61.08,61.041,61.08,1619,0
CFO.US,5,20230607,161500,61.06,61.09,61.06,61.09,19940,0
CFO.US,5,20230607,162000,61.0805,61.0805,61.07,61.07,417,0
CFO.US,5,20230607,163000,61.1,61.1,61.07,61.07,200,0
CFO.US,5,20230607,163500,61.0538,61.0874,61.0538,61.0874,2006,0
CFO.US,5,20230607,164000,61.07,61.07,61.06,61.06,543,0
CFO.US,5,20230607,164500,61.07,61.08,61.07,61.08,1000,0
CFO.US,5,20230607,165000,61.07,61.07,61.07,61.07,100,0
CFO.US,5,20230607,165500,61.1,61.1,61.1,61.1,200,0
CFO.US,5,20230607,171500,61.0923,61.0923,61.0923,61.0923,127,0
CFO.US,5,20230607,172500,61.115,61.115,61.115,61.115,2699,0
CFO.US,5,20230607,173000,61.1057,61.1057,61.1057,61.1057,164,0
CFO.US,5,20230607,173500,61.1157,61.1157,61.1157,61.1157,111,0
CFO.US,5,20230607,174000,61.0816,61.0816,61.0816,61.0816,100,0
CFO.US,5,20230607,174500,61.1135,61.1135,61.1023,61.1023,222,0
CFO.US,5,20230607,175500,61.0939,61.0939,61.0869,61.0869,690,0
CFO.US,5,20230607,181500,61.0804,61.0804,61.0804,61.0804,600,0
CFO.US,5,20230607,183500,61.1,61.1,61.0902,61.0902,1600,0
CFO.US,5,20230607,185000,61.1,61.1,61.1,61.1,171,0
CFO.US,5,20230607,190500,61.0831,61.0831,61.0831,61.0831,250,0
CFO.US,5,20230607,192500,61.09,61.09,61.09,61.09,828,0
CFO.US,5,20230607,193500,61.07,61.07,61.07,61.07,520,0
CFO.US,5,20230607,200500,61.1013,61.1013,61.1013,61.1013,249,0
CFO.US,5,20230607,201500,61.0936,61.12,61.0936,61.12,353,0
CFO.US,5,20230607,202500,61.11,61.11,61.1082,61.1082,437,0
CFO.US,5,20230607,203000,61.12,61.12,61.12,61.12,295,0
CFO.US,5,20230607,203500,61.09,61.09,61.09,61.09,100,0
CFO.US,5,20230607,204000,61.1,61.1,61.095,61.095,818,0
CFO.US,5,20230607,205000,61.0898,61.0898,61.0898,61.0898,320,0
CFO.US,5,20230607,205500,61.0908,61.0908,61.0908,61.0908,155,0
CFO.US,5,20230607,210500,61.104,61.104,61.104,61.104,143,0
CFO.US,5,20230607,211000,61.1,61.1,61.1,61.1,100,0
CFO.US,5,20230607,211500,61.1,61.13,61.1,61.12,7975,0
CFO.US,5,20230607,212000,61.12,61.13,61.12,61.12,3555,0
CFO.US,5,20230607,212500,61.11,61.11,61.11,61.11,100,0
CFO.US,5,20230607,213500,61.11,61.11,61.09,61.09,4589,0
CFO.US,5,20230607,214000,61.11,61.11,61.11,61.11,100,0
CFO.US,5,20230607,214500,61.115,61.13,61.11,61.13,1209,0
CFO.US,5,20230607,215000,61.15,61.27,61.13,61.14,2727,0
CFO.US,5,20230607,215500,61.13,61.13,61.09,61.11,19441,0
CFO.US,5,20230608,153000,61.09,61.14,61.09,61.14,330,0
CFO.US,5,20230608,154000,61.09,61.09,61.07,61.08,1800,0
CFO.US,5,20230608,154500,61.06,61.07,61.05,61.05,849,0
CFO.US,5,20230608,155000,61.0364,61.05,61.0364,61.05,1900,0
CFO.US,5,20230608,160000,61.06,61.06,61.06,61.06,500,0
CFO.US,5,20230608,161000,61.075,61.075,61.075,61.075,118,0
CFO.US,5,20230608,162000,61.0887,61.0887,61.0887,61.0887,100,0
CFO.US,5,20230608,164000,61.0576,61.0576,61.0576,61.0576,429,0
CFO.US,5,20230608,165500,61.0983,61.0983,61.0983,61.0983,1175,0
CFO.US,5,20230608,173000,61.0998,61.0998,61.0998,61.0998,525,0
CFO.US,5,20230608,174500,61.0785,61.0785,61.0785,61.0785,541,0
CFO.US,5,20230608,182500,61.0825,61.1,61.0825,61.1,8412,0
CFO.US,5,20230608,185000,61.12,61.12,61.081,61.105,5775,0
CFO.US,5,20230608,185500,61.11,61.11,61.0934,61.0934,1396,0
CFO.US,5,20230608,190500,61.094,61.11,61.094,61.11,5073,0
CFO.US,5,20230608,191000,61.12,61.12,61.12,61.12,133,0
CFO.US,5,20230608,193000,61.0901,61.0901,61.0901,61.0901,150,0
CFO.US,5,20230608,195500,61.0808,61.1,61.0808,61.1,1162,0
CFO.US,5,20230608,202000,61.12,61.12,61.12,61.12,250,0
CFO.US,5,20230608,202500,61.1142,61.1156,61.1142,61.1156,411,0
CFO.US,5,20230608,204000,61.16,61.16,61.16,61.16,350,0
CFO.US,5,20230608,205500,61.16,61.16,61.16,61.16,155,0
CFO.US,5,20230608,211000,61.1284,61.1284,61.1284,61.1284,186,0
CFO.US,5,20230608,212000,61.1411,61.1411,61.1336,61.1336,450,0
CFO.US,5,20230608,212500,61.15,61.15,61.12,61.12,2972,0
CFO.US,5,20230608,213500,61.1248,61.1248,61.1248,61.1248,160,0
CFO.US,5,20230608,214000,61.14,61.14,61.14,61.14,100,0
CFO.US,5,20230608,214500,61.14,61.14,61.1318,61.14,2300,0
CFO.US,5,20230608,215000,61.1499,61.1499,61.1499,61.1499,113,0
CFO.US,5,20230608,215500,61.12,61.12,61.11,61.11,514,0
CFO.US,5,20230609,153000,61.01,61.01,61.01,61.01,195,0
CFO.US,5,20230609,154000,61.03,61.03,61.02,61.03,1200,0
CFO.US,5,20230609,154500,61.02,61.02,61.02,61.02,100,0
CFO.US,5,20230609,160000,61.03,61.03,61.03,61.03,200,0
CFO.US,5,20230609,161000,61.017,61.05,61.017,61.05,520,0
CFO.US,5,20230609,161500,61.05,61.05,61.05,61.05,300,0
CFO.US,5,20230609,163000,61.05,61.05,61.05,61.05,242,0
CFO.US,5,20230609,164000,61.01,61.01,61.01,61.01,390,0
CFO.US,5,20230609,164500,61.045,61.045,61.045,61.045,292,0
CFO.US,5,20230609,170500,61.02,61.02,61.02,61.02,200,0
CFO.US,5,20230609,171500,61.03,61.03,61.03,61.03,200,0
CFO.US,5,20230609,172000,61.02,61.02,61.02,61.02,383,0
CFO.US,5,20230609,172500,60.9947,60.9947,60.9947,60.9947,401,0
CFO.US,5,20230609,173000,60.96,60.975,60.96,60.975,4000,0
CFO.US,5,20230609,173500,61.01,61.01,60.985,60.99,1100,0
CFO.US,5,20230609,184000,60.9886,60.9886,60.9886,60.9886,335,0
CFO.US,5,20230609,185000,60.985,60.985,60.985,60.985,235,0
CFO.US,5,20230609,190000,60.9779,60.9779,60.9779,60.9779,474,0
CFO.US,5,20230609,191500,60.9782,60.9782,60.9782,60.9782,130,0
CFO.US,5,20230609,192000,61,61,61,61,5400,0
CFO.US,5,20230609,195500,60.986,60.986,60.986,60.986,5000,0
CFO.US,5,20230609,200000,60.9917,60.9917,60.9917,60.9917,4000,0
CFO.US,5,20230609,200500,61,61,61,61,615,0
CFO.US,5,20230609,201000,61.0288,61.0288,61.0288,61.0288,325,0
CFO.US,5,20230609,202000,61.0048,61.0048,61.0048,61.0048,295,0
CFO.US,5,20230609,202500,61.02,61.02,61.02,61.02,165,0
CFO.US,5,20230609,204500,60.9888,61,60.981,61,1300,0
CFO.US,5,20230609,211000,61.019,61.03,61.019,61.03,975,0
CFO.US,5,20230609,211500,61.0079,61.0159,60.9887,60.9887,10483,0
CFO.US,5,20230609,212500,61.01,61.01,61.01,61.01,100,0
CFO.US,5,20230609,213500,61.01,61.01,61.01,61.01,300,0
CFO.US,5,20230609,214000,61.01,61.01,61.005,61.005,1800,0
CFO.US,5,20230609,214500,61.01,61.0299,61.01,61.0299,243,0
CFO.US,5,20230609,215000,61.01,61.01,61.01,61.01,1000,0
CFO.US,5,20230609,215500,61.01,61.06,61.01,61.03,4682,0
CFO.US,5,20230612,153500,61.03,61.03,60.99,61.015,671,0
CFO.US,5,20230612,154000,61.05,61.05,61.05,61.05,4900,0
CFO.US,5,20230612,154500,61.03,61.05,61.03,61.05,3000,0
CFO.US,5,20230612,155000,61.05,61.07,61.0325,61.07,3034,0
CFO.US,5,20230612,155500,61.07,61.07,61.06,61.07,5114,0
CFO.US,5,20230612,160000,61.06,61.07,61.06,61.07,1200,0
CFO.US,5,20230612,160500,61.06,61.06,61.06,61.06,1600,0
CFO.US,5,20230612,162500,61.04,61.04,61.04,61.04,100,0
CFO.US,5,20230612,165000,61.0499,61.0499,61.0499,61.0499,200,0
CFO.US,5,20230612,170000,61.0569,61.0569,61.0569,61.0569,136,0
CFO.US,5,20230612,171000,61.0613,61.0613,61.0613,61.0613,245,0
CFO.US,5,20230612,171500,61.0703,61.0799,61.0703,61.0799,437,0
CFO.US,5,20230612,172500,61.0301,61.0301,61.0301,61.0301,1165,0
CFO.US,5,20230612,173000,61.045,61.045,61.045,61.045,255,0
CFO.US,5,20230612,173500,61.0699,61.0699,61.0699,61.0699,163,0
CFO.US,5,20230612,180500,61.055,61.055,61.055,61.055,100,0
CFO.US,5,20230612,181000,61.0899,61.0899,61.0899,61.0899,359,0
CFO.US,5,20230612,181500,61.04,61.04,61.04,61.04,200,0
CFO.US,5,20230612,182000,61.065,61.065,61.065,61.065,897,0
CFO.US,5,20230612,190000,61.0999,61.1,61.0779,61.1,1231,0
CFO.US,5,20230612,191000,61.07,61.07,61.07,61.07,236,0
CFO.US,5,20230612,191500,61.0662,61.0662,61.0662,61.0662,654,0
CFO.US,5,20230612,192500,61.05,61.05,61.05,61.05,100,0
CFO.US,5,20230612,193000,61.07,61.07,61.07,61.07,100,0
CFO.US,5,20230612,193500,61.07,61.07,61.07,61.07,100,0
CFO.US,5,20230612,194000,61.065,61.065,61.065,61.065,1020,0
CFO.US,5,20230612,195000,61.0584,61.0584,61.0584,61.0584,675,0
CFO.US,5,20230612,202500,61.065,61.065,61.065,61.065,327,0
CFO.US,5,20230612,210000,61.086,61.086,61.086,61.086,212,0
CFO.US,5,20230612,210500,61.1,61.1,61.1,61.1,300,0
CFO.US,5,20230612,211000,61.08,61.08,61.08,61.08,919,0
CFO.US,5,20230612,211500,61.14,61.14,61.14,61.14,640,0
CFO.US,5,20230612,212000,61.084,61.11,61.084,61.1,5062,0
CFO.US,5,20230612,212500,61.105,61.105,61.0851,61.1,4874,0
CFO.US,5,20230612,213000,61.1135,61.1135,61.1,61.1,1350,0
CFO.US,5,20230612,214000,61.105,61.105,61.105,61.105,477,0
CFO.US,5,20230612,214500,61.11,61.1282,61.09,61.12,806,0
CFO.US,5,20230612,215000,61.13,61.14,61.09,61.11,10412,0
CFO.US,5,20230612,215500,61.0986,61.15,61.0986,61.15,2304,0
CFO.US,5,20230613,153000,61.17,61.195,61.05,61.19,2720,0
CFO.US,5,20230613,153500,61.158,61.185,61.158,61.185,889,0
CFO.US,5,20230613,154000,61.2275,61.24,61.2275,61.24,300,0
CFO.US,5,20230613,154500,61.25,61.25,61.21,61.21,480,0
CFO.US,5,20230613,155500,61.25,61.25,61.25,61.25,237,0
CFO.US,5,20230613,160500,61.24,61.25,61.24,61.25,3596,0
CFO.US,5,20230613,161000,61.22,61.24,61.22,61.24,300,0
CFO.US,5,20230613,161500,61.22,61.22,61.2157,61.2157,426,0
CFO.US,5,20230613,162500,61.24,61.245,61.24,61.245,222,0
CFO.US,5,20230613,163000,61.27,61.27,61.245,61.245,350,0
CFO.US,5,20230613,163500,61.28,61.28,61.28,61.28,100,0
CFO.US,5,20230613,164000,61.2767,61.2767,61.2767,61.2767,129,0
CFO.US,5,20230613,170000,61.2323,61.2323,61.2323,61.2323,300,0
CFO.US,5,20230613,170500,61.259,61.259,61.259,61.259,634,0
CFO.US,5,20230613,171000,61.27,61.27,61.27,61.27,100,0
CFO.US,5,20230613,172000,61.29,61.29,61.29,61.29,242,0
CFO.US,5,20230613,173000,61.26,61.26,61.25,61.25,2913,0
CFO.US,5,20230613,173500,61.2366,61.2366,61.2366,61.2366,135,0
CFO.US,5,20230613,174500,61.2503,61.2503,61.2503,61.2503,1215,0
CFO.US,5,20230613,175000,61.27,61.28,61.27,61.28,334,0
CFO.US,5,20230613,175500,61.245,61.245,61.245,61.245,327,0
CFO.US,5,20230613,180000,61.23,61.23,61.23,61.23,110,0
CFO.US,5,20230613,181000,61.245,61.245,61.245,61.245,255,0
CFO.US,5,20230613,181500,61.2657,61.2657,61.2657,61.2657,325,0
CFO.US,5,20230613,182000,61.26,61.26,61.26,61.26,685,0
CFO.US,5,20230613,182500,61.28,61.28,61.28,61.28,100,0
CFO.US,5,20230613,183500,61.2655,61.2655,61.2655,61.2655,1250,0
CFO.US,5,20230613,184000,61.2639,61.2639,61.2639,61.2639,1240,0
CFO.US,5,20230613,190000,61.29,61.29,61.29,61.29,100,0
CFO.US,5,20230613,190500,61.2741,61.2741,61.26,61.26,826,0
CFO.US,5,20230613,192000,61.265,61.265,61.265,61.265,671,0
CFO.US,5,20230613,192500,61.27,61.27,61.27,61.27,117,0
CFO.US,5,20230613,193500,61.2714,61.2714,61.2714,61.2714,262,0
CFO.US,5,20230613,194000,61.29,61.29,61.29,61.29,100,0
CFO.US,5,20230613,195000,61.29,61.29,61.29,61.29,140,0
CFO.US,5,20230613,201500,61.2695,61.2695,61.2695,61.2695,105,0
CFO.US,5,20230613,202000,61.28,61.28,61.28,61.28,100,0
CFO.US,5,20230613,203000,61.2599,61.2599,61.235,61.235,261,0
CFO.US,5,20230613,203500,61.24,61.24,61.24,61.24,100,0
CFO.US,5,20230613,204000,61.22,61.22,61.2181,61.2181,1177,0
CFO.US,5,20230613,204500,61.2101,61.216,61.2101,61.216,484,0
CFO.US,5,20230613,205000,61.26,61.26,61.26,61.26,100,0
CFO.US,5,20230613,211000,61.27,61.27,61.27,61.27,100,0
CFO.US,5,20230613,212500,61.245,61.26,61.245,61.26,839,0
CFO.US,5,20230613,213000,61.2301,61.2301,61.2301,61.2301,400,0
CFO.US,5,20230613,213500,61.26,61.26,61.26,61.26,100,0
CFO.US,5,20230613,214000,61.2653,61.2653,61.2653,61.2653,250,0
CFO.US,5,20230613,214500,61.2396,61.2396,61.2396,61.2396,100,0
CFO.US,5,20230613,215500,61.26,61.27,61.26,61.27,2200,0
CFO.US,5,20230614,153000,61.29,61.29,61.29,61.29,1014,0
CFO.US,5,20230614,153500,61.32,61.33,61.32,61.33,500,0
CFO.US,5,20230614,155000,61.3242,61.3242,61.3242,61.3242,323,0
CFO.US,5,20230614,160500,61.3001,61.3001,61.3001,61.3001,7034,0
CFO.US,5,20230614,161000,61.3001,61.32,61.3001,61.32,1362,0
CFO.US,5,20230614,162000,61.3017,61.3017,61.3017,61.3017,250,0
CFO.US,5,20230614,164000,61.3029,61.3029,61.3029,61.3029,100,0
CFO.US,5,20230614,165500,61.31,61.31,61.31,61.31,620,0
CFO.US,5,20230614,170000,61.32,61.3399,61.32,61.3399,414,0
CFO.US,5,20230614,170500,61.32,61.32,61.32,61.32,567,0
CFO.US,5,20230614,171000,61.3001,61.3001,61.3001,61.3001,374,0
CFO.US,5,20230614,171500,61.3298,61.3298,61.3298,61.3298,408,0
CFO.US,5,20230614,181000,61.32,61.32,61.32,61.32,100,0
CFO.US,5,20230614,181500,61.3229,61.3335,61.3001,61.3001,1595,0
CFO.US,5,20230614,182000,61.3275,61.3275,61.325,61.325,674,0
CFO.US,5,20230614,183000,61.3001,61.32,61.3001,61.32,1727,0
CFO.US,5,20230614,183500,61.315,61.315,61.315,61.315,100,0
CFO.US,5,20230614,184500,61.315,61.3326,61.315,61.3326,263,0
CFO.US,5,20230614,185000,61.301,61.32,61.301,61.32,1888,0
CFO.US,5,20230614,185500,61.31,61.3227,61.3,61.3227,15832,0
CFO.US,5,20230614,190000,61.34,61.34,61.34,61.34,200,0
CFO.US,5,20230614,190500,61.31,61.31,61.31,61.31,100,0
CFO.US,5,20230614,191500,61.3,61.3001,61.3,61.3,1918,0
CFO.US,5,20230614,192000,61.28,61.285,61.28,61.285,358,0
CFO.US,5,20230614,192500,61.31,61.31,61.2601,61.2994,10384,0
CFO.US,5,20230614,193000,61.2601,61.2601,61.2601,61.2601,100,0
CFO.US,5,20230614,193500,61.285,61.31,61.28,61.31,148439,0
CFO.US,5,20230614,194000,61.3019,61.3019,61.29,61.29,355,0
CFO.US,5,20230614,194500,61.285,61.285,61.28,61.28,1100,0
CFO.US,5,20230614,200000,61.2351,61.2351,61.2351,61.2351,645,0
CFO.US,5,20230614,201000,61.2,61.2,61.2,61.2,100,0
CFO.US,5,20230614,201500,61.195,61.2099,61.195,61.2099,1337,0
CFO.US,5,20230614,202000,61.1839,61.1839,61.1839,61.1839,164,0
CFO.US,5,20230614,202500,61.175,61.1919,61.175,61.1919,419,0
CFO.US,5,20230614,204000,61.24,61.24,61.24,61.24,100,0
CFO.US,5,20230614,204500,61.25,61.25,61.25,61.25,125,0
CFO.US,5,20230614,210500,61.255,61.3,61.255,61.29,2851,0
CFO.US,5,20230614,211500,61.2142,61.24,61.2142,61.24,1933,0
CFO.US,5,20230614,212000,61.2248,61.24,61.2248,61.24,792,0
CFO.US,5,20230614,213000,61.258,61.258,61.255,61.255,1070,0
CFO.US,5,20230614,213500,61.24,61.24,61.24,61.24,16939,0
CFO.US,5,20230614,214000,61.25,61.25,61.23,61.235,1737,0
CFO.US,5,20230614,214500,61.2412,61.2412,61.2001,61.2001,1065,0
CFO.US,5,20230614,215000,61.19,61.22,61.19,61.2198,1196,0
CFO.US,5,20230614,215500,61.17,61.29,61.11,61.11,9281,0
CFO.US,5,20230615,153000,61.21,61.28,61.21,61.28,597,0
CFO.US,5,20230615,154000,61.28,61.28,61.28,61.28,500,0
CFO.US,5,20230615,155500,61.33,61.33,61.33,61.33,3600,0
CFO.US,5,20230615,160000,61.35,61.35,61.35,61.35,300,0
CFO.US,5,20230615,161000,61.2901,61.31,61.2901,61.31,5470,0
CFO.US,5,20230615,163000,61.32,61.32,61.32,61.32,350,0
CFO.US,5,20230615,163500,61.3,61.3,61.3,61.3,100,0
CFO.US,5,20230615,170500,61.3,61.3,61.3,61.3,300,0
CFO.US,5,20230615,171500,61.335,61.335,61.335,61.335,685,0
CFO.US,5,20230615,172000,61.37,61.37,61.37,61.37,244,0
CFO.US,5,20230615,173000,61.3697,61.3697,61.35,61.35,759,0
CFO.US,5,20230615,174500,61.337,61.337,61.337,61.337,1306,0
CFO.US,5,20230615,175000,61.36,61.37,61.36,61.37,304,0
CFO.US,5,20230615,181500,61.3378,61.3378,61.3378,61.3378,583,0
CFO.US,5,20230615,183000,61.341,61.3629,61.341,61.3629,735,0
CFO.US,5,20230615,190500,61.352,61.352,61.352,61.352,300,0
CFO.US,5,20230615,191000,61.38,61.38,61.38,61.38,215,0
CFO.US,5,20230615,193000,61.38,61.38,61.38,61.38,200,0
CFO.US,5,20230615,193500,61.37,61.37,61.37,61.37,100,0
CFO.US,5,20230615,194500,61.3884,61.3884,61.3807,61.3807,521,0
CFO.US,5,20230615,195500,61.3916,61.41,61.3863,61.41,646,0
CFO.US,5,20230615,200000,61.41,61.41,61.41,61.41,1396,0
CFO.US,5,20230615,201500,61.395,61.395,61.39,61.39,788,0
CFO.US,5,20230615,204500,61.4499,61.4499,61.4499,61.4499,1267,0
CFO.US,5,20230615,205500,61.4551,61.4551,61.4551,61.4551,200,0
CFO.US,5,20230615,210000,61.49,61.49,61.4372,61.46,15007,0
CFO.US,5,20230615,210500,61.4799,61.4799,61.4799,61.4799,1073,0
CFO.US,5,20230615,211000,61.4587,61.4587,61.4587,61.4587,672,0
CFO.US,5,20230615,211500,61.49,61.49,61.4695,61.4695,1360,0
CFO.US,5,20230615,212000,61.4603,61.47,61.455,61.47,783,0
CFO.US,5,20230615,212500,61.4799,61.4799,61.4799,61.4799,335,0
CFO.US,5,20230615,213000,61.492,61.492,61.492,61.492,363,0
CFO.US,5,20230615,213500,61.465,61.465,61.431,61.431,848,0
CFO.US,5,20230615,214500,61.45,61.48,61.45,61.46,4711,0
CFO.US,5,20230615,215500,61.44,61.44,61.43,61.43,2160,0
CFO.US,5,20230616,153000,61.46,61.46,61.46,61.46,968,0
CFO.US,5,20230616,155000,61.4998,61.4998,61.4998,61.4998,100,0
CFO.US,5,20230616,155500,61.48,61.48,61.48,61.48,900,0
CFO.US,5,20230616,160000,61.45,61.49,61.45,61.49,800,0
CFO.US,5,20230616,161000,61.53,61.53,61.4801,61.4801,1590,0
CFO.US,5,20230616,161500,61.4675,61.4675,61.465,61.465,763,0
CFO.US,5,20230616,162000,61.48,61.4868,61.4664,61.4759,1207,0
CFO.US,5,20230616,162500,61.49,61.49,61.49,61.49,150,0
CFO.US,5,20230616,163000,61.5,61.5,61.4833,61.4833,1325,0
CFO.US,5,20230616,165500,61.4634,61.4634,61.4634,61.4634,800,0
CFO.US,5,20230616,171000,61.4529,61.4529,61.4529,61.4529,500,0
CFO.US,5,20230616,173000,61.445,61.445,61.445,61.445,289,0
CFO.US,5,20230616,174500,61.44,61.4539,61.42,61.4539,722,0
CFO.US,5,20230616,175000,61.4588,61.4588,61.4588,61.4588,151,0
CFO.US,5,20230616,180000,61.4644,61.4644,61.4644,61.4644,1100,0
CFO.US,5,20230616,180500,61.455,61.455,61.455,61.455,243,0
CFO.US,5,20230616,181000,61.456,61.456,61.456,61.456,940,0
CFO.US,5,20230616,181500,61.44,61.4623,61.44,61.4623,494,0
CFO.US,5,20230616,182500,61.4472,61.4472,61.4472,61.4472,700,0
CFO.US,5,20230616,183000,61.5,61.51,61.5,61.51,500,0
CFO.US,5,20230616,184500,61.5027,61.5027,61.495,61.495,720,0
CFO.US,5,20230616,185000,61.4935,61.4977,61.4935,61.4977,1300,0
CFO.US,5,20230616,185500,61.4733,61.4733,61.4733,61.4733,283,0
CFO.US,5,20230616,190000,61.485,61.485,61.47,61.485,1725,0
CFO.US,5,20230616,192500,61.4795,61.4795,61.4795,61.4795,1411,0
CFO.US,5,20230616,201000,61.44,61.45,61.44,61.44,700,0
CFO.US,5,20230616,202500,61.44,61.4425,61.44,61.44,822,0
CFO.US,5,20230616,203500,61.4699,61.4699,61.4699,61.4699,250,0
CFO.US,5,20230616,204000,61.43,61.43,61.43,61.43,205,0
CFO.US,5,20230616,204500,61.4441,61.4441,61.4441,61.4441,473,0
CFO.US,5,20230616,205000,61.43,61.43,61.43,61.43,895,0
CFO.US,5,20230616,205500,61.42,61.4319,61.4113,61.4113,2916,0
CFO.US,5,20230616,210000,61.4398,61.4398,61.41,61.41,972,0
CFO.US,5,20230616,210500,61.42,61.42,61.4,61.4,969,0
CFO.US,5,20230616,213500,61.43,61.45,61.43,61.45,1002,0
CFO.US,5,20230616,215000,61.4396,61.44,61.4396,61.44,312,0
CFO.US,5,20230616,215500,61.4345,61.4345,61.4345,61.4345,200,0
CFO.US,5,20230620,153000,61.35,61.35,61.35,61.35,614,0
CFO.US,5,20230620,153500,61.3342,61.3342,61.3342,61.3342,286,0
CFO.US,5,20230620,154000,61.37,61.37,61.37,61.37,200,0
CFO.US,5,20230620,160500,61.3154,61.3154,61.3154,61.3154,324,0
CFO.US,5,20230620,161000,61.34,61.34,61.34,61.34,100,0
CFO.US,5,20230620,161500,61.33,61.33,61.33,61.33,600,0
CFO.US,5,20230620,162000,61.29,61.3,61.29,61.3,200,0
CFO.US,5,20230620,163000,61.295,61.295,61.295,61.295,200,0
CFO.US,5,20230620,165500,61.3,61.3,61.3,61.3,665,0
CFO.US,5,20230620,170000,61.32,61.32,61.2901,61.2901,444,0
CFO.US,5,20230620,171000,61.2772,61.2772,61.2772,61.2772,190,0
CFO.US,5,20230620,174500,61.305,61.305,61.305,61.305,100,0
CFO.US,5,20230620,175000,61.328,61.328,61.328,61.328,325,0
CFO.US,5,20230620,191000,61.3296,61.335,61.3296,61.335,598,0
CFO.US,5,20230620,192000,61.36,61.37,61.36,61.37,200,0
CFO.US,5,20230620,192500,61.36,61.37,61.36,61.36,3200,0
CFO.US,5,20230620,193500,61.34,61.34,61.34,61.34,147,0
CFO.US,5,20230620,195500,61.332,61.332,61.332,61.332,266,0
CFO.US,5,20230620,200000,61.3358,61.3358,61.3358,61.3358,676,0
CFO.US,5,20230620,200500,61.3277,61.34,61.3277,61.34,298,0
CFO.US,5,20230620,201500,61.3519,61.3519,61.3519,61.3519,200,0
CFO.US,5,20230620,202500,61.3675,61.3675,61.3675,61.3675,311,0
CFO.US,5,20230620,203000,61.34,61.34,61.34,61.34,416,0
CFO.US,5,20230620,203500,61.34,61.34,61.33,61.34,1180,0
CFO.US,5,20230620,210500,61.3599,61.36,61.3599,61.36,1942,0
CFO.US,5,20230620,211500,61.335,61.335,61.335,61.335,327,0
CFO.US,5,20230620,213000,61.34,61.34,61.3105,61.33,840,0
CFO.US,5,20230620,213500,61.3399,61.3399,61.3399,61.3399,120,0
CFO.US,5,20230620,214000,61.33,61.34,61.33,61.34,500,0
CFO.US,5,20230620,214500,61.33,61.3499,61.33,61.33,1385,0
CFO.US,5,20230620,215000,61.34,61.34,61.31,61.33,1800,0
CFO.US,5,20230620,215500,61.31,61.33,61.31,61.31,300,0
CFO.US,5,20230621,153000,61.26,61.317,61.17,61.317,735,0
CFO.US,5,20230621,153500,61.255,61.255,61.255,61.255,490,0
CFO.US,5,20230621,154000,61.26,61.26,61.25,61.25,200,0
CFO.US,5,20230621,154500,61.27,61.3,61.27,61.3,400,0
CFO.US,5,20230621,155000,61.3,61.3,61.3,61.3,100,0
CFO.US,5,20230621,155500,61.31,61.31,61.31,61.31,200,0
CFO.US,5,20230621,160500,61.2999,61.2999,61.2999,61.2999,410,0
CFO.US,5,20230621,161500,61.3178,61.3178,61.3178,61.3178,313,0
CFO.US,5,20230621,163000,61.32,61.325,61.32,61.325,400,0
CFO.US,5,20230621,163500,61.3419,61.3419,61.3419,61.3419,112,0
CFO.US,5,20230621,164000,61.3172,61.3172,61.3172,61.3172,287,0
CFO.US,5,20230621,164500,61.3235,61.3235,61.3235,61.3235,299,0
CFO.US,5,20230621,171500,61.33,61.33,61.33,61.33,112,0
CFO.US,5,20230621,172000,61.34,61.34,61.3247,61.3247,1158,0
CFO.US,5,20230621,172500,61.3467,61.3467,61.3467,61.3467,367,0
CFO.US,5,20230621,174500,61.3469,61.3469,61.3469,61.3469,330,0
CFO.US,5,20230621,175000,61.34,61.34,61.34,61.34,267,0
CFO.US,5,20230621,180000,61.336,61.3699,61.3321,61.3321,1785,0
CFO.US,5,20230621,181000,61.3529,61.3529,61.3529,61.3529,674,0
CFO.US,5,20230621,183500,61.3301,61.3301,61.3301,61.3301,346,0
CFO.US,5,20230621,184500,61.3536,61.3536,61.3536,61.3536,432,0
CFO.US,5,20230621,185000,61.34,61.34,61.34,61.34,1719,0
CFO.US,5,20230621,190000,61.3222,61.33,61.31,61.33,747,0
CFO.US,5,20230621,191500,61.33,61.33,61.33,61.33,456,0
CFO.US,5,20230621,194000,61.3499,61.3499,61.3499,61.3499,999,0
CFO.US,5,20230621,195000,61.335,61.335,61.335,61.335,100,0
CFO.US,5,20230621,200500,61.34,61.34,61.34,61.34,500,0
CFO.US,5,20230621,201000,61.3301,61.3331,61.3301,61.3331,514,0
CFO.US,5,20230621,201500,61.37,61.37,61.37,61.37,100,0
CFO.US,5,20230621,202000,61.357,61.357,61.357,61.357,121,0
CFO.US,5,20230621,205500,61.3851,61.3851,61.3851,61.3851,217,0
CFO.US,5,20230621,210000,61.375,61.375,61.36,61.36,600,0
CFO.US,5,20230621,211500,61.3553,61.36,61.349,61.36,1088,0
CFO.US,5,20230621,212000,61.36,61.3692,61.33,61.3445,2577,0
CFO.US,5,20230621,213000,61.34,61.34,61.31,61.31,1300,0
CFO.US,5,20230621,213500,61.335,61.335,61.33,61.33,553,0
CFO.US,5,20230621,214500,61.3292,61.3292,61.3292,61.3292,375,0
CFO.US,5,20230621,215500,61.36,61.36,61.35,61.36,804,0
CFO.US,5,20230622,153000,61.21,61.21,61.21,61.21,437,0
CFO.US,5,20230622,153500,61.26,61.2799,61.26,61.2799,671,0
CFO.US,5,20230622,154000,61.26,61.26,61.26,61.26,100,0
CFO.US,5,20230622,155000,61.26,61.28,61.26,61.28,300,0
CFO.US,5,20230622,155500,61.27,61.27,61.27,61.27,1860,0
CFO.US,5,20230622,161000,61.3099,61.3099,61.3099,61.3099,200,0
CFO.US,5,20230622,164000,61.26,61.26,61.26,61.26,100,0
CFO.US,5,20230622,165000,61.27,61.27,61.2442,61.2442,5382,0
CFO.US,5,20230622,165500,61.2735,61.2735,61.2735,61.2735,100,0
CFO.US,5,20230622,171000,61.25,61.25,61.25,61.25,326,0
CFO.US,5,20230622,171500,61.26,61.26,61.26,61.26,100,0
CFO.US,5,20230622,172000,61.2457,61.2681,61.2457,61.2681,433,0
CFO.US,5,20230622,173500,61.2401,61.2401,61.2401,61.2401,230,0
CFO.US,5,20230622,174000,61.27,61.27,61.27,61.27,249,0
CFO.US,5,20230622,175000,61.27,61.27,61.27,61.27,100,0
CFO.US,5,20230622,181000,61.2547,61.2547,61.2547,61.2547,149,0
CFO.US,5,20230622,181500,61.24,61.27,61.24,61.27,784,0
CFO.US,5,20230622,182500,61.28,61.28,61.28,61.28,100,0
CFO.US,5,20230622,183500,61.28,61.28,61.28,61.28,157,0
CFO.US,5,20230622,184000,61.275,61.275,61.275,61.275,1153,0
CFO.US,5,20230622,184500,61.27,61.27,61.27,61.27,358,0
CFO.US,5,20230622,185000,61.27,61.27,61.27,61.27,335,0
CFO.US,5,20230622,190000,61.26,61.26,61.26,61.26,100,0
CFO.US,5,20230622,190500,61.26,61.26,61.25,61.25,700,0
CFO.US,5,20230622,192500,61.2719,61.2719,61.2719,61.2719,528,0
CFO.US,5,20230622,193500,61.2722,61.2722,61.2722,61.2722,127,0
CFO.US,5,20230622,194500,61.275,61.275,61.2562,61.2723,1442,0
CFO.US,5,20230622,195000,61.275,61.275,61.275,61.275,100,0
CFO.US,5,20230622,200000,61.2654,61.2654,61.2654,61.2654,267,0
CFO.US,5,20230622,202500,61.28,61.28,61.28,61.28,100,0
CFO.US,5,20230622,203500,61.2824,61.2824,61.2801,61.2801,420,0
CFO.US,5,20230622,204500,61.29,61.29,61.29,61.29,100,0
CFO.US,5,20230622,205000,61.3,61.3,61.3,61.3,500,0
CFO.US,5,20230622,205500,61.3,61.3,61.3,61.3,500,0
CFO.US,5,20230622,210000,61.3,61.31,61.2889,61.31,672,0
CFO.US,5,20230622,210500,61.31,61.31,61.31,61.31,100,0
CFO.US,5,20230622,212500,61.29,61.29,61.2672,61.28,787,0
CFO.US,5,20230622,213500,61.2632,61.2632,61.2632,61.2632,513,0
CFO.US,5,20230622,214000,61.29,61.3,61.2701,61.2979,1721,0
CFO.US,5,20230622,214500,61.2875,61.3,61.28,61.28,610,0
CFO.US,5,20230622,215000,61.31,61.31,61.31,61.31,100,0
CFO.US,5,20230622,215500,61.32,61.32,61.32,61.32,300,0
CFO.US,5,20230623,153000,61.26,61.26,61.26,61.26,301,0
CFO.US,5,20230623,153500,61.1472,61.2,61.1472,61.2,3465,0
CFO.US,5,20230623,154500,61.21,61.21,61.21,61.21,100,0
CFO.US,5,20230623,160500,61.2365,61.2365,61.2365,61.2365,238,0
CFO.US,5,20230623,161000,61.23,61.23,61.23,61.23,300,0
CFO.US,5,20230623,165000,61.2329,61.2329,61.2329,61.2329,1993,0
CFO.US,5,20230623,165500,61.2066,61.2066,61.1964,61.1964,535,0
CFO.US,5,20230623,170500,61.23,61.23,61.215,61.2251,513,0
CFO.US,5,20230623,171500,61.22,61.22,61.202,61.202,767,0
CFO.US,5,20230623,172000,61.2057,61.2211,61.2057,61.2195,654,0
CFO.US,5,20230623,174500,61.2114,61.2114,61.2114,61.2114,176,0
CFO.US,5,20230623,175000,61.2062,61.2062,61.2062,61.2062,2164,0
CFO.US,5,20230623,175500,61.2019,61.2019,61.2019,61.2019,700,0
CFO.US,5,20230623,180000,61.24,61.24,61.22,61.22,1361,0
CFO.US,5,20230623,181000,61.2071,61.2239,61.2071,61.2167,1112,0
CFO.US,5,20230623,181500,61.2077,61.24,61.2077,61.2325,554,0
CFO.US,5,20230623,182000,61.25,61.25,61.25,61.25,699,0
CFO.US,5,20230623,183000,61.23,61.24,61.21,61.23,5200,0
CFO.US,5,20230623,184000,61.23,61.25,61.23,61.25,279,0
CFO.US,5,20230623,185000,61.24,61.24,61.24,61.24,200,0
CFO.US,5,20230623,191000,61.24,61.24,61.2019,61.2019,373,0
CFO.US,5,20230623,192000,61.2277,61.2277,61.2277,61.2277,240,0
CFO.US,5,20230623,193000,61.24,61.24,61.24,61.24,100,0
CFO.US,5,20230623,194000,61.23,61.23,61.2101,61.23,12634,0
CFO.US,5,20230623,200500,61.22,61.22,61.22,61.22,100,0
CFO.US,5,20230623,201000,61.2026,61.21,61.2026,61.21,220,0
CFO.US,5,20230623,201500,61.187,61.187,61.187,61.187,179,0
CFO.US,5,20230623,202500,61.2023,61.2023,61.2023,61.2023,223,0
CFO.US,5,20230623,203000,61.2039,61.2039,61.2,61.2,514,0
CFO.US,5,20230623,204500,61.1899,61.1899,61.1899,61.1899,200,0
CFO.US,5,20230623,205500,61.19,61.19,61.19,61.19,169,0
CFO.US,5,20230623,210000,61.17,61.17,61.17,61.17,2700,0
CFO.US,5,20230623,210500,61.17,61.17,61.17,61.17,100,0
CFO.US,5,20230623,211000,61.17,61.19,61.17,61.19,463,0
CFO.US,5,20230623,212500,61.19,61.19,61.19,61.19,100,0
CFO.US,5,20230623,214500,61.2,61.21,61.2,61.2081,486,0
CFO.US,5,20230623,215000,61.2,61.2,61.2,61.2,200,0
CFO.US,5,20230623,215500,61.21,61.25,61.17,61.25,655,0
CFO.US,5,20230626,154000,61.26,61.26,61.26,61.26,100,0
CFO.US,5,20230626,160000,61.2618,61.2618,61.2618,61.2618,121,0
CFO.US,5,20230626,161000,61.24,61.24,61.24,61.24,100,0
CFO.US,5,20230626,162000,61.2599,61.2599,61.2599,61.2599,401,0
CFO.US,5,20230626,164000,61.21,61.21,61.21,61.21,100,0
CFO.US,5,20230626,165000,61.2204,61.2204,61.2204,61.2204,408,0
CFO.US,5,20230626,172000,61.25,61.2594,61.25,61.2594,686,0
CFO.US,5,20230626,174000,61.2311,61.2311,61.2311,61.2311,126,0
CFO.US,5,20230626,182000,61.2601,61.2601,61.2601,61.2601,325,0
CFO.US,5,20230626,190000,61.3024,61.3024,61.3024,61.3024,407,0
CFO.US,5,20230626,190500,61.2999,61.2999,61.2999,61.2999,110,0
CFO.US,5,20230626,192000,61.29,61.29,61.29,61.29,100,0
CFO.US,5,20230626,193000,61.282,61.282,61.282,61.282,472,0
CFO.US,5,20230626,194500,61.2816,61.2816,61.2816,61.2816,100,0
CFO.US,5,20230626,203000,61.27,61.28,61.27,61.28,897,0
CFO.US,5,20230626,203500,61.3,61.3,61.3,61.3,264,0
CFO.US,5,20230626,205000,61.301,61.301,61.301,61.301,122,0
CFO.US,5,20230626,205500,61.29,61.29,61.29,61.29,100,0
CFO.US,5,20230626,213500,61.3015,61.3015,61.3015,61.3015,1508,0
CFO.US,5,20230626,214000,61.29,61.29,61.29,61.29,400,0
CFO.US,5,20230626,214500,61.28,61.28,61.28,61.28,113,0
CFO.US,5,20230626,215500,61.1701,61.2485,61.1701,61.212,887,0
CFO.US,5,20230627,153000,61.31,61.31,61.31,61.31,624,0
CFO.US,5,20230627,153500,61.31,61.31,61.31,61.31,100,0
CFO.US,5,20230627,160000,61.29,61.29,61.29,61.29,600,0
CFO.US,5,20230627,161500,61.3015,61.3015,61.3015,61.3015,150,0
CFO.US,5,20230627,162000,61.33,61.33,61.33,61.33,100,0
CFO.US,5,20230627,163000,61.33,61.34,61.33,61.34,591,0
CFO.US,5,20230627,163500,61.34,61.34,61.34,61.34,100,0
CFO.US,5,20230627,171000,61.3617,61.3617,61.3617,61.3617,150,0
CFO.US,5,20230627,171500,61.365,61.365,61.36,61.36,2000,0
CFO.US,5,20230627,172500,61.3501,61.3501,61.3501,61.3501,118,0
CFO.US,5,20230627,174000,61.3844,61.3844,61.3844,61.3844,337,0
CFO.US,5,20230627,182500,61.395,61.395,61.395,61.395,100,0
CFO.US,5,20230627,183000,61.395,61.395,61.395,61.395,100,0
CFO.US,5,20230627,183500,61.41,61.41,61.41,61.41,100,0
CFO.US,5,20230627,184000,61.41,61.41,61.41,61.41,300,0
CFO.US,5,20230627,190500,61.4011,61.4011,61.4011,61.4011,300,0
CFO.US,5,20230627,191000,61.3953,61.3953,61.3953,61.3953,575,0
CFO.US,5,20230627,191500,61.41,61.41,61.41,61.41,110,0
CFO.US,5,20230627,195500,61.4309,61.4359,61.422,61.4359,440,0
CFO.US,5,20230627,202000,61.435,61.435,61.435,61.435,382,0
CFO.US,5,20230627,202500,61.432,61.4442,61.432,61.4442,380,0
CFO.US,5,20230627,204500,61.44,61.44,61.44,61.44,200,0
CFO.US,5,20230627,205500,61.43,61.43,61.43,61.43,100,0
CFO.US,5,20230627,210500,61.4552,61.4552,61.44,61.45,672,0
CFO.US,5,20230627,212000,61.4469,61.4469,61.4469,61.4469,227,0
CFO.US,5,20230627,212500,61.44,61.4539,61.435,61.4539,767,0
CFO.US,5,20230627,213000,61.4555,61.4555,61.45,61.45,962,0
CFO.US,5,20230627,213500,61.4334,61.46,61.43,61.44,1423,0
CFO.US,5,20230627,214500,61.45,61.45,61.45,61.45,800,0
CFO.US,5,20230627,215000,61.4599,61.4599,61.4599,61.4599,400,0
CFO.US,5,20230627,215500,61.45,61.45,61.45,61.45,500,0
CFO.US,5,20230628,153000,61.38,61.38,61.38,61.38,289,0
CFO.US,5,20230628,153500,61.36,61.36,61.36,61.36,825,0
CFO.US,5,20230628,154000,61.365,61.38,61.365,61.38,1050,0
CFO.US,5,20230628,154500,61.36,61.36,61.36,61.36,100,0
CFO.US,5,20230628,155000,61.34,61.34,61.34,61.34,100,0
CFO.US,5,20230628,162000,61.38,61.38,61.38,61.38,200,0
CFO.US,5,20230628,163500,61.4,61.4,61.4,61.4,115,0
CFO.US,5,20230628,164000,61.3749,61.3749,61.3749,61.3749,176,0
CFO.US,5,20230628,170000,61.37,61.3739,61.37,61.3739,220,0
CFO.US,5,20230628,171000,61.3627,61.3627,61.3627,61.3627,1100,0
CFO.US,5,20230628,173000,61.3701,61.39,61.3701,61.39,1222,0
CFO.US,5,20230628,174500,61.395,61.395,61.395,61.395,1294,0
CFO.US,5,20230628,175000,61.3881,61.3977,61.3881,61.3977,4760,0
CFO.US,5,20230628,175500,61.38,61.38,61.38,61.38,100,0
CFO.US,5,20230628,181000,61.4,61.4,61.4,61.4,100,0
CFO.US,5,20230628,182500,61.4298,61.4298,61.4298,61.4298,126,0
CFO.US,5,20230628,184000,61.38,61.38,61.36,61.365,774,0
CFO.US,5,20230628,184500,61.375,61.375,61.375,61.375,100,0
CFO.US,5,20230628,185000,61.36,61.36,61.35,61.35,885,0
CFO.US,5,20230628,192500,61.3884,61.3884,61.3884,61.3884,535,0
CFO.US,5,20230628,201500,61.369,61.369,61.369,61.369,300,0
CFO.US,5,20230628,204000,61.3712,61.3712,61.3712,61.3712,400,0
CFO.US,5,20230628,205500,61.375,61.375,61.36,61.36,1473,0
CFO.US,5,20230628,210000,61.38,61.38,61.38,61.38,114,0
CFO.US,5,20230628,211000,61.3643,61.3643,61.3643,61.3643,454,0
CFO.US,5,20230628,211500,61.3742,61.3742,61.37,61.37,300,0
CFO.US,5,20230628,212000,61.38,61.38,61.38,61.38,294,0
CFO.US,5,20230628,212500,61.39,61.39,61.38,61.38,300,0
CFO.US,5,20230628,214000,61.38,61.38,61.38,61.38,200,0
CFO.US,5,20230628,214500,61.38,61.38,61.38,61.38,380,0
CFO.US,5,20230628,215000,61.38,61.39,61.38,61.39,500,0
CFO.US,5,20230628,215500,61.355,61.52,61.355,61.52,448,0
CFO.US,5,20230629,153000,61.38,61.38,61.38,61.38,766,0
CFO.US,5,20230629,153500,61.44,61.44,61.44,61.44,200,0
CFO.US,5,20230629,154000,61.4428,61.4428,61.4428,61.4428,306,0
CFO.US,5,20230629,154500,61.435,61.435,61.43,61.43,300,0
CFO.US,5,20230629,155000,61.4414,61.4491,61.4414,61.4491,1469,0
CFO.US,5,20230629,155500,61.45,61.46,61.45,61.46,300,0
CFO.US,5,20230629,162000,61.4959,61.4959,61.4959,61.4959,111,0
CFO.US,5,20230629,163000,61.47,61.47,61.46,61.46,1169,0
CFO.US,5,20230629,164500,61.45,61.45,61.45,61.45,230,0
CFO.US,5,20230629,170000,61.46,61.4602,61.46,61.4602,409,0
CFO.US,5,20230629,171000,61.4725,61.4725,61.4725,61.4725,653,0
CFO.US,5,20230629,171500,61.4735,61.4735,61.47,61.47,500,0
CFO.US,5,20230629,172500,61.49,61.49,61.47,61.4701,563,0
CFO.US,5,20230629,173500,61.49,61.49,61.49,61.49,268,0
CFO.US,5,20230629,174000,61.4821,61.4821,61.47,61.47,1414,0
CFO.US,5,20230629,175000,61.4742,61.4742,61.4742,61.4742,278,0
CFO.US,5,20230629,180000,61.4951,61.4951,61.4951,61.4951,1092,0
CFO.US,5,20230629,180500,61.4826,61.4826,61.4826,61.4826,609,0
CFO.US,5,20230629,182500,61.5111,61.5111,61.5111,61.5111,386,0
CFO.US,5,20230629,184000,61.52,61.52,61.51,61.52,3500,0
CFO.US,5,20230629,185500,61.5185,61.5185,61.51,61.51,394,0
CFO.US,5,20230629,191000,61.49,61.4942,61.4801,61.4801,788,0
CFO.US,5,20230629,194000,61.5049,61.5049,61.5049,61.5049,326,0
CFO.US,5,20230629,194500,61.5,61.5,61.5,61.5,100,0
CFO.US,5,20230629,195500,61.48,61.49,61.48,61.49,300,0
CFO.US,5,20230629,200000,61.46,61.46,61.46,61.46,100,0
CFO.US,5,20230629,202000,61.5,61.5,61.4999,61.4999,200,0
CFO.US,5,20230629,202500,61.4996,61.4996,61.49,61.49,208,0
CFO.US,5,20230629,203000,61.5,61.5,61.4828,61.4828,1125,0
CFO.US,5,20230629,205000,61.48,61.49,61.4709,61.48,4876,0
CFO.US,5,20230629,210000,61.4959,61.4959,61.4959,61.4959,230,0
CFO.US,5,20230629,213000,61.51,61.515,61.51,61.515,856,0
CFO.US,5,20230629,213500,61.51,61.51,61.51,61.51,772,0
CFO.US,5,20230629,214500,61.53,61.53,61.53,61.53,100,0
CFO.US,5,20230629,215500,61.6,61.6,61.52,61.52,465,0
CFO.US,5,20230630,153000,61.56,61.635,61.56,61.635,2176,0
CFO.US,5,20230630,154500,61.62,61.63,61.61,61.63,400,0
CFO.US,5,20230630,155000,61.64,61.64,61.64,61.64,100,0
CFO.US,5,20230630,155500,61.6226,61.66,61.6226,61.66,1646,0
CFO.US,5,20230630,160000,61.66,61.66,61.66,61.66,129,0
CFO.US,5,20230630,162500,61.6301,61.6301,61.6301,61.6301,125,0
CFO.US,5,20230630,163500,61.63,61.63,61.62,61.625,1048,0
CFO.US,5,20230630,165500,61.635,61.635,61.635,61.635,251,0
CFO.US,5,20230630,170500,61.6599,61.6599,61.63,61.63,2142,0
CFO.US,5,20230630,172500,61.6599,61.6599,61.6599,61.6599,176,0
CFO.US,5,20230630,173500,61.635,61.635,61.635,61.635,483,0
CFO.US,5,20230630,174000,61.63,61.63,61.63,61.63,300,0
CFO.US,5,20230630,175000,61.6229,61.6229,61.6229,61.6229,110,0
CFO.US,5,20230630,180500,61.6467,61.6467,61.6467,61.6467,170,0
CFO.US,5,20230630,195500,61.68,61.69,61.68,61.69,200,0
CFO.US,5,20230630,203500,61.709,61.709,61.709,61.709,151,0
CFO.US,5,20230630,204500,61.716,61.716,61.716,61.716,107,0
CFO.US,5,20230630,210000,61.7251,61.7251,61.715,61.715,230,0
CFO.US,5,20230630,211000,61.71,61.71,61.71,61.71,39933,0
CFO.US,5,20230630,211500,61.71,61.71,61.71,61.71,100,0
CFO.US,5,20230630,212500,61.7,61.71,61.7,61.71,2509,0
CFO.US,5,20230630,213000,61.71,61.71,61.71,61.71,1300,0
CFO.US,5,20230630,213500,61.71,61.71,61.7028,61.7028,1917,0
CFO.US,5,20230630,214000,61.71,61.71,61.71,61.71,500,0
CFO.US,5,20230630,214500,61.6909,61.6909,61.6909,61.6909,162,0
CFO.US,5,20230630,215000,61.6705,61.69,61.6705,61.69,1260,0
CFO.US,5,20230630,215500,61.71,61.71,61.65,61.65,621,0
CFO.US,5,20230703,153000,61.59,61.59,61.59,61.59,1088,0
CFO.US,5,20230703,153500,61.63,61.63,61.63,61.63,900,0
CFO.US,5,20230703,154000,61.63,61.65,61.63,61.65,200,0
CFO.US,5,20230703,154500,61.63,61.6317,61.63,61.6317,369,0
CFO.US,5,20230703,155000,61.63,61.6399,61.63,61.6399,1243,0
CFO.US,5,20230703,160000,61.65,61.65,61.65,61.65,900,0
CFO.US,5,20230703,160500,61.66,61.66,61.66,61.66,100,0
CFO.US,5,20230703,162000,61.6776,61.6776,61.6776,61.6776,112,0
CFO.US,5,20230703,162500,61.67,61.6894,61.67,61.6894,205,0
CFO.US,5,20230703,163500,61.68,61.68,61.68,61.68,100,0
CFO.US,5,20230703,165000,61.68,61.68,61.68,61.68,100,0
CFO.US,5,20230703,170000,61.6736,61.6736,61.6736,61.6736,104,0
CFO.US,5,20230703,172500,61.6931,61.6931,61.6931,61.6931,233,0
CFO.US,5,20230703,173000,61.68,61.68,61.68,61.68,100,0
CFO.US,5,20230703,174000,61.6843,61.69,61.6843,61.69,391,0
CFO.US,5,20230703,175500,61.6864,61.69,61.6811,61.69,1168,0
CFO.US,5,20230703,181500,61.69,61.69,61.69,61.69,100,0
CFO.US,5,20230703,182000,61.7,61.7,61.695,61.695,669,0
CFO.US,5,20230703,183500,61.7,61.7,61.7,61.7,300,0
CFO.US,5,20230703,184000,61.69,61.69,61.6741,61.6741,399,0
CFO.US,5,20230703,184500,61.7,61.7,61.7,61.7,400,0
CFO.US,5,20230703,185500,61.73,61.73,61.71,61.71,1400,0
CFO.US,5,20230705,153000,61.49,61.49,61.49,61.49,348,0
CFO.US,5,20230705,153500,61.34,61.34,61.34,61.34,420,0
CFO.US,5,20230705,154000,61.33,61.33,61.2755,61.2755,1810,0
CFO.US,5,20230705,154500,61.3255,61.3255,61.2927,61.2927,1515,0
CFO.US,5,20230705,155000,61.3939,61.4091,61.3939,61.4,1254,0
CFO.US,5,20230705,155500,61.37,61.37,61.37,61.37,100,0
CFO.US,5,20230705,160500,61.39,61.39,61.39,61.39,940,0
CFO.US,5,20230705,162500,61.315,61.315,61.315,61.315,100,0
CFO.US,5,20230705,163500,61.37,61.37,61.37,61.37,100,0
CFO.US,5,20230705,164000,61.3967,61.3967,61.3967,61.3967,210,0
CFO.US,5,20230705,164500,61.35,61.35,61.35,61.35,100,0
CFO.US,5,20230705,170000,61.4471,61.46,61.4471,61.46,3222,0
CFO.US,5,20230705,171000,61.4331,61.48,61.4331,61.48,54200,0
CFO.US,5,20230705,171500,61.47,61.47,61.42,61.42,15658,0
CFO.US,5,20230705,172000,61.49,61.5,61.49,61.5,401,0
CFO.US,5,20230705,172500,61.49,61.5472,61.49,61.5472,1568,0
CFO.US,5,20230705,173000,61.5449,61.5449,61.5449,61.5449,114,0
CFO.US,5,20230705,173500,61.5452,61.5452,61.5452,61.5452,1327,0
CFO.US,5,20230705,174000,61.56,61.56,61.56,61.56,100,0
CFO.US,5,20230705,175000,61.5,61.5007,61.48,61.4901,19995,0
CFO.US,5,20230705,175500,61.51,61.51,61.4643,61.4643,11650,0
CFO.US,5,20230705,180000,61.47,61.4907,61.47,61.4907,5583,0
CFO.US,5,20230705,181500,61.4563,61.4563,61.45,61.45,342,0
CFO.US,5,20230705,182500,61.4599,61.46,61.4599,61.46,1058,0
CFO.US,5,20230705,183000,61.45,61.45,61.42,61.42,586,0
CFO.US,5,20230705,183500,61.38,61.39,61.38,61.39,300,0
CFO.US,5,20230705,184000,61.41,61.41,61.41,61.41,100,0
CFO.US,5,20230705,185000,61.405,61.405,61.405,61.405,363,0
CFO.US,5,20230705,185500,61.382,61.382,61.382,61.382,418,0
CFO.US,5,20230705,190000,61.41,61.41,61.41,61.41,355,0
CFO.US,5,20230705,192000,61.4291,61.4291,61.41,61.41,1601,0
CFO.US,5,20230705,192500,61.43,61.43,61.43,61.43,100,0
CFO.US,5,20230705,193500,61.4026,61.4026,61.4026,61.4026,327,0
CFO.US,5,20230705,194000,61.44,61.44,61.4363,61.4363,265,0
CFO.US,5,20230705,194500,61.432,61.432,61.432,61.432,1354,0
CFO.US,5,20230705,195000,61.459,61.459,61.459,61.459,1394,0
CFO.US,5,20230705,195500,61.43,61.44,61.42,61.44,20529,0
CFO.US,5,20230705,200500,61.45,61.47,61.445,61.47,2572,0
CFO.US,5,20230705,201000,61.44,61.44,61.44,61.44,100,0
CFO.US,5,20230705,201500,61.38,61.38,61.358,61.358,695,0
CFO.US,5,20230705,202000,61.3303,61.3303,61.31,61.3279,12948,0
CFO.US,5,20230705,202500,61.36,61.36,61.36,61.36,300,0
CFO.US,5,20230705,203000,61.3675,61.3675,61.3675,61.3675,200,0
CFO.US,5,20230705,203500,61.355,61.4129,61.355,61.4129,280,0
CFO.US,5,20230705,204000,61.405,61.405,61.405,61.405,240,0
CFO.US,5,20230705,204500,61.4319,61.4319,61.4319,61.4319,699,0
CFO.US,5,20230705,205000,61.4309,61.4309,61.4309,61.4309,1400,0
CFO.US,5,20230705,205500,61.48,61.48,61.48,61.48,100,0
CFO.US,5,20230705,210000,61.4879,61.4879,61.4879,61.4879,215,0
CFO.US,5,20230705,211000,61.4758,61.48,61.4758,61.48,1215,0
CFO.US,5,20230705,212000,61.5,61.5,61.5,61.5,100,0
CFO.US,5,20230705,212500,61.48,61.53,61.48,61.51,1675,0
CFO.US,5,20230705,213500,61.5,61.51,61.49,61.49,893,0
CFO.US,5,20230705,214000,61.5,61.5,61.48,61.48,880,0
CFO.US,5,20230705,214500,61.47,61.47,61.4416,61.4416,864,0
CFO.US,5,20230705,215000,61.443,61.443,61.443,61.443,1547,0
CFO.US,5,20230705,215500,61.41,61.48,61.41,61.48,320,0
CFO.US,5,20230706,153000,60.93,60.93,60.93,60.93,1505,0
CFO.US,5,20230706,154000,60.88,60.88,60.8,60.8,300,0
CFO.US,5,20230706,155500,60.83,60.83,60.8,60.8,1000,0
CFO.US,5,20230706,160000,60.81,60.81,60.81,60.81,500,0
CFO.US,5,20230706,160500,60.8,60.8,60.8,60.8,700,0
CFO.US,5,20230706,162000,60.6487,60.6487,60.6487,60.6487,1006,0
CFO.US,5,20230706,164500,60.6149,60.6149,60.6149,60.6149,268,0
CFO.US,5,20230706,170000,60.6051,60.6051,60.6051,60.6051,1888,0
CFO.US,5,20230706,172500,60.6563,60.6563,60.6563,60.6563,223,0
CFO.US,5,20230706,173000,60.67,60.67,60.67,60.67,100,0
CFO.US,5,20230706,173500,60.65,60.65,60.6301,60.6301,360,0
CFO.US,5,20230706,174500,60.6991,60.6991,60.6991,60.6991,698,0
CFO.US,5,20230706,175000,60.6997,60.6997,60.699,60.699,373,0
CFO.US,5,20230706,180500,60.75,60.75,60.75,60.75,100,0
CFO.US,5,20230706,181000,60.76,60.76,60.76,60.76,440,0
CFO.US,5,20230706,182500,60.79,60.79,60.79,60.79,130,0
CFO.US,5,20230706,183000,60.8039,60.8039,60.8039,60.8039,144,0
CFO.US,5,20230706,185500,60.84,60.84,60.84,60.84,100,0
CFO.US,5,20230706,192000,60.87,60.87,60.87,60.87,200,0
CFO.US,5,20230706,192500,60.8863,60.8863,60.8755,60.8755,978,0
CFO.US,5,20230706,193000,60.8678,60.87,60.8678,60.87,998,0
CFO.US,5,20230706,194500,60.8759,60.89,60.8759,60.89,977,0
CFO.US,5,20230706,202000,60.88,60.88,60.875,60.88,1004,0
CFO.US,5,20230706,202500,60.895,60.895,60.895,60.895,155,0
CFO.US,5,20230706,203000,60.8762,60.89,60.8762,60.89,429,0
CFO.US,5,20230706,204000,60.93,60.93,60.93,60.93,124,0
CFO.US,5,20230706,211500,60.94,60.94,60.94,60.94,171,0
CFO.US,5,20230706,213000,60.95,60.95,60.95,60.95,200,0
CFO.US,5,20230706,213500,60.97,60.97,60.97,60.97,200,0
CFO.US,5,20230706,214000,60.92,60.92,60.92,60.92,175,0
CFO.US,5,20230706,215000,60.9901,60.9901,60.9901,60.9901,740,0
CFO.US,5,20230706,215500,60.99,60.99,60.99,60.99,467,0
CFO.US,5,20230707,153000,60.84,60.84,60.84,60.84,836,0
CFO.US,5,20230707,153500,60.959,60.959,60.959,60.959,300,0
CFO.US,5,20230707,154000,60.9905,60.9905,60.9905,60.9905,1035,0
CFO.US,5,20230707,154500,60.96,60.96,60.96,60.96,100,0
CFO.US,5,20230707,155500,61.08,61.08,61.08,61.08,147,0
CFO.US,5,20230707,160500,61.06,61.06,61.06,61.06,935,0
CFO.US,5,20230707,161000,61.1,61.1,61.0993,61.0993,1955,0
CFO.US,5,20230707,162000,61.09,61.09,61.09,61.09,636,0
CFO.US,5,20230707,162500,61.11,61.11,61.11,61.11,378,0
CFO.US,5,20230707,163000,61.1,61.1,61.1,61.1,430,0
CFO.US,5,20230707,182500,61.259,61.259,61.25,61.25,428,0
CFO.US,5,20230707,183000,61.27,61.28,61.27,61.28,300,0
CFO.US,5,20230707,184000,61.4175,61.4175,61.4175,61.4175,125,0
CFO.US,5,20230707,185500,61.432,61.432,61.432,61.432,129,0
CFO.US,5,20230707,190000,61.49,61.49,61.49,61.49,100,0
CFO.US,5,20230707,190500,61.5043,61.5043,61.49,61.49,1528,0
CFO.US,5,20230707,193000,61.475,61.475,61.475,61.475,308,0
CFO.US,5,20230707,193500,61.43,61.43,61.43,61.43,100,0
CFO.US,5,20230707,194000,61.43,61.43,61.43,61.43,347,0
CFO.US,5,20230707,194500,61.41,61.41,61.41,61.41,100,0
CFO.US,5,20230707,195000,61.3998,61.3998,61.3998,61.3998,400,0
CFO.US,5,20230707,195500,61.37,61.37,61.37,61.37,100,0
CFO.US,5,20230707,202000,61.34,61.34,61.34,61.34,170,0
CFO.US,5,20230707,204000,61.355,61.355,61.3365,61.3365,1215,0
CFO.US,5,20230707,205000,61.335,61.335,61.335,61.335,200,0
CFO.US,5,20230707,205500,61.3155,61.3155,61.3155,61.3155,638,0
CFO.US,5,20230707,210000,61.3421,61.3421,61.3421,61.3421,130,0
CFO.US,5,20230707,210500,61.35,61.37,61.34,61.37,7204,0
CFO.US,5,20230707,211000,61.32,61.35,61.32,61.3445,1388,0
CFO.US,5,20230707,211500,61.35,61.35,61.2776,61.2776,873,0
CFO.US,5,20230707,212000,61.26,61.26,61.25,61.25,828,0
CFO.US,5,20230707,212500,61.25,61.25,61.25,61.25,222,0
CFO.US,5,20230707,213500,61.26,61.26,61.26,61.26,105,0
CFO.US,5,20230707,215000,60.99,60.99,60.99,60.99,100,0
CFO.US,5,20230707,215500,60.96,60.97,60.96,60.97,243,0
